"CAF07_1"	"CAF07_2"	"CAF07_3"	"CAF07_4"	"CAF07_5"	"CAF07_6"	"CAF07_7"	"CAF07_8"	"CAF09_1"	"CAF09_2"	"CAF09_3"	"CAF09_4"	"CAF09_5"	"CAF09_6"	"CAF09_7"	"CAF09_8"
"ANKIB1"	0.626488418167002	-1.6267214195808	-0.811811360609026	0.770304696745219	1.0985829184737	0.80696901572033	0.683389919221888	-2.76125139060289	0.494817995541858	0.242631358764282	0.17571478573737	0.0768239735514043	0.334631484225912	0.276497583110929	0.0852453514259135	-0.472313329893096
"KRIT1"	0.318486423923548	-1.08818975193467	-0.528185463859499	0.541544288786981	1.77865435186084	1.74169953643567	0.787768891400916	-2.35431391012988	-0.422769928057221	-0.329484004674072	-0.159427532259448	-0.368070998450221	0.273113657064934	0.327027517241622	-0.353386787959472	-0.164466289390031
"VPS50"	0.735784062790421	-1.32018410143924	-1.24381436647344	0.47243270688011	-0.0155275028593211	-0.591189820428984	0.740081788405291	-2.72393878935649	0.783173057985585	0.626641976462444	1.04357932872618	0.313618010000107	0.163061760534613	0.356367073891401	0.151948792272464	0.507966022608851
"LMTK2"	1.08980306343111	-1.73766874286752	-1.1556936336688	0.763293012612689	-0.504539089979401	0.332631393546449	1.39424179386704	-2.18254605246763	0.379569273225268	0.679526890974851	-0.00174538415854239	0.483231460071651	-0.0526790335737122	0.377529818492017	0.70321281735906	-0.56816758686453
"RBM48"	0.118563351717339	-1.25604177135393	-1.77823100217211	-0.0628978777313788	-0.995416193215793	-0.767685952469445	0.943732375003272	-1.33154650621142	0.89913436327287	1.67927493161661	0.504905438004901	1.20823131495337	0.384553790318754	0.38283383308666	0.458558468186649	-0.387968563006346
"PEX1"	0.594801158462779	-1.66368174656958	-1.51425566981222	1.24482408043253	0.57909428617768	0.131812332295948	1.0435435494191	-2.36536685646786	0.266178299810715	0.269208341718544	0.496335877390389	0.65832877731642	0.0156467385500217	0.275571059404037	0.206894215570748	-0.238934443699253
"TNKS"	0.487090779233005	-1.82921342992142	-1.66841159416231	0.296893101578887	0.408395178552665	0.202995607822813	0.545950605372745	-2.02543383873487	1.03526852610648	0.801229843152038	0.993317180646189	0.30648274258008	0.212329905105825	0.712523942545358	0.247365460684568	-0.726784010562054
"FAM208B"	0	0	0	0	0	0	0	0	0	0	0	0	0	0	0	0
"RSF1"	0.592364342432751	-2.07088797568544	-1.33659576190086	0.339058987242236	0.814476254595817	0.596111814611958	0.39440991136906	-2.29889548104452	0.715290783966542	0.458046130771189	0.644616936532648	0.360450418543607	0.39040762986903	0.593441013924109	0.227809340978682	-0.420104346206811
"GATAD1"	0.272346744382726	-1.6827586002004	-0.452598412430431	0.946382364897977	1.67520382518554	1.55195802255792	0.994578336226024	-2.11325601404719	-0.362259043211346	-0.261072358090732	-0.241415178783029	-0.0704179080058689	0.0949819025617064	-0.0390084214887685	-0.185434789206067	-0.127230470348067
"FAM133B"	0.39431554823908	-1.51435312132627	-1.54100558658913	0.768806528381637	-0.0860383642126811	-0.742689330965882	0.248173768829781	-2.17139689258564	0.976538901149289	1.22983921556112	0.881261847771938	0.476885318630145	0.0198404190784469	0.719706693922246	0.489085882910076	-0.148970828794158
"VANGL1"	0.419911583466573	-0.729410695868959	-0.83580329485091	0.114641882802333	-1.70459455971115	-1.89824045719731	-0.0282988680530011	-1.37957247823352	1.17261705450186	1.05149177550737	0.717942637317313	0.866131336942046	0.782992828041054	0.411594047798209	0.74158620171086	0.297011005827234
"ETNK1"	0.364523496115622	-2.07048936169312	-0.9332594506313	0.544742037936565	0.550346926175227	0.620028108734444	0.80265324749892	-2.54532640341312	0.594480991119619	0.562247738827555	0.370419906983151	0.419854724209682	0.353978351644993	0.30125643731432	0.480080684283715	-0.415537435106265
"KAT6A"	1.10460662486295	-1.16892406642057	-1.32910404232971	0.354741976463783	-0.554834684378153	-0.623436789741407	0.409687451553879	-2.2683061456872	1.40910352133447	1.12133815307189	0.335018505205656	0.449925255528954	0.420285601089178	0.503116343445604	0.423763088750262	-0.586980792749594
"C11orf30"	0	0	0	0	0	0	0	0	0	0	0	0	0	0	0	0
"C2CD5"	0.4127126707109	-1.95047321297733	-0.71342096293729	0.903822515001419	-0.253041653614843	-0.825164554022294	1.20178765395118	-2.37417008373199	0.545389244110706	0.585241758275003	0.613128899638196	0.59964961733176	0.420510908955601	0.346180237204154	0.44692908663673	0.0409178754680942
"NAF1"	1.05329252461034	-0.240211941078901	-0.824239553727483	-0.97544740268218	-0.504492251117342	-1.57554636666319	-0.210414688120503	-2.12470952494475	1.5258472095765	0.77618001806129	0.716350941518029	0.462643335189288	0.840366706736596	0.363989414794143	0.635057952848433	0.0813336249997346
"PPM1D"	-0.264602971719461	-0.999057840300633	-0.723626782030589	0.253328626002914	-1.42423768723829	-1.49534224527771	0.303108677746274	-1.66795244065009	0.969773512278065	1.05908332797554	1.04316398588873	0.947703956080367	-0.149293607433928	0.086105864612177	1.06139748339125	1.00044814067538
"PKP4"	0.190629119494898	-1.9437840161352	-0.956430339695095	0.530450623310922	-1.21500729452029	-1.17145639255147	0.354114671148977	-0.851501023700871	1.14146726388744	0.778159075325133	0.993335809380357	1.03225875633435	-0.612222744479503	-0.212931413795843	0.866939390090725	1.07597851590545
"BEND3"	1.3393748894316	-0.562667238661627	0.0391881688740303	0.7324690402769	-1.07583444409581	-1.66574251925669	1.07044087869963	-1.47587431987868	0.0587158146438109	0.432413901918263	1.69016576092696	0.858458653005664	-0.010807653744822	-0.689674177888472	0.159401236014924	-0.900027990265688
"RPS6KB1"	0.620079766120865	-1.05847592012593	-1.72158614084384	1.00447612160793	-0.249611770627313	-0.326546654849584	0.919785387546186	-2.46581793773148	0.711754245875036	0.714613819575508	0.585612449925051	0.494961138687856	0.370727432214218	0.404649769885672	0.507939203989951	-0.512560911250122
"CDK6"	0.0835252874846922	-1.28612697482102	-1.32472467933773	-0.0968836827896556	-0.648668236364713	-0.6149123572599	-0.0906136611890688	-2.30506261347033	1.14812458621896	1.13561985053796	0.771810782417344	0.78057903939546	0.794591214667191	0.67446318498106	0.684841502627253	0.2934367569025
"DDX52"	0.898248588240338	-1.12160257926889	-1.22108757919724	0.0616860664999656	-1.39268144028327	-1.52767396061781	0.275668486588213	-1.42899066868809	1.29082838818223	1.0524319216957	0.892451416346005	1.06611010934051	0.227605098865187	0.359141450358184	0.282019798909548	0.285844903029402
"ZNF473"	-0.889368174678988	1.16973985032412	-0.959765310954227	-0.0991846952173291	0.73287339789824	-0.470189624076458	-1.75428858778817	-0.391728666283028	0.68449634781293	2.19880665687343	-0.307883055649332	-0.4905169017918	0.563251470035771	0.798304561958676	-1.1062764380218	0.321729169557963
"AARS2"	-0.0199833513651661	2.2168366796985	0.24042708791912	-1.13101423808792	1.20900994108903	1.36502026334608	-1.5443856087061	0.21625268966055	0.0687071774972446	0.471198760599485	-0.436805647128489	-1.40756563430874	-0.39687897455828	-0.130538909649271	-0.0785236717170602	-0.641756564288979
"MTMR9"	0.158550984034	-1.49324625550582	-1.38118633913632	0.126377984379599	-1.08236760451719	-0.797329839174034	0.229562787409933	-1.99334013643228	0.837459336477086	0.832038030768684	0.939850428922511	0.866143410085368	0.554062070520234	0.584257195210552	0.838988922517965	0.780179024439704
"ERI1"	0.951509066674574	-1.12555559641142	-1.40920239136511	0.623427123448256	0.0707832925807445	-0.0625420779319415	-0.769319613490492	-2.30279864980705	1.44148150029416	1.22598854925669	0.723059320106527	0.572982250605785	0.176050682830546	0.0677962081270063	0.0885730202711748	-0.272232685189448
"EHHADH"	-0.310913340441619	-1.51282848720967	-1.52153901473585	0.301998910241712	-0.444325372555535	0.13864181660636	-0.109577166449123	-2.28566201074342	0.216640915235523	0.419252873853709	1.01892330142355	1.07625463514001	0.598599245566682	0.652944636742763	0.882064170369088	0.87952488695582
"CTH"	0.0938162244500614	0.318341355885197	-1.99097172925134	-0.667307020774047	0.730267244894665	-0.187432088949066	0.586588203247868	-1.83326443229463	1.55207723520197	-0.818552849035485	0.540610213389571	-0.446441683346135	-0.372154601783767	1.26780359233665	0.350100020247739	0.876520315780741
"BAIAP2L1"	-1.67931725072416	-0.674303966197892	-0.0872035107787925	-1.21832669983617	1.64987723391561	1.86912679196094	-1.40722503674653	0.842200564957304	-0.427361777622806	-0.437121475118189	0.194620057958634	-0.113480657526991	0.837989557480099	0.415155557883352	0.142393485049424	0.0929771253461725
"PABPC1"	0.413098219725846	-1.02176519108499	0.81504642243178	1.11835915322762	-1.01426740170695	-0.463646861876875	0.660827262919272	-2.66784683005339	0.376528804424292	0.279035915703986	0.484142005498351	0.480723838996047	-0.59142578294971	-0.54063084593432	0.418880383785072	1.252940906894
"RP11.96O20.4"	0	0	0	0	0	0	0	0	0	0	0	0	0	0	0	0
"SLC22A6"	2.57701817026455	-0.365956800736212	-0.365956800736212	-0.365956800736212	-0.365956800736212	-0.365956800736212	-0.365956800736212	-0.365956800736212	-0.365956800736212	2.54637704004242	-0.365956800736212	-0.365956800736212	-0.365956800736212	-0.365956800736212	-0.365956800736212	-0.365956800736212
"OR5AP2"	0	0	0	0	0	0	0	0	0	0	0	0	0	0	0	0
"KRTAP6.2"	0	0	0	0	0	0	0	0	0	0	0	0	0	0	0	0
"OR4D11"	0	0	0	0	0	0	0	0	0	0	0	0	0	0	0	0
"AC112719.2"	0	0	0	0	0	0	0	0	0	0	0	0	0	0	0	0
"PRG3"	0	0	0	0	0	0	0	0	0	0	0	0	0	0	0	0
"OR7G1"	0	0	0	0	0	0	0	0	0	0	0	0	0	0	0	0
"OR10K2"	0	0	0	0	0	0	0	0	0	0	0	0	0	0	0	0
"KRTAP27.1"	0	0	0	0	0	0	0	0	0	0	0	0	0	0	0	0
"SLC22A8"	0	0	0	0	0	0	0	0	0	0	0	0	0	0	0	0
"OR4D1"	-0.25	-0.25	-0.25	-0.25	-0.25	-0.25	-0.25	3.75	-0.25	-0.25	-0.25	-0.25	-0.25	-0.25	-0.25	-0.25
"OR2M7"	0	0	0	0	0	0	0	0	0	0	0	0	0	0	0	0
"TRIM60"	0	0	0	0	0	0	0	0	0	0	0	0	0	0	0	0
"OR8J1"	0	0	0	0	0	0	0	0	0	0	0	0	0	0	0	0
"OR5J2"	0	0	0	0	0	0	0	0	0	0	0	0	0	0	0	0
"RP11.506B6.7"	0	0	0	0	0	0	0	0	0	0	0	0	0	0	0	0
"OR10V1"	0	0	0	0	0	0	0	0	0	0	0	0	0	0	0	0
"OTUD6A"	0	0	0	0	0	0	0	0	0	0	0	0	0	0	0	0
"ASB18"	0	0	0	0	0	0	0	0	0	0	0	0	0	0	0	0
"FAM71D"	0	0	0	0	0	0	0	0	0	0	0	0	0	0	0	0
"OR11G2"	0	0	0	0	0	0	0	0	0	0	0	0	0	0	0	0
"OR4C3"	0	0	0	0	0	0	0	0	0	0	0	0	0	0	0	0
"TAS2R41"	0	0	0	0	0	0	0	0	0	0	0	0	0	0	0	0
"RP5.972B16.2"	0	0	0	0	0	0	0	0	0	0	0	0	0	0	0	0
"EPPIN"	0	0	0	0	0	0	0	0	0	0	0	0	0	0	0	0
"OR11A1"	0	0	0	0	0	0	0	0	0	0	0	0	0	0	0	0
"PRNT"	0	0	0	0	0	0	0	0	0	0	0	0	0	0	0	0
"RHOJ"	0.232717922156295	-0.341165872319433	0.746505781384996	1.19150526690919	-2.0765320782113	-2.56268559361826	0.884391814792425	0.41601595282888	-0.360508925904644	0.172441339319379	0.38551326454029	0.785642129081462	0.0662272721914646	0.186441088294874	0.0477795226560831	0.225711115898302
"CLEC1A"	0.775574425142294	1.53284473461467	1.46435426819302	-0.167703190703264	1.43701439868578	0.559919927656566	-0.176904322067151	-0.658668625174829	0.0976921645940071	-0.235278659128723	-1.10383186910665	-0.34286674630827	-0.367664632574077	-0.440425124092061	-2.30161951928039	-0.0724372304509203
"KLF2"	0.472434706521026	1.07716293668452	1.41282461924608	0.796874885768485	-2.01464901015868	-1.52416728744265	0.637372345946873	1.00745803090553	-0.523332738371156	-0.873619187695895	0.16260151542579	0.264147106337944	-0.965952403650908	-0.757934403178883	0.0996956934630543	0.729083190198866
"OTC"	0	0	0	0	0	0	0	0	0	0	0	0	0	0	0	0
"GIMAP1"	-0.62835308272852	-0.62835308272852	1.85226255588577	-0.62835308272852	2.23358096927843	0.291016570954265	-0.62835308272852	1.35667417505759	-0.62835308272852	-0.62835308272852	-0.62835308272852	-0.252002644284403	-0.62835308272852	0.801999200393541	-0.62835308272852	-0.62835308272852
"SOX18"	-0.830867084192864	0.143518067433389	-0.830867084192864	-0.830867084192864	-0.830867084192864	-0.830867084192864	0.051301049460489	1.19343032909181	-0.0931873278087952	-0.0205899171850079	-0.830867084192864	1.07187433484041	0.825602078800407	-0.830867084192864	0.0211406270964987	2.62298034762085
"FGL2"	-0.036340752328756	-1.23323272911944	-0.255385226737926	0.587556486262821	2.28655460218979	2.24481962527276	0.619523096713759	-0.835173625369601	-0.549953673586388	-0.674155538707973	-0.334087562237031	-0.102812626544876	-0.322114771045216	-0.318553207705895	-0.373146082244934	-0.703498014811084
"PLPPR4"	-0.247098078193155	-1.81786347086968	-0.762320968351994	0.248364998693336	-0.744127986299035	-1.4930819986201	0.612961501607924	-1.67238498642059	0.835093537556117	0.785977467737232	1.04012249094614	0.805040994754562	0.229257367865538	0.324810264071172	0.691234469705955	1.16401439581657
"MSRA"	-0.407346986241672	1.32652466245598	0.822106072695593	-0.571114306240527	-2.39728518723847	-1.88153851096771	-0.313571743878528	0.886494069191745	0.0798395977715856	0.227391531211706	0.597892639465409	0.509569677682908	-0.0235823997569077	-0.293078833156645	0.488796938590826	0.94890277841471
"LRRTM2"	1.3276619334839	0.385361744887738	-0.669075449049633	0.0187631948289357	-1.4740997181964	-0.294659737753475	0.369494625876757	2.26172872877821	0.838292068450258	0.519865675793564	-0.373496795136208	-0.816589900517453	-0.336189676618619	-1.12228692105667	0.624880479504534	-1.25965025327544
"TPK1"	1.6483112527641	0.0588740732008157	0.423444262595881	0.496440557003173	0.0864897324947417	-0.649643170304444	0.731557146546597	0.337007785306144	-1.16799045857551	0.139348735003892	-0.37638977736029	1.67825254304383	-1.69300025830584	-1.6723981673087	-0.640547322104402	0.600243066000016
"CLDN18"	-1.51319863054472	-0.645570850225724	-0.634244048760346	0.483676496621891	0.349720554207246	-1.0287842260742	-0.662608134900966	-1.91998095829538	0.591136682572936	0.872440655085873	0.0653007059046074	0.666187607810943	-0.322568152658639	1.47030263515515	0.965330223027002	1.26285944107431
"CXCR6"	-0.435835731992962	-1.46605840656247	-1.13425830005294	-0.13998472127259	-0.524902893927531	-0.280634590449897	0.168912699765282	-1.13519836554877	0.235947281923634	1.41731152068443	0.23720129695472	1.91547053235343	-0.159808982720722	-0.876910040671266	0.487137381424561	1.69161132009309
"CD2"	0	0	0	0	0	0	0	0	0	0	0	0	0	0	0	0
"IL2RB"	0.670089841476504	0.484324768549272	2.21714690127306	-0.851773135238482	-0.178274122364659	-1.11207062070504	-1.11207062070504	-0.546893463732209	1.2825825306141	0.651750337724382	-0.644326259281135	-0.687326931836009	1.15878917814195	-0.50353600678618	0.283658223574536	-1.11207062070504
"KLRC4"	0	0	0	0	0	0	0	0	0	0	0	0	0	0	0	0
"UBD"	0	0	0	0	0	0	0	0	0	0	0	0	0	0	0	0
"TNFSF13B"	0.562147016017808	-0.876577161536376	0.733085980790267	1.43627915935441	-0.259213647889165	0.761820816311959	2.17639391544328	0.489035479532513	-1.41127711716894	-1.41476741232977	-0.60866087843204	-0.954364412279447	-0.21284791060175	0.305770178557175	-0.278571402428845	-0.448252603341076
"GPR25"	0	0	0	0	0	0	0	0	0	0	0	0	0	0	0	0
"CD7"	-0.218441050789284	1.07737713489334	1.10988837782124	-0.0656849674342223	0.763660263850859	0.899088263397043	0.375689502620134	2.12598091580045	-1.71806164482465	-0.681374197448035	-1.18892777133954	-0.439283215468561	-0.648159944173449	-0.885725896934726	-0.524787433821805	0.01876166385122
"IL21"	-0.25	-0.25	-0.25	-0.25	-0.25	-0.25	3.75	-0.25	-0.25	-0.25	-0.25	-0.25	-0.25	-0.25	-0.25	-0.25
"CTLA4"	0	0	0	0	0	0	0	0	0	0	0	0	0	0	0	0
"FPR3"	-0.25	-0.25	3.75	-0.25	-0.25	-0.25	-0.25	-0.25	-0.25	-0.25	-0.25	-0.25	-0.25	-0.25	-0.25	-0.25
"CD226"	0.455417883748128	-0.72949020486379	-1.53856600853178	0.752436327412158	-1.18266380487844	-0.369218142784438	0.606181834649856	-1.53856600853178	1.68222163703154	0.115450466035476	0.196138393219137	1.6840257612465	0.663771957086943	-0.924346867875171	0.199107458351012	-0.0719006813153482
"NCR1"	0	0	0	0	0	0	0	0	0	0	0	0	0	0	0	0
"IL12RB1"	-1.26078782404665	0.0960182816731471	0.668962083320572	-0.10745721320223	-1.6851136395138	-1.35707177954074	-0.782959157231959	1.27715833918431	-0.443062729870306	-0.194191342436389	0.279313965460421	0.820636647735368	-0.551747778103297	0.941534768173746	1.92339023093093	0.375377147466869
"GFI1"	-0.251314006428323	0.603558582455112	-1.00406589253956	1.77242641943784	0.918076563367687	-0.713761317717691	-0.460427068783698	-0.658517970989742	1.33659406342283	1.07215847301835	-1.35374578642209	-0.055904181849748	-1.35374578642209	1.10353804607045	-0.206434141701812	-0.748435994917505
"CD86"	-0.313912015029357	3.60511910225988	-0.313912015029357	0.78964910815112	-0.313912015029357	-0.313912015029357	-0.313912015029357	-0.313912015029357	-0.313912015029357	-0.313912015029357	-0.313912015029357	-0.313912015029357	-0.313912015029357	-0.313912015029357	-0.313912015029357	-0.313912015029357
"IL2RA"	-0.311982302885282	-0.311982302885282	-0.311982302885282	0.752319488261581	-0.311982302885282	-0.311982302885282	3.61543275213236	-0.311982302885282	-0.311982302885282	-0.311982302885282	-0.311982302885282	-0.311982302885282	-0.311982302885282	-0.311982302885282	-0.311982302885282	-0.311982302885282
"CD80"	-0.521689376438717	-0.521689376438717	1.45625061010924	-0.521689376438717	1.1137261005244	-0.521689376438717	-0.521689376438717	-0.521689376438717	-0.521689376438717	-0.521689376438717	2.72942418861322	0.960871618017747	-0.521689376438717	-0.521689376438717	-0.521689376438717	-0.521689376438717
"JAK2"	0.228548664982915	-1.57166283575942	-2.07319428801479	0.567069838549351	-0.538619439974048	-0.215974602211352	0.399245193744318	-1.80120228702806	1.02759152357425	1.0475574284916	0.552024316497782	0.887523434518919	0.435807094966262	0.674836038527001	0.467717460185943	-0.0872675410506503
"LYZ"	2.34424946532458	-0.364885532613105	-0.364885532613105	-0.364885532613105	-0.364885532613105	2.76414799125889	-0.364885532613105	-0.364885532613105	-0.364885532613105	-0.364885532613105	-0.364885532613105	-0.364885532613105	-0.364885532613105	-0.364885532613105	-0.364885532613105	-0.364885532613105
"XXbac.BPG181M17.5"	0	0	0	0	0	0	0	0	0	0	0	0	0	0	0	0
"CCR7"	-0.00271295541898137	-1.0907419200997	-1.21182309824869	0.509900153398106	1.93989471020836	1.58561333413871	0.583287462227921	-0.821628749945896	0.0340867071774187	0.318332525771945	0.198487478170845	-0.296131959641178	0.453303854766657	0.195896388349604	-0.347643465266328	-2.0481204655888
"CCL19"	0	0	0	0	0	0	0	0	0	0	0	0	0	0	0	0
"LY9"	-0.25	-0.25	3.75	-0.25	-0.25	-0.25	-0.25	-0.25	-0.25	-0.25	-0.25	-0.25	-0.25	-0.25	-0.25	-0.25
"ZNF831"	-0.365823061463777	2.48516175252829	-0.365823061463777	-0.365823061463777	-0.365823061463777	-0.365823061463777	-0.365823061463777	2.6363611079646	-0.365823061463777	-0.365823061463777	-0.365823061463777	-0.365823061463777	-0.365823061463777	-0.365823061463777	-0.365823061463777	-0.365823061463777
"CD40LG"	0	0	0	0	0	0	0	0	0	0	0	0	0	0	0	0
"CCR4"	-0.365830232826418	-0.365830232826418	-0.365830232826418	-0.365830232826418	-0.365830232826418	-0.365830232826418	2.63444234354936	-0.365830232826418	-0.365830232826418	-0.365830232826418	-0.365830232826418	-0.365830232826418	2.48718091602049	-0.365830232826418	-0.365830232826418	-0.365830232826418
"TRAT1"	0	0	0	0	0	0	0	0	0	0	0	0	0	0	0	0
"P2RY10"	0	0	0	0	0	0	0	0	0	0	0	0	0	0	0	0
"LTA"	-0.0962161920440064	0.633138569275605	3.28419386042078	-0.628170577469546	0.474330764855835	-0.013491768749824	-0.628170577469546	-0.628170577469546	-0.149193010048936	0.420198389776392	0.472404006270524	-0.628170577469546	-0.628170577469546	-0.628170577469546	-0.628170577469546	-0.628170577469546
"TRAF3IP3"	-0.510761158097947	-0.510761158097947	-0.510761158097947	0.642359018060701	1.52361783522819	-0.510761158097947	-0.510761158097947	-0.510761158097947	-0.510761158097947	-0.510761158097947	-0.510761158097947	3.0396437688911	-0.510761158097947	0.39571784001498	0.0170342768824414	-0.510761158097947
"CD5"	-0.362991791121062	-0.362991791121062	2.88918058345488	-0.362991791121062	-0.362991791121062	-0.362991791121062	-0.362991791121062	-0.362991791121062	-0.362991791121062	2.19270449223999	-0.362991791121062	-0.362991791121062	-0.362991791121062	-0.362991791121062	-0.362991791121062	-0.362991791121062
"TESPA1"	0	0	0	0	0	0	0	0	0	0	0	0	0	0	0	0
"GPR174"	-0.25	3.75	-0.25	-0.25	-0.25	-0.25	-0.25	-0.25	-0.25	-0.25	-0.25	-0.25	-0.25	-0.25	-0.25	-0.25
"CD28"	-0.466321918081446	-0.466321918081446	-0.466321918081446	-0.466321918081446	-0.466321918081446	-0.466321918081446	0.551721587080079	3.06659526918248	-0.466321918081446	-0.466321918081446	-0.466321918081446	-0.466321918081446	-0.466321918081446	0.385955213543266	-0.466321918081446	1.59159094717152
"LTB"	-0.654023287052676	-0.533261831987937	1.07338805042137	-1.2835515817586	0.989059355084638	0.881205467609518	0.403508136396003	-1.2835515817586	-0.153594724875803	-0.660566239577527	1.30447818261995	-1.2835515817586	-1.2835515817586	0.410389392264037	1.30897430457264	0.76464952156018
"SCML4"	-0.429964243860613	-0.429964243860613	3.06661943900454	1.1907717282983	-0.429964243860613	-0.429964243860613	-0.429964243860613	1.33214400288513	-0.429964243860613	-0.429964243860613	-0.429964243860613	-0.429964243860613	-0.429964243860613	-0.429964243860613	-0.429964243860613	-0.429964243860613
"SH2D1A"	-0.25	-0.25	3.75	-0.25	-0.25	-0.25	-0.25	-0.25	-0.25	-0.25	-0.25	-0.25	-0.25	-0.25	-0.25	-0.25
"PYHIN1"	0	0	0	0	0	0	0	0	0	0	0	0	0	0	0	0
"IKZF1"	-0.365141733359966	2.37267597139201	-0.365141733359966	-0.365141733359966	-0.365141733359966	-0.365141733359966	-0.365141733359966	-0.365141733359966	-0.365141733359966	-0.365141733359966	-0.365141733359966	-0.365141733359966	-0.365141733359966	2.73930829564752	-0.365141733359966	-0.365141733359966
"UBASH3A"	-0.25	3.75	-0.25	-0.25	-0.25	-0.25	-0.25	-0.25	-0.25	-0.25	-0.25	-0.25	-0.25	-0.25	-0.25	-0.25
"CD247"	0.529796896439378	1.93477312832708	-0.485974365942864	-0.485974365942864	0.571545297027222	-0.485974365942864	2.79557706952069	-0.485974365942864	-0.485974365942864	-0.485974365942864	-0.485974365942864	-0.485974365942864	-0.485974365942864	-0.485974365942864	-0.485974365942864	-0.485974365942864
"PPP1R16B"	-0.25	-0.25	-0.25	-0.25	-0.25	-0.25	-0.25	3.75	-0.25	-0.25	-0.25	-0.25	-0.25	-0.25	-0.25	-0.25
"KLRB1"	0	0	0	0	0	0	0	0	0	0	0	0	0	0	0	0
"TIGIT"	-0.25	-0.25	-0.25	-0.25	-0.25	-0.25	-0.25	-0.25	-0.25	3.75	-0.25	-0.25	-0.25	-0.25	-0.25	-0.25
"CD3G"	0	0	0	0	0	0	0	0	0	0	0	0	0	0	0	0
"SIRPG"	0	0	0	0	0	0	0	0	0	0	0	0	0	0	0	0
"RGL4"	1.02530852251692	-0.44390748658466	-1.59880871994644	-0.0229311302904249	1.01565595215294	0.0580449968367592	-0.837907891296255	-1.0560171391376	1.47326004576704	0.865035263559988	0.739599149278929	-0.611070310896879	-0.125657962245204	1.53927112679852	-0.811822974289554	-1.20805144222407
"ARRDC5"	2.07302222008405	-0.462195706278829	-0.462195706278829	-0.462195706278829	-0.462195706278829	-0.462195706278829	2.26883322992286	1.66668873161787	-0.462195706278829	-0.462195706278829	-0.462195706278829	-0.462195706278829	-0.462195706278829	-0.462195706278829	-0.462195706278829	-0.462195706278829
"CD69"	0.397013118152344	-0.685067852956815	-0.685067852956815	-0.552319617303886	2.13122224010003	2.56946960753177	-0.561040551759578	-0.540719757838838	-0.328073518715957	-0.685067852956815	-0.685067852956815	-0.363590276437209	0.420467110110568	0.389546613885945	-0.447303588669626	-0.374399967228298
"THEMIS"	0	0	0	0	0	0	0	0	0	0	0	0	0	0	0	0
"GPR171"	-0.25	-0.25	-0.25	-0.25	-0.25	-0.25	-0.25	-0.25	-0.25	-0.25	3.75	-0.25	-0.25	-0.25	-0.25	-0.25
"ICOS"	-0.25	-0.25	-0.25	-0.25	-0.25	-0.25	-0.25	-0.25	-0.25	-0.25	-0.25	-0.25	-0.25	3.75	-0.25	-0.25
"TAGAP"	-0.403645375248536	1.59360325191342	-0.403645375248536	-0.403645375248536	0.47277631974783	-0.403645375248536	3.18101030656972	-0.403645375248536	-0.403645375248536	-0.403645375248536	-0.403645375248536	-0.403645375248536	-0.403645375248536	-0.403645375248536	-0.403645375248536	-0.403645375248536
"IL7R"	0.238449703009063	-0.740468511713164	-1.2870190784333	-1.02012432082399	-0.576860453604854	-0.580898377477587	-0.896378812859556	-1.64880679215623	1.40471587952739	1.41971712786848	0.413042809693654	0.39812534314145	1.22962776087248	1.26210191968328	0.258202755566546	0.126573047706344
"CLEC4C"	0	0	0	0	0	0	0	0	0	0	0	0	0	0	0	0
"IL2"	0.780377898330109	-0.609334353463675	-0.609334353463675	-0.609334353463675	2.27404482214379	0.996746181296136	-0.609334353463675	-0.609334353463675	1.88557843112879	0.765930555201597	-0.609334353463675	-0.609334353463675	-0.609334353463675	-0.609334353463675	-0.609334353463675	-0.609334353463675
"CCR2"	-0.25	-0.25	-0.25	-0.25	-0.25	-0.25	3.75	-0.25	-0.25	-0.25	-0.25	-0.25	-0.25	-0.25	-0.25	-0.25
"CSF2RB"	-0.27253647239076	3.74353519872784	-0.27253647239076	-0.27253647239076	-0.27253647239076	-0.27253647239076	-0.27253647239076	-0.27253647239076	-0.11128445497964	-0.27253647239076	-0.27253647239076	-0.27253647239076	-0.0892766026683166	-0.27253647239076	-0.27253647239076	-0.27253647239076
"GPR31"	0	0	0	0	0	0	0	0	0	0	0	0	0	0	0	0
"FOXP3"	1.16097076571836	-0.441999910222463	0.341630696701217	-0.721246215236159	-1.28649419463826	-1.23294658189408	-1.02306920625053	2.71755015180171	0.774962539531626	-0.447245331994273	0.0175978770304264	0.0507495649111743	0.368255491862674	-0.19217017340948	-0.38469200923464	0.298146535322682
"CST7"	-0.390284659351006	2.53818661538412	-0.738883731433295	0.0644505555524415	0.704842411570056	-0.738883731433295	-0.738883731433295	1.8598885078268	-0.425082170950686	0.633840399593235	-0.0156620845557847	-0.738883731433295	-0.738883731433295	0.202006544963893	-0.738883731433295	-0.738883731433295
"LGALS2"	0.0784195207965514	1.41254055891431	0.54250638393682	-0.292601495453536	-0.501961640064467	1.52734577055587	-0.571099896555581	2.37809065852351	-1.26028881611156	-0.14519795761239	0.097502580345835	-0.424336418955004	-0.469647429156598	-0.585596295853237	-0.674158647139659	-1.11151687617086
"PTPN7"	-0.553417344077092	1.7470057064267	-0.553417344077092	0.561949154558374	-0.553417344077092	2.78788637183374	0.488194046748111	-0.553417344077092	-0.553417344077092	-0.553417344077092	-0.553417344077092	-0.553417344077092	-0.553417344077092	-0.553417344077092	-0.553417344077092	0.502555505281083
"CLEC9A"	-0.25	-0.25	-0.25	-0.25	-0.25	3.75	-0.25	-0.25	-0.25	-0.25	-0.25	-0.25	-0.25	-0.25	-0.25	-0.25
"CLNK"	-0.364866688838405	-0.364866688838405	-0.364866688838405	-0.364866688838405	2.76584209205287	-0.364866688838405	-0.364866688838405	-0.364866688838405	2.3422915516848	-0.364866688838405	-0.364866688838405	-0.364866688838405	-0.364866688838405	-0.364866688838405	-0.364866688838405	-0.364866688838405
"VNN2"	-0.698170170630502	-0.371243710781058	1.69605082880585	-0.250134257062996	-0.811321551399915	-0.566289527661735	-0.631771421260453	-1.58784439867353	-0.282468810982311	-0.991739807873801	0.177033605009817	0.970137060358916	2.17652068003358	0.0808438707957312	0.829948468734198	0.260449142588212
"APBB1IP"	0.431573036771609	0.759438802593894	1.40913343736117	1.31533384340482	0.673943040927623	0.576348877680673	0.996879641755243	1.29907107822079	-0.942722170619566	-1.07852695237182	-0.938917809207168	-1.09822863173452	-0.863980460102264	-0.842009316357967	-0.75387982172718	-0.943456596595331
"HSF5"	-0.516369948272096	-0.516369948272096	-0.516369948272096	-0.516369948272096	-0.516369948272096	-0.516369948272096	-0.516369948272096	-0.516369948272096	2.0788548482428	-0.516369948272096	2.47569216540695	0.850530555410686	-0.516369948272096	0.791361810204714	-0.516369948272096	-0.516369948272096
"CTD.2370N5.3"	0	0	0	0	0	0	0	0	0	0	0	0	0	0	0	0
"SELPLG"	-0.920487029264031	0.18702979949316	0.590735762329877	-0.364109009074254	-1.79267426671603	-1.98194960478209	-0.375261375330008	1.73243225819516	-0.0213368380597137	-0.0901991802592054	0.683176376005914	0.821055802618182	-0.266764051496094	-0.20743426632603	0.806681548153267	1.19910407451191
"CCR9"	-0.403511901508693	-0.403511901508693	-0.403511901508693	-0.403511901508693	3.2643219557286	0.626881900306312	-0.403511901508693	-0.403511901508693	-0.403511901508693	1.3544508635781	-0.403511901508693	-0.403511901508693	-0.403511901508693	-0.403511901508693	-0.403511901508693	-0.403511901508693
"GPR155"	-0.342601985096025	-0.671702204528738	-1.60398649024503	-0.872410731482248	2.3559520076942	2.00691334209593	-0.440862223082525	-0.456575301081417	-0.525482438080454	-0.655385111231963	0.249562230371163	0.172043817718762	0.108770679387619	0.360570039376039	-0.0948686301769967	0.410062998361677
"SMLR1"	0.0936536825544323	2.24517997055631	1.08603828355024	-1.07561012310748	-0.459352503536506	-1.07561012310748	-0.754336452252828	0.384268573680159	0.235656779451094	0.0817665189873818	-0.159030151268127	-0.794299365740419	-0.469813292073357	-1.07561012310748	1.84949589998735	-0.112397574573302
"CREB3L3"	-0.358851785383589	-0.358851785383589	-0.358851785383589	-0.358851785383589	3.04919818443032	-0.358851785383589	-0.358851785383589	1.97472681093993	-0.358851785383589	-0.358851785383589	-0.358851785383589	-0.358851785383589	-0.358851785383589	-0.358851785383589	-0.358851785383589	-0.358851785383589
"ABCG5"	-0.434686915978701	-0.434686915978701	-0.434686915978701	-0.434686915978701	-0.434686915978701	-0.434686915978701	1.21298284985678	3.32085377219214	-0.434686915978701	0.328338040208111	-0.434686915978701	-0.434686915978701	0.354068329487376	-0.434686915978701	-0.434686915978701	-0.434686915978701
"ABCG8"	1.44076257501114	-0.555953308598462	1.9589010384917	1.7491169220038	-0.555953308598462	-0.555953308598462	-0.555953308598462	-0.555953308598462	-0.555953308598462	-0.555953308598462	-0.555953308598462	-0.555953308598462	-0.555953308598462	-0.555953308598462	1.5226591676749	-0.555953308598462
"SOAT2"	0.283085771403552	2.23720175530472	1.45898537427874	-0.713941495480862	-0.912786208504837	-0.894597871346561	0.83360265278458	0.78245647879264	-0.79343701222035	0.549609104794504	-0.430189720886708	-0.345491511377979	-1.0784863918108	-0.934735147971526	-0.749359321615996	0.708083543856888
"ALDOB"	-0.68445984926062	-0.68445984926062	1.35209782119663	-0.68445984926062	-0.68445984926062	-0.68445984926062	-0.68445984926062	-0.68445984926062	0.78074524981855	-0.68445984926062	2.61912326015553	0.0904006849170307	0.977052364557364	-0.31195028082053	-0.68445984926062	0.652669543521003
"APOB"	-0.975272850996281	-0.237308175850472	-0.975272850996281	-0.975272850996281	-0.975272850996281	-0.975272850996281	-0.975272850996281	-0.975272850996281	0.382117453283808	1.14568381811385	1.78517893753997	1.22351205594973	1.02817059427863	0.972740431203325	0.285862783688675	0.240952058766458
"SERPINA10"	0.747978803932937	-1.274937304275	-0.0601178925575524	1.84875797003476	0.478284761265131	0.889565045010633	1.71187414168999	-1.01863556253076	-0.932393781515842	-0.579578283443837	-0.41739848564486	0.387982706315212	-0.0252616526229599	0.0126089125317507	-0.0749487117418021	-1.6937806664478
"SLC7A9"	-0.0772635738987644	0.093493572100178	-0.975425412757715	1.0696981564112	0.872788841129244	-0.195378139753909	-0.00766613740849672	2.8339877158491	-0.568770027602153	0.783225888209552	-0.975425412757715	-0.975425412757715	-0.743764214286236	-0.365380929487749	-0.040751534064752	-0.727943378924064
"PIPOX"	-0.276942604722877	-2.08670524579982	1.07331958071267	-0.650369350064382	0.124945867035559	1.68754495122191	1.02506084958052	-0.532650588036594	-0.204320125349104	-0.554946522861079	-0.633386194512803	-0.028159120832521	0.296036773595891	1.24895517517775	0.822957191736054	-1.31134063688118
"GLYCTK"	0.128919307926184	2.12975477173184	1.11406582545556	0.367636919867501	-1.10435635528434	-0.823406840168959	-0.370009840017608	1.72278989962843	-0.00348509347605262	0.254323558788618	-0.922979155637112	-0.0268058564486203	-0.511445600264337	-0.947116188927076	-1.36559427036644	0.357708917192394
"CHST13"	1.26528463355599	-0.649574177629182	-0.649574177629182	-0.649574177629182	-0.649574177629182	-0.649574177629182	-0.649574177629182	1.75347332274341	-0.649574177629182	-0.649574177629182	1.34009320979307	-0.649574177629182	-0.649574177629182	-0.649574177629182	1.34358085814892	1.44288392967961
"OXT"	-0.0960887000359587	0.0769864691581065	0.976845581941315	-1.00469362801479	-0.0590865912433254	0.0443737420373583	-0.0255592369603276	2.33435987821366	-0.593675611162817	0.337872598387958	-0.530388014986974	-0.360005003968609	-1.00469362801479	-1.00469362801479	-1.00469362801479	1.91313940067877
"GATA5"	-0.25	-0.25	-0.25	-0.25	-0.25	-0.25	3.75	-0.25	-0.25	-0.25	-0.25	-0.25	-0.25	-0.25	-0.25	-0.25
"BAAT"	2.86841398936022	1.94335952374158	-0.429560171436196	-0.429560171436196	-0.429560171436196	-0.429560171436196	-0.429560171436196	-0.429560171436196	0.772508715568748	-0.429560171436196	-0.429560171436196	-0.429560171436196	-0.429560171436196	-0.429560171436196	-0.429560171436196	-0.429560171436196
"HAAO"	-1.18397562203872	1.22790157430884	1.48667394545178	-0.507256275444162	-0.237150312004962	-0.833219586358669	-0.800838343340194	2.45494166805917	-0.908567885724767	-0.586207466510145	-0.444838543347117	0.310721203004452	-0.188132350337276	-0.170408138958177	-0.3593869451543	0.73974307839425
"CCL25"	-0.443733125370772	-0.443733125370772	-0.443733125370772	-0.443733125370772	-0.443733125370772	2.86687975970266	-0.443733125370772	-0.443733125370772	-0.443733125370772	-0.443733125370772	-0.443733125370772	1.37491946621011	1.52673140390727	-0.443733125370772	-0.443733125370772	-0.443733125370772
"LIPC"	0.420299419370551	1.9372120868496	1.48415060180234	0.273172431687374	0.792461189711882	1.35593219483273	-0.631837264315798	0.738989322366727	-1.03409632938308	-0.784258510256494	-0.900786901548102	-0.992145349723265	-0.532469595033493	-0.78094774010858	-0.899057230149995	-0.446618326102403
"DAZ4"	0	0	0	0	0	0	0	0	0	0	0	0	0	0	0	0
"GATA4"	-0.25	-0.25	-0.25	-0.25	-0.25	-0.25	-0.25	3.75	-0.25	-0.25	-0.25	-0.25	-0.25	-0.25	-0.25	-0.25
"KDM8"	0.0767585384524283	2.09469749812383	1.45084223958054	0.272222366667125	-0.372987927075909	-0.649602399597828	-0.75422316012036	1.87971456078947	-0.261808687441251	-0.224751199564272	-1.36421258030439	-0.0405111394210044	-0.57511516644582	-0.573464134731349	0.0974877247847326	-1.05504653369594
"ADH6"	-0.626494481532938	-0.571875117157505	0.237617755787313	0.683240507656574	-2.10229813193578	-2.20059046600899	1.09073266148723	0.229541202367365	0.689124182859017	0.82729855993146	1.1767228625175	0.0739696926890506	-0.129045054555357	0.528254649561571	0.495772953246167	-0.401971776912675
"ITPKA"	0.14432336648326	2.2582967088807	-0.260426803362642	-0.636154195795393	-0.814760063057955	-1.43952752698348	0.406746977628096	1.74354054355167	0.116549297218273	0.264243014429951	0.344471352340871	-1.56995027778969	-0.261385559547736	-0.549483798220528	-0.318269320501197	0.571786284725798
"NR2F6"	-0.531760650667263	2.02787004745937	1.19239361730296	-0.840686129250122	-0.46188656100793	-0.241790220726039	-1.38140561536583	2.1908035035406	-0.415515961813322	-0.328545078455354	-0.584840386286276	-0.329688431062411	-0.561415797193177	-0.141002212072914	-0.212979298901856	0.62044917449957
"C19orf67"	1.43889127640691	-0.535585805164678	2.74648122784096	-0.535585805164678	0.156965856600035	-0.535585805164678	-0.535585805164678	-0.535585805164678	-0.535585805164678	-0.535585805164678	-0.535585805164678	-0.535585805164678	1.48397394135495	0.0651315546086029	-0.535585805164678	-0.535585805164678
"PTGER1"	-0.0464689088372213	1.76488758666698	1.33137376782793	-0.194334571876073	-0.0190491014301718	0.0976624932094684	-0.169842540256987	2.44190142515073	-0.925525269595305	-0.884816609796939	-0.735217756022304	-0.935676202348848	-0.61450434286143	-0.614582608840429	-0.509903794845452	0.0140964338560483
"OR2B2"	0	0	0	0	0	0	0	0	0	0	0	0	0	0	0	0
"FIZ1"	-0.336230397229587	1.49749301443798	1.1651056213787	0.0287977504250754	-1.43941733053064	-1.21997085196137	-0.278250685401702	2.5230210749234	-0.0824510232224249	-0.412064959920021	-0.437259617675346	0.108882231827088	-0.0287015474509974	-0.584199545811512	-0.718051314694637	0.213297580906
"MED15"	-0.424475010491049	1.89066565799886	1.76576220192118	-0.679888003364989	-0.503382145737957	-0.36599688056408	-0.989217996258692	2.19251233649928	-0.583117836864752	-0.508696139791859	-0.640316841663283	-0.614933907872186	-0.0434246310564905	-0.135597012652155	-0.280069399134985	-0.0798243909668658
"UBE2F.SCLY"	0	0	0	0	0	0	0	0	0	0	0	0	0	0	0	0
"CYP3A43"	-0.316552429962686	-0.316552429962686	-0.316552429962686	3.68292508199027	0.0747612413450218	-0.316552429962686	-0.316552429962686	-0.316552429962686	-0.316552429962686	-0.316552429962686	-0.316552429962686	-0.316552429962686	-0.316552429962686	0.357495266179616	-0.316552429962686	-0.316552429962686
"MYLK3"	-1.0036462417581	-1.37612946457617	-0.908447203630233	0.259884898920083	1.7475690495084	0.261757313183605	-0.974893111509829	-1.37612946457617	0.0692555193648013	0.690377398588418	-0.0706710293450061	0.292287895950318	1.07786464298899	1.77852587087467	0.107784440508052	-0.575390514491839
"PLGLB1"	0	0	0	0	0	0	0	0	0	0	0	0	0	0	0	0
"OPRM1"	0	0	0	0	0	0	0	0	0	0	0	0	0	0	0	0
"GOLGA6L22"	0	0	0	0	0	0	0	0	0	0	0	0	0	0	0	0
"TMC2"	1.06919738857189	-0.893803884862513	-0.893803884862513	-0.313518708517049	-0.1117996043854	-0.893803884862513	0.961924603165458	2.13399528197343	0.66287566653595	-0.893803884862513	0.142533600017501	-0.893803884862513	-0.379103804631179	-0.439419189535394	1.63613807597987	-0.893803884862513
"LRRC69"	-1.57377449975941	-0.958740251148432	-0.883495665293184	1.60462325689733	-0.260033404378446	0.881739925896233	0.489195288798374	-1.88397190834498	0.365130656191433	0.082378442265487	1.10434615816389	-0.88616177671162	0.572193917605202	0.987528138307571	0.406327826759803	-0.047286105249243
"PRR23C"	0	0	0	0	0	0	0	0	0	0	0	0	0	0	0	0
"SLC22A25"	0	0	0	0	0	0	0	0	0	0	0	0	0	0	0	0
"SLC22A9"	-0.25	-0.25	-0.25	-0.25	-0.25	-0.25	-0.25	3.75	-0.25	-0.25	-0.25	-0.25	-0.25	-0.25	-0.25	-0.25
"CACNG8"	0.23468032672029	-1.26397552642741	-0.786651048369638	-0.609118524264115	-0.0897314702118216	1.92729569804272	-0.855248547647007	1.97170203508545	-0.0798218123572315	-0.147203022346627	-0.870017283139212	0.151162213052856	1.01718986169531	0.75344818695099	-0.0897355603571588	-1.26397552642741
"SEPT14"	0	0	0	0	0	0	0	0	0	0	0	0	0	0	0	0
"ANKRD36C"	0	0	0	0	0	0	0	0	0	0	0	0	0	0	0	0
"LECT2"	-0.681192354479717	-0.681192354479717	1.25967888860267	-0.681192354479717	0.966729507706309	1.1225444240562	1.01766042303213	-0.681192354479717	-0.681192354479717	-0.681192354479717	-0.681192354479717	-0.681192354479717	-0.681192354479717	0.0928536276723818	-0.681192354479717	2.35245667372748
"EFCAB5"	-0.261954055296913	-0.616647942642483	0.0247060805012263	0.0898646737756935	-0.881594933956848	-1.01292405771459	-0.175294748304737	-1.18486565077061	1.02090950817885	-0.430454591540581	3.03306053561685	0.558436241317631	-0.561389606459246	-0.227337144165753	0.27231739436677	0.353168297094732
"PRSS55"	-0.25	-0.25	-0.25	-0.25	-0.25	-0.25	-0.25	-0.25	-0.25	-0.25	3.75	-0.25	-0.25	-0.25	-0.25	-0.25
"HYAL4"	0	0	0	0	0	0	0	0	0	0	0	0	0	0	0	0
"CCDC65"	1.0260559139196	-0.607396060083391	0.76002499370776	0.703647123052185	2.16716916982898	1.07652344317531	0.147593166703293	-0.736748927017321	-0.25808363284804	-0.987757529794056	-0.479131754239852	-1.00463669203414	-1.01802925835256	-0.155694285171262	0.810834075638059	-1.44436974648458
"PDE6A"	0	0	0	0	0	0	0	0	0	0	0	0	0	0	0	0
"SPATA6L"	-0.320656520971645	0.065288179439545	-1.12860205725693	-1.48928859250215	1.13814688675651	0.908315721695794	-0.603244861270307	-0.228688959015969	0.0585105109693795	-1.85032963767114	0.00832259921926548	1.385028679528	-0.346205001525014	1.56892273057889	0.960150304038858	-0.125669982013097
"SAMD7"	0	0	0	0	0	0	0	0	0	0	0	0	0	0	0	0
"SHBG"	-1.01242960475752	1.16971527148721	2.13154550013909	-0.166672994631614	-1.14539546968405	-1.29343111035561	-0.107480533847584	2.07477893065845	-0.179820361716725	0.254103675981542	-0.0857114316932406	-0.299531525431746	-0.346181771230595	-0.506266902558941	-0.394477959894157	-0.0927437124645187
"A4GNT"	0.265355958359043	-1.34651088844615	-0.93757525876205	0.143681378696491	-1.34651088844615	-1.34651088844615	0.390587146216584	-1.34651088844615	0.965878040541641	0.564470646279593	-0.171109974837223	0.325708766731327	0.95393330136302	1.82659236501632	0.993693373738916	0.0648278104409336
"SLC10A5"	1.17524730404783	0.0381596865175045	-1.2429774088129	-0.223740350114666	-0.179587613227818	-1.28170006355598	-1.31071422086279	-1.71511209304262	-0.220853491717934	0.453448262251724	1.99371247442481	0.355394737145289	0.70488563461266	0.587342051623073	0.193592324742485	0.672902765969342
"PHKG1"	0.921864929120642	-0.439647407732481	-0.66324002810531	-0.969090138608926	2.24102259638867	1.96706301049797	-0.130290313245547	0.718970452178277	-0.507189056258578	-0.580108997661453	-0.00856665026810358	-0.166029786728428	-1.07001774235185	0.264951066677167	-0.974483626765363	-0.605208307136689
"C3orf80"	1.67681382657557	0.178414265306259	-0.428694449251906	1.75735259864987	0.435802858690223	-0.622444311981786	1.80217354914399	-0.670467620249062	-1.12970931859181	-0.752271242069617	0.179779716186232	-0.0702450583057568	0.222829047439527	-0.76325803879443	-1.38184571737962	-0.434230105367678
"ADAM19"	-0.976120634346043	-1.84422129199128	-0.6126820008924	-0.123723971736668	-0.853705943463672	-0.812555475672512	-0.27920653550744	-1.47594067444368	0.62304862165471	0.721778146401191	1.14764310205079	1.00007216883047	0.911535925036081	1.05453879452518	1.13798899953117	0.381550770024101
"KIAA1755"	-0.32128685533971	0.481809124479148	0.103931736214866	-0.646382757702223	2.17118686569493	2.16424117890985	-0.494086517226936	0.514966848170344	-0.689742008988088	-0.76492552489105	-0.945050584828503	-0.883010425575731	0.499474145318699	0.365135283274699	-0.753001348814299	-0.803259158695994
"F2RL2"	-1.00380784267544	-0.811392830057232	-0.806208191285091	-0.503307581521334	-0.813282975423811	-0.726845065622536	-1.04814532289682	-1.3521221954612	1.63054093887978	1.39146799649548	0.940862183137423	0.928240163687737	0.191071864616198	0.0189415108091272	1.04097056673018	0.923016780587535
"PAPPA"	0.234285797620675	-1.96614942193245	-1.7421926731209	0.789399184915234	1.26314133524429	0.89601014352815	0.640866955009277	-1.37680492436254	0.613863092336891	0.617735805896874	-0.205713747914273	0.0120327566752265	1.19665328197928	-0.028854821088912	-0.336504144519175	-0.607768620267645
"IL10"	-0.25	-0.25	-0.25	-0.25	3.75	-0.25	-0.25	-0.25	-0.25	-0.25	-0.25	-0.25	-0.25	-0.25	-0.25	-0.25
"KCNA6"	0	0	0	0	0	0	0	0	0	0	0	0	0	0	0	0
"HNF1B"	-0.0128081036454321	0.109770096996292	0.15275940098248	0.0857667866911486	-0.654165432194927	0.816242955662044	-0.654165432194927	3.24068565274452	-0.654165432194927	-0.654165432194927	-0.654165432194927	-0.654165432194927	-0.654165432194927	0.49719226077317	0.343714407355191	-0.654165432194927
"BCO1"	0.121461837357213	0.378761490612025	0.468738482398164	0.901304738409102	-0.526615883250166	-1.24315974076402	0.940226920931551	2.69153709636517	-0.93177008400845	-0.225662356873627	0.692085838260333	-0.593273671872028	-1.06583745089089	-0.775819144718987	-0.526618386224741	-0.30535968573065
"PAQR8"	-1.67357710321646	-2.23879952690056	-0.0305660637550567	0.763574853913993	-0.996057825273853	-0.243569903057995	0.792718257286468	-1.12925734877564	0.22462313157934	0.267993954959862	0.556758508577423	0.503830666919949	0.912562659102832	0.260235044839156	0.98508674211736	1.04444395168318
"HABP2"	0.35099899474878	-0.681447343787671	-0.681447343787671	0.114658822630833	2.15207974000781	-0.681447343787671	-0.681447343787671	2.30829486118592	-0.681447343787671	-0.681447343787671	-0.681447343787671	-0.681447343787671	0.723750920101559	-0.681447343787671	0.0365980001699887	0.446644755244156
"PBLD"	0.276751998060744	-1.32457549160039	0.552417066419574	1.35925765738414	-1.29163393118955	-1.72719132017777	1.46312356221997	-1.42306168685695	-0.210978783676707	-0.302848826493745	1.08206887434575	0.706785609585011	-0.0358403135795273	0.386309018585127	0.491575690230256	-0.00215912325592139
"GRAMD1B"	-0.820587268820162	-1.39389403190209	-1.23987603709054	-1.32578492092181	0.214013023962953	0.24984282042519	-1.06210542498467	-1.04710920943923	1.10148769274943	1.11187665502619	0.0731460492682905	0.561449427786633	1.16773426289216	1.46055426686366	0.335907157873223	0.613345536310766
"PRR26"	0	0	0	0	0	0	0	0	0	0	0	0	0	0	0	0
"ASB4"	-0.25	-0.25	-0.25	-0.25	3.75	-0.25	-0.25	-0.25	-0.25	-0.25	-0.25	-0.25	-0.25	-0.25	-0.25	-0.25
"FAM9A"	0	0	0	0	0	0	0	0	0	0	0	0	0	0	0	0
"UPB1"	-0.557901430461142	-0.557901430461142	-0.557901430461142	-0.557901430461142	2.34930617586996	1.87798135094544	-0.557901430461142	1.65445675418469	-0.557901430461142	-0.557901430461142	-0.557901430461142	0.119227982878862	-0.189302340696967	-0.232655618570565	-0.557901430461142	-0.557901430461142
"TNFSF12.TNFSF13"	0	0	0	0	0	0	0	0	0	0	0	0	0	0	0	0
"ACSM2B"	0	0	0	0	0	0	0	0	0	0	0	0	0	0	0	0
"ENPP6"	0.0738549032062867	0.95331085591482	0.50266831229125	0.700998384836737	1.85545932801838	0.334234576206772	-0.451027739409094	1.616977251901	0.208303824702766	-1.42652539697666	-1.62373863002221	-1.06378644434805	-0.24019869681089	-0.0934809505906941	-0.400626587487855	-0.946422991432555
"LRRC55"	0	0	0	0	0	0	0	0	0	0	0	0	0	0	0	0
"ESRRB"	-0.563113147530878	-0.563113147530878	-0.563113147530878	-0.563113147530878	-0.563113147530878	-0.563113147530878	-0.563113147530878	-0.563113147530878	-0.563113147530878	0.209104423958265	1.04597044815777	-0.563113147530878	1.02145338191138	2.86895235279486	1.04876401601739	-0.563113147530878
"B3GAT2"	-0.476251347031945	-1.43761169928898	-1.68611763316343	0.560828663691371	0.914982057029364	-0.185628625479106	2.17997670678554	-1.68611763316343	0.668988547588213	0.0759676291537441	0.539762768939794	-0.269421301978868	0.321243687757863	0.181698896547577	0.354058873333214	-0.0563595907209122
"VASH2"	0.0689263743432982	-1.88702802275133	-0.557844901487151	1.0967011197225	1.93391456235051	1.70534477391555	-0.0957972486806494	-0.661626600759164	-0.600845839314332	-0.945696290592117	-0.474684728882052	-0.175700873154334	-0.185489396500373	-0.249271832853729	1.10091891184208	-0.0718200071987059
"CNTN2"	-0.874229784055634	-0.874229784055634	-0.874229784055634	0.477716672591882	1.55321567821672	0.479357451030464	1.63932909262362	0.596254205913181	-0.874229784055634	-0.874229784055634	0.343033785144894	0.231241170520601	-0.874229784055634	-0.874229784055634	-0.874229784055634	1.67369021640371
"ASCL4"	0	0	0	0	0	0	0	0	0	0	0	0	0	0	0	0
"FEZF2"	0	0	0	0	0	0	0	0	0	0	0	0	0	0	0	0
"FAM205C"	0	0	0	0	0	0	0	0	0	0	0	0	0	0	0	0
"NEDD1"	0.543529277320852	-1.81684443035063	-1.40047298997429	0.295846471898291	0.39832783975054	0.419233418718645	0.00491956246446571	-2.48044610138062	0.902232725240603	0.959013510109062	0.648406040295442	0.411760009478431	0.505848291596147	0.534212833211209	0.036903820970409	0.037529720651449
"REM1"	-0.0113889156464188	-0.488539205948582	0.542760288450836	-0.268958521603891	0.583457009620792	1.31263226007398	0.331956984066666	2.99645716784376	-0.788436768244738	-0.634926909919474	-0.717424125639048	-0.561110502403765	-0.390156373917755	-0.733855529422068	-0.655093791706438	-0.517373065603852
"PXT1"	-0.738769454464596	1.31236201372187	-0.738769454464596	-0.738769454464596	-0.738769454464596	0.282533484052866	0.215409615532896	-0.738769454464596	0.0607547853298043	0.138538207564906	-0.738769454464596	-0.738769454464596	1.86304862989198	2.28676107120699	-0.738769454464596	-0.249252171584541
"NPPC"	-0.0574754619554004	-0.462964879200267	-0.462964879200267	-0.462964879200267	-0.462964879200267	-0.462964879200267	-0.462964879200267	-0.462964879200267	0.983280449802428	3.42588712847323	-0.462964879200267	-0.08033305559845	-0.462964879200267	-0.462964879200267	0.378078965217668	-0.0197892339368057
"NEURL3"	-0.320167957028084	0.914684523056342	3.56766687533683	-0.320167957028084	-0.320167957028084	-0.320167957028084	-0.320167957028084	-0.320167957028084	-0.320167957028084	-0.320167957028084	-0.320167957028084	-0.320167957028084	-0.320167957028084	-0.320167957028084	-0.320167957028084	-0.320167957028084
"C8G"	-0.95019353917667	-0.575134114476319	2.40483346136164	-0.144210864787514	-0.380875331843195	-0.142955459263334	0.0601224701573615	2.45802582712281	-0.611139430696913	-0.292609890572844	-0.314802466661833	-0.152485603247012	-0.394892057479994	-0.791679301346492	-0.517494250744187	0.3454905516545
"FAM151A"	0.57088419255126	-0.0391009584955134	1.39366717824026	-1.38925763565421	0.366229144707711	-1.05617471158689	-0.771018805696578	2.04020521551199	-1.38925763565421	0.28175721596698	-0.49974632424936	0.971752974872924	0.0562747288468033	-0.110713052630745	0.648718070760644	-1.07421959749108
"LRRC49"	1.3749267528621	0.262538189974167	0.365612991448775	0.599322943760609	1.10285956163026	0.630373344070914	1.68869030278046	1.00579883773804	-1.17237876401614	-0.718528935084253	-0.745792194221345	-1.01495559298727	-0.877523546830872	-0.339585481432499	-1.51231310918917	-0.649045300503786
"FATE1"	-0.25	-0.25	3.75	-0.25	-0.25	-0.25	-0.25	-0.25	-0.25	-0.25	-0.25	-0.25	-0.25	-0.25	-0.25	-0.25
"ARHGEF9"	-0.643159265847514	-0.319850689564791	-1.3684114642926	0.193757307403627	0.799235521724232	0.946237227486185	-0.0414880995172129	2.91000803882914	-0.212638263714503	0.581045982160819	-0.888093782880866	-0.672077582159847	0.0845139533467899	-0.357991786173867	-0.118076186618495	-0.89301091018111
"ACHE"	-0.0362113730328293	1.38562766865762	1.15766985953694	-0.32115225499971	1.55794421760134	0.845813130158014	0.280473164842202	1.6804544779196	-1.06940784924686	-0.802640690535791	-0.965262865324516	-0.899723071767149	-0.791156401138886	-0.679492558799662	-0.482089395884867	-0.860846057985452
"OR3A3"	0	0	0	0	0	0	0	0	0	0	0	0	0	0	0	0
"PINX1"	-0.494375019434693	1.98148544129759	1.455471116107	-0.704181832956739	-1.04094928018778	-0.488327702521208	-0.981262656372495	2.11597632380943	0.340459146953559	-0.380908338013808	-0.464102036362226	0.260784506129494	-0.757994373205591	-0.0809270687690008	-0.517665664037414	-0.243482562436121
