"Pt1.baseline"	"Pt2.baseline"	"Pt4.baseline"	"Pt5.baseline"	"Pt6.baseline"	"Pt7.baseline"	"Pt8.baseline"	"Pt9.baseline"	"Pt10.baseline"	"Pt12.baseline"	"Pt13.baseline"	"Pt14.baseline"	"Pt15.baseline"	"Pt19.baseline"	"Pt20.baseline"	"Pt22.baseline"	"Pt23.baseline"	"Pt25.baseline"	"Pt27A.baseline"	"Pt27B.baseline"	"Pt28.baseline"	"Pt29.baseline"	"Pt31.baseline"	"Pt32.baseline"	"Pt35.baseline"	"Pt37.baseline"	"Pt38.baseline"
"ANKIB1"	3.84601183582463	3.59058405599226	3.62219242044641	3.09924049199482	4.3885959699078	3.09141295891932	3.43492440837581	3.77618296556691	4.31230576182161	4.6694860410546	4.01719592508296	3.24832685690097	3.45154808603683	2.66561902719041	3.13782809362139	3.77138382205966	3.37074389309635	1.85957801999743	3.36328603949044	3.8094144442359	2.48927959921424	4.16205289776747	2.77234598457294	2.84660764388813	3.15945642663124	2.51987901401343	3.22133113497307
"KRIT1"	3.59380790340358	3.56401226543737	3.64569589516432	3.00462003891084	4.28436976768141	2.70476353698164	3.31729972637592	3.76138102427971	4.33827464627908	4.25818346288458	3.35375307121103	2.94104619740069	3.63250670585338	2.45065833008394	2.93033900414305	3.38783329769676	2.51399471650315	1.85253625080821	2.70553673437319	3.04502614363389	2.54423189080635	3.87531317544164	2.60178445402574	3.09253897625201	3.15750297043718	2.31293812143621	3.0140642248898
"VPS50"	0	0	0	0	0	0	0	0	0	0	0	0	0	0	0	0	0	0	0	0	0	0	0	0	0	0	0
"LMTK2"	2.50643564745702	2.30492714382915	3.24544242024487	2.06198351610896	3.34263083198106	2.26528535710153	2.82081105629946	2.67090150412958	2.79980225789886	3.2864354103361	2.23596748897634	2.38117537401512	2.49946069188373	2.60789366863759	1.95989439223699	1.92347058891516	1.80614873711878	1.42745867783129	2.62454311291722	2.98469688774098	2.56556793173943	2.67926051164723	2.42425028608405	1.68801470216733	2.45643294486898	2.33673755104745	2.15639661659767
"RBM48"	3.53163098618665	3.63549902442323	3.80224492551483	3.00347001355703	4.04916024697002	2.74992036485909	3.28952022436813	3.45308556202904	3.90264282490119	4.09865115061831	3.59044632882778	2.56089344637815	3.46600710429414	2.3600467644116	2.931821080258	3.73576585520285	2.85844855154095	2.3943796890249	2.92109065958027	3.23933999040758	2.70905237283197	3.49867850576927	2.33565760817773	2.87349234509555	3.21631516762978	2.5867863566021	2.98943333074007
"PEX1"	2.52638687082415	2.81898550054929	3.15807279974726	1.86559620058008	3.57029290644045	2.67320135973449	2.74414709920734	3.39063535936469	2.98909449027272	3.4080562503559	2.77776476374756	2.67694435910691	3.62108481653902	2.48078341667771	2.41558832328132	2.70199698801081	2.48745419191452	1.43217639918714	2.61878367519023	2.9432631049992	2.58967241698182	3.29243281037518	1.17325538302097	1.66941687557108	2.21577798229395	1.53884107295539	2.29985420103149
"TNKS"	3.35131242231839	3.04442909335976	4.14012013277623	3.18138008776626	3.55102991054683	2.53025056834928	3.51367391327774	3.1146568675867	2.79806814644676	3.88368434820497	3.01605855992302	2.54728941109514	2.31966561864483	2.01902043144017	2.37417842437008	3.31018595342935	2.58434200843817	3.82103666410392	3.08906504003598	3.44414623519179	2.04425596376395	2.74181319166799	2.94348442096986	2.94804945322795	2.8211387374907	2.55783157543358	2.37548155831406
"FAM208B"	3.23937665456922	3.09312067540246	2.93712589959458	3.19417926689191	3.27672890744841	2.53413632571253	2.1366458489652	2.46508768529579	3.78404325202668	3.95203996483113	2.37851162325373	3.55477915208902	2.48340047923578	1.44550689275754	2.67731992980184	2.57704929644881	2.53271467435905	1.61867562732393	2.75535015904706	3.14938050646909	2.57585082018973	3.40489767389073	1.22094900446678	1.87208407764759	2.45305658063644	1.86570902471207	2.82814816537399
"RSF1"	3.06991006744266	2.82587413988955	3.02765745574078	3.52493499905525	3.30901898453912	1.97064938076014	1.84553420928199	2.08604830687516	3.1202134044638	2.87511556275106	3.28027933512544	3.40445357197224	1.85397170183177	1.19686194805425	1.9790210983847	3.08903621787345	2.1456790853586	1.7318805204937	3.56277360459622	3.78242953417965	2.11535791270485	2.79563293546658	3.18624064628677	4.96131771866508	3.2909669344823	4.54084562267557	4.44505789839225
"GATAD1"	3.86339337337856	4.03569868162139	3.97558433330703	3.12918161252984	4.70154074007605	3.33497722917932	4.17196737307833	4.15427940233866	4.34860423645188	4.66422966385576	3.80790613234868	3.32643955449182	3.912285792326	3.40522589449935	3.09092624068744	3.8621537954829	3.17721301100535	2.03774943867912	3.42828847588911	3.57767051585989	2.49343854819031	3.93682636033577	4.92010747217164	4.75675111489999	3.58670470485908	4.27729298024543	3.97897352321573
"FAM133B"	3.43438870369896	3.49125537618082	3.57012893518223	2.03281319636142	3.79501881285923	3.21737187624867	3.40018677641089	2.70434413360525	3.78742724037994	3.77686725613475	3.65780004173982	2.72188773761979	3.75730066118784	3.12233312376875	3.42837826386104	3.69798504951158	3.2342790437917	2.67416796991933	3.74765593293239	3.85422510324324	3.03729523594041	3.69247183524077	3.93402576972291	5.03524999213725	4.31075454504159	3.85989005870114	4.91025776057993
"VANGL1"	3.22753084716541	2.5600032124001	1.88164895904495	3.87488547208199	4.19586331686153	2.11256002608114	2.40237155498267	2.5232344898469	2.23201293337727	3.94407599316946	2.24836632971841	2.53747002499688	2.67174739892103	2.19078392847281	2.9155514943582	2.42837290354195	2.27862266415488	1.69974705826979	2.66092063279657	2.88880071206265	2.7512291088217	2.31902102281936	1.70232952013332	1.48846873503193	2.82137551993883	3.07122722164576	1.14627723081595
"ETNK1"	3.63137207015019	4.07203289193279	3.3763667952457	3.15906239370184	4.30005048945943	4.56798344644513	3.64997752433431	4.38838587913725	3.39668834376831	5.1197255194551	4.28491013895042	3.9545871812501	3.59996638451467	2.98909085616346	4.09049355846264	4.05209413867133	3.40170554811627	2.93472501209241	4.43810984129285	4.81833931136285	2.90042149580429	4.20135548826079	1.42032070125151	2.80923126590459	4.38245975531569	2.6808689220728	3.5101517577843
"KAT6A"	3.22116870319865	3.11786955167638	4.25302109571151	3.22697702135309	3.38358196057045	2.40160316324082	3.30382019347695	2.31801163747155	2.49603405383374	3.26078896796897	3.19188949400905	2.6758938210554	1.92113351588268	1.53126666421407	2.68338542737647	3.45351692075116	2.66646347918136	3.27045792714645	3.64986833961556	3.85057942235636	2.72408486894926	3.29000335977174	2.54046378218047	2.96813684380229	2.77544672764518	2.69569099348333	3.32219929606294
"C11orf30"	2.04622736271044	1.53461446315222	2.2908991293115	2.17524034539882	2.1297874598104	1.2913000179528	1.26660965918732	1.72427263344369	2.30072557633538	2.23746123315967	2.02811470241078	2.47784049569435	1.02198564798775	1.00378283208718	1.42022367203741	2.14066251579308	1.65798063307679	1.27396638182371	1.82906814208486	2.12774387110228	1.38717226460798	2.12187578656866	0.899721662631546	1.85457021624876	1.43246773852867	1.52610387674592	2.04687866038452
"C2CD5"	3.57345935984961	3.56998316730572	3.36762407427817	3.11033317297903	3.2277341457118	3.23469827515073	2.83240093358623	3.2016832569477	3.32197281774043	4.05071934775126	3.24105075548137	3.21808057003285	2.70721002287854	2.47174543738806	3.34782862345153	3.62500741321491	3.13904376188098	2.68156283231735	2.96400024179978	3.24205062478618	2.59926541768001	4.09451900629096	1.22756858277296	2.89834381047238	3.36364769062174	2.53541349542108	3.38194641678175
"NAF1"	3.25984342514189	2.90632783479708	2.93841283379881	3.63803907302595	3.21748200250349	1.78632661542782	2.36430908139933	2.90161705574696	2.72130046822964	3.07499344508791	2.94605800693413	2.75715555862421	2.19527514675204	2.28737181716017	2.36699356698033	2.88154031120374	2.56560692376076	2.44069578468939	3.07249001053933	3.34208747213868	2.61925922449255	2.59843548020337	2.19951844915742	2.3868247389019	2.40918453111806	2.57047993238258	2.74102467189956
"PPM1D"	2.80863423127701	3.17314262808233	3.33681037523754	2.92997463618669	2.65192536960681	2.3509285767047	2.77235231941134	2.14669269000007	3.22132185365003	2.09203825662039	2.57579153568648	2.18186743760676	1.72278950163721	2.01613435272553	2.23829314111435	2.86758516401362	2.35648331080793	2.19566728680051	2.25242474246007	2.48185947881389	1.89362820134369	3.14784801493482	2.27194552636811	2.5516759664202	2.38480412248681	2.50413729468617	1.99226811308159
"PKP4"	4.07250030047325	3.42034226241291	3.85269304198542	3.57933705923515	2.77279779994816	4.86357674046192	3.0948567681858	4.22834156044584	5.15727416712283	3.43013805168668	3.25355064446429	3.20164327001967	3.66915152147898	3.94135049647209	3.25065314934824	3.57137950407838	3.78348808528236	3.77466584177482	4.21853320747909	4.08988368804411	4.26019130037088	3.26347090532444	3.39190791407222	3.23536097930383	3.6940444130862	3.8132168267848	3.0648138874585
"BEND3"	0.730486494994526	0.681364702690904	1.47056289453825	0.903661888755096	1.22583634862844	0.922677398172594	0.660683143474848	0.735259175580842	0.943795331309497	1.10755397028965	0.562340127243459	0.868478958025821	0.909752370650751	0.989820583345256	0.658700487770676	0.692504865843446	0.758175235156185	1.22290963783426	1.1101828116699	1.20219201344124	0.860153549655876	0.972463642450262	1.47825221893043	0.855699534984615	1.62949184818598	0.807283197721266	0.887396592202191
"RPS6KB1"	3.76725222804099	3.37326817503619	3.14628211926662	2.91086023501259	2.97222209328386	2.42668341102352	3.24162208527158	2.72274797822086	3.30803534955812	2.64556563585569	3.20817464928578	3.1772847804906	2.13352900322704	2.36663974708036	2.86961580349843	3.52842129078865	2.47074118361563	2.04953319084722	2.87500248858915	3.0959337004631	3.15860686088284	3.86448827403752	2.09543162595881	3.01920373397309	2.64160382821178	2.42930529943339	3.05002797689073
"CDK6"	4.63455842031858	1.49107575521831	3.30612805643197	3.68664619000838	2.50088616533368	0.743883296198904	3.28779953878016	5.04581643993776	3.70436848225354	3.67346031649556	3.67199529818489	3.26259777423659	2.61022995229258	1.39921758750798	2.31803767633931	2.96518307494754	1.9722129011165	1.94374320505923	4.05270715141654	4.22159872077629	2.1630156061833	3.88708654676436	1.55300654495043	3.49482519059568	3.0221405151667	1.42557746556635	2.77902433067571
"DDX52"	2.92446574016427	2.90261292097713	3.11255335399564	1.8594686911109	3.78346713141037	2.15741727450614	2.17151269502858	2.40295269498445	2.90445712238302	2.14193627295657	2.67043134818093	3.06917368880313	2.20029718107347	1.97057392104121	1.87475762807426	2.78229532569815	2.32348968816643	2.14463214154061	2.57372473500082	2.74620633417694	2.97579891267607	2.49535747107458	2.18014786115843	3.09595141754786	3.15452812351735	2.93415601868175	2.5536578595713
"ZNF473"	1.94550844894015	1.72693364038597	2.3735312877512	2.35439855925967	1.56387075801173	1.99560752712899	2.12352383998876	1.73567380394222	2.29128970236211	1.76814408758348	1.59967485224253	2.02839410872388	2.21412946923014	1.66546781470226	1.51316224872573	1.53059267561289	1.27187682127	2.58556590194397	1.97299402632915	1.97409423578685	1.46278002855726	2.48766770385597	2.14229906340486	1.73560882304539	1.93412770469098	1.7604849727631	1.32051356051218
"AARS2"	2.41780931775611	3.08565069702685	4.37002474816031	4.56378962896062	3.71400367422801	2.7659282514132	2.90284056105608	2.99049929608052	2.42557343751656	2.58147899896793	3.18902591485605	2.83933885331004	3.89435699720226	4.2428273141058	3.22496713649474	3.25395372770768	3.15222966894212	3.72780067868225	3.28364253787856	3.6122404289634	2.90401773578757	3.1110889188531	4.27791781659586	2.87062512103218	3.89405135534811	3.40873767172677	3.05927912567645
"MTMR9"	2.65974192721777	2.35639316076761	2.22825381290462	2.25527864676642	2.1989294109879	1.6637066710308	2.59293297336773	1.97764993877397	1.69965379019286	2.65141569248136	2.02086840690723	1.80972311913795	1.29829466366932	0.904987291532692	1.6270534654702	2.13779367300549	1.86351429915315	1.45740255011835	1.98094657547822	2.35410089464334	1.6193378805029	1.78502317595434	1.74888195770492	1.94695912845547	1.8130813464638	1.64942691926476	2.00875936751517
"ERI1"	2.83512168038718	2.55232542237654	3.04644129316686	3.02550282093608	2.79806710929512	2.46675239612541	2.92559882524283	2.53370536819694	2.1525079483649	3.41171638265799	2.8682817899726	3.04142698772169	2.0290163890507	1.62603255481651	2.25538289565214	2.89651986639309	2.94348067013455	2.52118771102508	3.06678151793209	3.04665082694185	2.37335449243259	2.40034255140125	1.71987559276972	1.70322032844672	2.45282470853445	1.8715361561437	2.39434401573582
"EHHADH"	2.52396334579067	5.32725980902004	3.19055876309046	3.21373298582505	2.50295811141	2.08639655025941	2.02272289426108	2.4224738783457	2.55350304537744	2.13960537571224	2.30173834622623	1.12851777345793	2.13819519576825	1.88922236323042	2.75139837635525	2.28681167207134	1.13488133916415	0.393078415422781	2.45833475354467	2.5463993839691	1.91914173399706	2.34134677924808	0.684598838814002	1.14940245709979	2.23780537091144	1.45543901456305	1.01461238403633
"CTH"	2.66083394574004	3.84000492286439	2.11038663100152	2.47869617866626	2.98675768651836	2.05926181785677	2.57834461090151	1.85056742134948	1.69530792467196	2.43782563021279	2.46582692343997	2.42072761382361	2.5639061361694	3.67370339954035	2.69477992479472	2.0625897518265	1.9230426624699	2.11485505977176	3.10171310018849	3.1823522390069	0.844156233796426	2.5986343752906	0.913663418762659	1.10150889213211	3.12933083118826	1.9624194614252	1.06357887162598
"BAIAP2L1"	3.23066569620664	2.89308257655095	2.39055901164576	2.26235798398462	3.80069803788265	0.56754058024336	2.56212028613762	1.02731402746167	3.401550602849	0.890610117521067	0.365613598289496	1.27236366075574	3.98245517221985	4.09725682101013	3.02328995527191	0.852292141965848	3.78644999409976	3.59051219998164	0.496181606486774	0.387213631140202	3.76797783254467	2.29766978951891	3.03573474667738	0.584177461068762	2.96622187425946	3.62698807408769	1.68981351822858
"PABPC1"	8.51004214534073	9.36465887760356	8.98170141348537	8.76636823212134	8.31471918086535	7.37360471408464	9.14343933896511	8.30575853208062	9.17375957366471	8.19533529362454	8.57129568611705	8.01629016130384	8.56391696293221	8.05256805080415	9.17490072216294	8.77647251272663	8.70460399271101	9.56674286526478	9.71876146304866	9.98332854897954	8.58368078829077	8.26585879564717	8.94857748760474	8.91738998251001	8.95440281042181	9.91972591362662	9.43571609311958
"RP11.96O20.4"	0	0	0	0	0	0	0	0	0	0	0	0	0	0	0	0	0	0	0	0	0	0	0	0	0	0	0
"SLC22A6"	0	0	0	0	0	0	0	0.0119135018803695	0.0171006561378366	0	0	0	0	0	0	0	0	0	0	0	0	0	0	0	0	0	0
"OR5AP2"	0	0	0	0	0	0	0	0	0	0	0	0	0	0	0	0	0	0	0	0	0	0	0	0	0	0	0
"KRTAP6.2"	0	0	0	0	0	0	0	0	0	0	0	0	0	0	0	0	0	0	0	0	0	0	0	0	0	0	0
"OR4D11"	0	0	0	0	0	0	0	0	0	0	0	0	0	0	0	0	0	0	0	0	0	0	0	0	0	0	0
"AC112719.2"	0	0	0	0	0	0	0	0	0	0	0	0	0	0	0	0	0	0	0	0	0	0	0	0	0	0	0
"PRG3"	0	0.0920578826889299	0	0	0	0	0	0	0	0	0	0	0	0	0	0.0776510666518145	0	0	0	0	0	0	0	0	0	0	0
"OR7G1"	0	0	0	0	0	0	0	0	0	0	0	0	0	0	0	0	0	0.0545324036198166	0	0	0	0	0	0	0	0	0
"OR10K2"	0	0	0	0	0	0	0	0	0	0	0	0	0	0	0	0	0	0	0	0	0	0	0	0	0	0	0
"KRTAP27.1"	0	0	0	0	0	0	0	0	0	0	0	0	0	0	0	0	0	0	0	0	0	0	0	0	0	0	0
"SLC22A8"	0	0	0	0	0	0	0	0	0	0	0	0	0	0	0	0	0	0	0	0	0	0	0	0	0	0	0
"OR4D1"	0	0	0	0	0	0	0	0	0	0	0	0	0	0	0	0	0	0	0	0.0381313854019125	0.0763654914843306	0	0	0	0	0	0
"OR2M7"	0	0	0	0	0	0	0	0.0620700973257236	0	0	0	0	0	0	0	0	0	0	0	0	0	0	0	0	0	0	0
"TRIM60"	0	0	0	0.0146754357639407	0	0	0	0.0842235649126893	0	0.130725254662399	0	0	0	0	0	0	0	0	0	0.0115166779870989	0	0	0	0	0	0.0536347833511058	0.0457176438132636
"OR8J1"	0	0	0	0	0	0	0	0	0	0	0	0	0	0	0	0	0	0	0	0	0	0	0	0	0	0	0
"OR5J2"	0	0	0.100952492822757	0	0	0	0	0	0.398397985064223	0	0	0	0.124551338394408	0	0.063556507405134	1.74964367236413	0	0	0	0	0	0	0	0	0	0	0
"RP11.506B6.7"	0	0	0	0	0	0	0	0	0	0	0	0	0	0	0	0	0	0	0	0	0	0	0	0	0	0	0
"OR10V1"	0.104262510094352	0	0	0	0	0	0	0.0341030708344544	0	0	0	0.0267773300796083	0	0	0	0.0478839101878063	0	0	0	0	0	0	0	0	0	0	0
"OTUD6A"	0	0	0.013691214760612	0	0	0.0801090620868356	0.0445891935133267	0	0	0.0199739195335433	0	0.0508417050394217	0	0	0	0	0	0	0.0316770024737001	0.0692781623086959	0.0740856510554539	0.0559105761563396	0.613637258101431	0.33213618377546	0.116671363350073	0.388481629217168	0.199249563433193
"ASB18"	0	0	0	0.0182933986648126	0	0	0	0	0	0	0	0	0	0	0	0	0	0	0	0	0	0	0	0	0	0	0
"FAM71D"	0	0	0.0146476590683684	0	0.012204932635157	0.0477259897377032	0	0	0.166813120789556	0.0153787434076392	0	0.0160013114255389	0	0	0	0.038874542629327	0.026310061688218	0	0	0.0240871553281125	0.0247917051234135	0.0151028009914393	0.0579296005431601	0	0	0	0
"OR11G2"	0	0	0	0	0	0	0	0	0	0	0	0	0	0	0	0	0	0	0	0	0	0	0	0	0	0	0
"OR4C3"	0	0	0	0	0	0	0	0	0	0	0	0	0	0	0	0	0	0	0	0	0	0	0	0	0	0	0
"TAS2R41"	0	0	0	0	0	0	0	0	0	0	0	0	0	0	0	0	0	0	0	0	0	0	0	0	0	0	0
"RP5.972B16.2"	0	0	0	0	0	0	0	0	0	0	0	0	0	0	0	0	0	0	0	0	0	0	0	0	0	0	0
"EPPIN"	0	0	0	0	0	0	0	0	0.0135107121068713	0	0.0146750787403981	0	0.0150127835255821	0	0	0	0	0	0	0	0	0	0	0	0	0	0
"OR11A1"	0	0	0	0	0	0	0	0	0	0	0	0.00806681266030923	0	0	0	0	0	0	0	0	0	0	0	0	0	0	0
"PRNT"	0	0	0	0	0	0	0	0	0	0	0	0	0	0	0	0	0	0	0	0	0	0	0	0	0	0	0
"RHOJ"	3.37637235231755	3.56082498634084	4.00223894750243	2.72333028961852	4.36212267436798	2.43649368498331	3.14955285058613	3.84317486413693	3.56743592716284	3.86666569578166	4.73267350996302	1.62125247682174	3.52804615231197	3.45999940412385	3.98548221434341	4.36264872415827	2.85966050812794	2.46678371344672	4.10135592724651	4.18602507451768	2.0852002800102	3.03726096726353	3.44970266597288	4.16968453222917	4.51416014225648	3.29268605709755	2.12209618817288
"CLEC1A"	1.71580772857404	0.454104283187597	0.532216204077914	0.579266089247831	0.640033180778873	0.277177207036809	2.49818192293161	1.55730224857482	0.802771006594295	0.867229903501504	1.20940969419917	1.05783493957476	0.758689919379112	0.43268152813827	0.83891385916284	2.08292224642745	1.75189642193429	1.20767424492209	0.679362539701369	0.514976638210691	1.65073928875952	0.796820328859302	1.26726611023901	3.61896686829774	0.924445026723567	0.422299750700436	3.13529024096459
"KLF2"	4.1081815145911	3.91731717545642	2.40707533541369	2.79157863745499	3.24276635263823	2.80670556317249	3.97160792775144	3.17788909742348	2.31272615575556	3.30130961569897	3.89255131645753	4.81972693227538	3.76442577884276	5.3215222798367	4.28977177001236	4.56672992900181	4.32811479265993	4.75841245191865	4.28311799396593	3.20144802380721	4.10847009333209	3.55295000188673	7.54798185747515	5.04865470184035	4.84987919663061	5.65302847930864	7.84016106714085
"OTC"	0.0138750527207788	5.28543736100575	0	0.0309455897901312	0.0157406147759455	0.020766163149629	0	0.0745872963666201	0.108323853859058	0.0377105778725474	0.105690279074237	0.00989526358191642	0	0	0.0248405583626547	0.0652958087578287	0.0154870788461534	0	0	0	0.51130103930427	0	0	0	0	0	0
"GIMAP1"	2.1772018465423	1.60354682767486	1.4106830121307	0.654626634870122	1.86240774777662	0.819919917947796	1.08403976598543	1.85183297759486	0.722806984823392	1.12344106814418	2.4749888730698	1.49861851640622	1.76774589064306	1.41936090320269	3.01759592895938	2.98455016101986	2.42486566886569	2.3632930490948	2.1588637215414	1.55583332990037	1.58570770066554	2.50124804706721	1.64897616330239	1.57290906587056	1.43354171107623	1.40386758420842	2.92692168921672
"SOX18"	4.05700829790159	1.61801777006495	1.85054741944951	2.59306687683096	1.6840713940197	2.98654564118136	4.1074493530289	3.7577113503577	4.18975736329957	2.44013364159832	2.93110151296612	3.13413138472632	3.22178043428143	4.47781006494323	2.95536953543747	4.02528576273634	5.65081193984398	4.78090847287784	3.29009480536195	2.46603582669857	4.51541600150425	1.80291283367491	6.15103075006628	4.82975317404493	4.89557891751322	2.84531139660153	4.44597825269036
"FGL2"	4.20743217740959	5.06956039889676	6.56557813678433	1.43875060837256	3.5879469925745	1.79338819757242	2.08793291351487	5.32833743632567	3.90916825489574	2.18923154864728	6.11335774337827	3.09960155512016	4.34287470840092	2.7312201775688	5.75504645702664	5.86493516091344	4.39719714914803	3.63162234857279	5.10822124987353	4.81126293450704	2.01580440205307	5.92848758164362	0.879023461112877	1.64574315448372	2.64656821409057	1.5704046391397	4.43381408445803
"PLPPR4"	0	0	0	0	0	0	0	0	0	0	0	0	0	0	0	0	0	0	0	0	0	0	0	0	0	0	0
"MSRA"	3.84632281012498	4.72988444886215	3.77543513863735	4.06387392263524	3.27890064222698	3.68071254937826	5.14369340472024	4.34044833007193	2.97992015703499	3.8073549220576	3.62609448416668	3.41629592711549	3.29803286554237	4.44933686455301	3.97797133541656	4.09842376887653	4.07387591818948	4.56852771797006	4.77157398188343	4.61409730477418	3.37995151869471	3.03917525060874	4.47492918803262	3.61124321439543	4.08638466040796	4.30165348818069	3.79069906733682
"LRRTM2"	0.175697043538917	0.0333490631739011	0.322672910311682	0.031560560304915	0.0441370344283757	0.0467215377228223	0.0323983110300066	0.279445145631244	1.36321033359306	0.248024094847108	1.07000455790888	0.163186329222474	0.219784352010785	0	0.0624830313643544	0.722164775784135	0.319180319700396	0.615998154804237	0.100974822864633	0.0656422044429329	0.0145053540250163	0.0258644648113443	0.293926029662921	0.792717946291535	0.0684691287803587	0.142021259081668	0.142338932106345
"TPK1"	1.76477500984914	2.46720121278321	0.916605048136323	1.59942015951657	2.67361860778106	0.729103741281481	2.38209171980562	3.01079863304513	1.47423094921783	0.845362385602576	2.28769834494383	0.882646961749868	0.979562978633019	0.725456733256277	2.05641705394948	2.01921263156161	1.70857352191764	1.26972738862091	1.83195828919826	1.52633428320365	1.33885509088192	1.68649156283667	1.32118347211706	0.495592840198345	0.692287028457954	2.01677798520221	2.54207476012763
"CLDN18"	0.0688789976879967	0.0664265091059548	0.0792904458497178	0.0218392192781828	0.0352031585082882	0.0380656972035782	0.0348597123749486	0.0362345682914041	0.0819363543278584	0.0960968581526462	0.119972502820672	0.110557148856393	0.0664394601288606	0.0346738814089437	0.0351414059073392	0.0897895078494692	0.0782081193583773	0.041795909359959	0.0320853931960837	0.057038668466831	0.0137415885488251	0.707299490249267	0.037940916517463	0.126291246456392	0.0747202490336355	0.0345423980552475	0.0308045868136939
"CXCR6"	2.17500235795731	1.86841416027561	1.29761697084818	0.142250565892577	0.191718660511717	1.30986302159808	1.05019031336459	1.67401086918431	0.290322951587282	0.59794205437103	2.61319215531879	1.49479959523964	1.83713793280652	1.1089726680405	4.75163242563818	2.17895042407836	2.50725931688664	2.7516929402129	2.04881858759806	1.39705815284187	2.09545019316928	2.83723483588434	1.10006937198792	1.52932622341444	1.54846128593895	1.9907552284039	2.78209608696002
"CD2"	3.82495110551803	3.40317635785113	2.67383114304785	0.241960962279753	0.824219178541785	1.69481334823718	2.081547562366	3.33898056171807	0.403132446292181	0.935108177709492	4.22110759317781	2.124397620934	3.19801789137864	2.82113261329115	6.08101786580691	3.99861525009166	3.67175758740136	4.40302566198655	3.70889902543782	2.49707708330697	3.7847342932166	4.06992552994245	2.57853542648614	2.2123670049702	2.51050625941965	3.42965747037614	5.73945930015268
"IL2RB"	2.62183386083849	2.84428219789451	1.89299129531737	0.220566463177311	0.814764914838718	1.00580668776871	1.68350108782061	2.62813316238898	0.933094808033006	0.873449821762067	3.49415316196346	2.0880940943688	2.21585717536103	2.85878768381473	5.01483953228222	3.41557818316842	3.3195680805955	2.5979184629121	3.09829743019963	2.16992660443591	2.95446993111013	3.03462775444105	2.90244216734305	1.69455485345304	1.92779786935911	1.88763054464679	4.44231321552974
"KLRC4"	0.837158525255166	1.05444981448063	1.07792452843012	0.0305026938462236	0.158708641331091	1.45112141463231	1.25351131323953	1.06543444594863	0	0.594270015641717	1.60908592978062	0.5333899153813	0.361199028118992	0.459822929382095	3.06703373877517	1.37876129886643	1.3744246775365	0.182904555092186	1.05748839695451	0.399208288890213	0.107265375637314	1.61142972821814	0.277377795337327	2.35982193480608	0.497634845684668	0.379373653393278	0.957380498372862
"UBD"	0.49049362964177	1.17719387187295	0.913934115559965	0	0	0.0378282814392725	0.798127677701092	0.7576902320518	0.0203292347491215	0.030926879622323	1.62174479300147	0.0173040172438733	0.423841677417184	0.128786314597559	3.60658435857268	1.58133437344389	0.554918853444824	1.70790462997234	0.715485757110927	0.204395545350344	0.343748911835431	0.988101129259825	0.130018191868569	0	0.164644704333184	0.122182616182367	0.877189834482302
"TNFSF13B"	2.39239573838386	7.03234332959447	2.43148122367393	0.30025085189115	2.81096538212749	1.7703808425736	2.88021630373415	3.6199411586389	1.41660197482362	2.8659900569927	4.79450684424981	2.76908301588514	3.08100039060349	2.68450683041635	4.83764559228131	4.03630111368094	3.82468130920778	2.67173494623625	4.16294715023383	3.52685131157335	1.78624087149244	3.58868465719203	3.05276539581425	2.59986048776766	3.30143107789532	1.94892224115683	4.9247222581305
"GPR25"	0.142803811336089	0.200755180539263	0.027387709535513	0.028381943297282	0	0	0	0	0	0.0867368981690085	0.0328554327962242	0	0.22426073773585	0.100603641934221	0.0920308121797227	0.214293938994828	0.129617221819242	0	0	0.105276521058217	0.263086702581153	0.123623159934154	0	0	0	0	1.6823665411875
"CD7"	2.57084055681684	2.44810143431737	1.96039679406689	0.202601396855626	0.633394474059316	1.41243740492024	2.45333056326458	3.25213025889512	0.213923187070373	0.31832956881404	3.72996599744693	1.61730083403685	2.96649045529764	4.35910997748207	5.55467633159698	3.18614713013692	3.72667320930085	5.20159269672931	3.26939227894041	2.08308228557652	3.38957369483333	3.28665718747656	3.83390207666916	3.34673851900912	2.23929415889519	3.4523371285805	5.81988017869973
"IL21"	0	0.0824539448218213	0.0615741024600058	0	0	0	0	0	0	0	0	0.162385237700691	0.120193328097841	0	0.505636911762774	0	0	0	0.0345199313022838	0	0.160657562811011	0.317872466221116	0	0	0	0	0.783796072086988
"CTLA4"	1.75910468860865	1.41502036717351	0.953283866332174	1.11648586346156	5.4931861716631	2.48150303332191	0.409734154890837	1.15523111629928	5.90661886245348	3.39014281114704	2.30351629072239	1.02596783571111	2.50731641058843	3.41057922734263	3.08105238936711	1.478720767195	1.95272121527773	1.72585892272098	1.38706194805631	1.00010459159906	2.66100389309148	2.15303839658285	2.18734019504492	1.58474127052014	1.02484445804195	1.03430024577401	3.0944455326077
"FPR3"	4.01957738545187	3.72074907046319	3.58577378852835	2.30890689420474	4.19873772537662	2.34392510983887	3.50545653185166	2.88976944962699	2.52902255930846	3.21636639162259	4.84567069014449	3.69548722244653	3.55430642415455	3.35111662433315	4.17132694023331	4.97427002624067	4.60338599941791	2.32661931712045	3.6871278930653	3.46083821614815	1.97618947524779	4.38959778532186	2.93321569703712	2.659173339645	2.73094204799365	1.67815756258776	2.41235339455826
"CD226"	0.722698148543644	1.38565467210516	0.765448606411038	0.0469975734048246	0.639629486492049	0.207513704036936	0.259213421968889	0.501735169821666	0.446554267839372	0.220981187780963	1.57802813955099	0.345735292265209	0.572405617595144	0.0214284859524646	1.51366507123384	1.1362471764179	0.834012955561447	1.1230768156008	1.00034620526684	0.997960752697046	0.244556479729891	1.52665729116927	0.540107637237864	0.317886355015466	0.341218382272028	0.348130418340783	1.5895142291012
"NCR1"	0.31021271570691	0.153787829111643	0.301240538659625	0	0.093152459179153	0.160141335597347	0.0718237526209526	0.220042006319778	0.0746699051837679	0	0.387416585738833	0.123605084213056	0.110137366057	0.0574115918415729	0.619259928893758	0.50067511070036	0.240606197471451	0.128049059320403	0.282903528013989	0.167215321269834	0	0.450891869930989	0.313592985729439	0.186470131417696	0.298288797564963	0	0.602473033561442
"IL12RB1"	1.11569582464362	2.12781979460203	1.42381210256206	0.233844508773773	1.22193583916402	1.00929126943093	1.87576826987281	1.68173260393601	0.239829991040248	0.411236404941812	2.30036683847653	1.25437937629223	2.37961264518869	1.96318925606226	4.0799753767206	2.57263384014805	2.37224589576648	2.86697027274585	3.25090247031986	2.23689207862376	1.53193534907222	2.58096912946093	1.39033200807662	1.08875220401058	1.54634875565978	1.5623132595719	3.95391705206277
"GFI1"	0.840733921511923	0.636116470417562	0.725599388121177	0.0532183352708088	0.397205502194044	0.669236802988069	0.40871023086462	0.858936638131069	0.0220934174122138	0.257221272520244	1.23992345106372	0.448341203726181	0.668486788023686	0.420019350298429	2.88018299202064	1.44690728109467	0.92568996524963	1.09259648021901	0.847110579146427	0.529321725153351	0.635003019278124	1.12400382306209	0.625721231926661	2.05314957606229	0.664221584233376	0.735042065554206	2.02849843011823
"CD86"	2.49573608956244	3.03123373103163	2.50776546892713	0.789911167610309	2.60174880431578	1.65895178100952	2.40272763332183	2.08666319689987	1.90186512135567	1.80908305967233	4.15212661891957	2.53150498111728	2.63125681106636	1.68935060455812	4.08499117073477	4.06953891772183	3.62417109705828	2.9031742396417	3.38039006499632	3.12209701668682	1.68511487472432	3.54456575353618	1.92576780944633	1.99222097276172	1.86092705273431	1.56391955524364	4.0176101809488
"IL2RA"	1.68366277231705	0.989994922065593	1.29490595161691	0.166350644414098	0.961300306228272	0.299503745139219	0.893767972356667	0.977936360678371	0.313289393234351	0.553925182113926	2.06317329369916	2.44017351711988	1.76633437182612	0.413353613196036	1.44974359826768	1.98326726162587	1.15351676821311	1.3078947755125	2.06246541654846	1.34540489186578	1.54543961342196	2.32027092958544	0.949725412214353	1.40575824299507	0.35461238844021	0.576496984258769	2.99478244754365
"CD80"	0.505681114103245	0.752230498094169	0.533567334931051	0.142835041877164	0.086202495633024	0.153797944274272	0.366952735278877	0.207516827570867	0.124832857611014	0.159177191125249	0.812988145038394	0.958953633244325	0.591773710776219	0.22554764626805	1.12523449803539	0.915858924082818	0.960200303482375	0.266929828795526	0.701089894146246	0.697080768135955	0.362390212190989	1.25665442776476	0.310434358097421	0.0697878047753227	0.314058408858261	0.113534753051141	1.60277516347636
"JAK2"	2.25977112885281	2.70016336008505	1.90095952381246	1.72681814118737	2.23616194693015	1.66395254110889	1.76393628857433	2.29799692875805	1.82429943573988	1.52419660226308	2.33730719514445	3.22904334871065	1.77578803485639	1.49398286500136	3.27768874135468	3.07140572627903	2.35333034934055	1.22166058326251	2.66459433772328	2.59514437420051	2.12175811478286	2.43295005644461	0.559994894437713	1.07047176525269	4.29136043635997	1.04811758399026	3.06747695526184
"LYZ"	8.36451334011768	8.40126993548842	7.71785460717432	5.16567280949494	6.28662891278737	5.91624732369001	6.61832309425309	7.43816807435673	4.85099939471647	5.94050741185733	9.30989239029024	6.25314971828022	6.150954617143	6.69690495015254	9.44645888783681	8.89349114708491	9.02366426866403	6.0438825276928	6.84846645742676	6.13527320570324	5.81865886355119	8.57458595908148	5.62390196918935	6.72033319465959	6.37938876483589	4.98693421551358	8.5990164567993
"XXbac.BPG181M17.5"	0	0	0	0	0	0	0	0	0	0	0	0	0	0	0	0	0	0	0	0	0	0	0	0	0	0	0
"CCR7"	1.75967144652475	1.18963165963388	0.925505020973474	0.0575047556380872	8.14352352233435	0.211280765272639	0.831871972913646	1.78645417624273	0.162546496992824	0.311586233698709	1.56624770412605	0.558580633081731	1.72391673348999	2.47765531140477	3.11232231400185	2.51857290537375	0.945604332394629	2.0165212798021	1.31838626258397	0.67160905487787	3.57107606754931	1.79784721631192	2.24049751707326	0.789982092037026	0.719744196986398	0.835458457196404	5.88639162749735
"CCL19"	6.21823966812881	3.39045789628568	2.7329768040962	0.0332050522232738	0.0374701516740523	3.31055898062712	4.87139766461925	5.6133548412208	0.121066673763655	3.53829603872377	1.17832583385728	3.25683404325871	4.26481038193319	6.21825129458552	7.02949705825956	5.87639661464129	0.732576594317115	5.24583028544954	3.36986915364284	2.8395968531951	6.42359329701547	4.09616906683425	1.52174427023085	0.463767869835687	2.41910466934889	2.39294657541042	8.86878243649414
"LY9"	1.25580585731782	1.02709529481736	0.972372836472713	0.220788077125906	0.134106505515416	0.233791141180593	0.547696591316959	1.20060478994975	0.172625377827912	0.151928807164878	0.781989954884548	0.393076767496984	1.28643467102196	1.56669096732078	3.45355247739549	1.93558043881256	1.24563864743999	1.70720891830842	1.05753761107777	0.64440131008513	1.02172702536396	1.78023029711062	1.03159281219816	0.50921140012997	0.756627945134455	1.10566466988576	4.70850179092829
"ZNF831"	0.425610763680544	0.165448273070517	0.238500126021258	0.00413213010768275	0.0394080929955855	0.0397114266733286	0.0852949302442666	0.264633708300691	0.0461153727480257	0.0358782238939203	0.331052789714883	0.0929280642621972	0.208899888446639	0.138472951346288	1.35440984391357	0.628389602949916	0.316576748230784	0.462604678838831	0.31004282499621	0.12255034129221	0.317279174131584	0.475987063636465	0.0546947202190951	1.74355805222205	0.170683979954548	0.173527877721165	1.62707448349942
"CD40LG"	1.17354322800387	0.944607357549253	0.447016290221056	0.0964004476926213	0.184472894841196	0.105023487546663	0.316356626877623	0.876105124210472	0.0962034153030654	0.275130446302295	0.43050687961063	0.22360851277027	0.416007926253059	0.608853232378243	1.37430225183764	1.20079308954944	0.436939490762673	0.751126038734823	0.501871188326207	0.165627068961811	0.999769150324991	1.1366802969771	0.378577097927518	0.590053913961176	0.170910826757671	0.244361018710625	3.06394810725499
"CCR4"	1.94494837724083	0.930386885661598	0.456608520636522	0	0.0875647428399926	0.0246805206126078	0.233835307605446	0.486326685131747	0.0301940268379165	0.189543107080233	1.35724795099098	0.187673379797768	0.368648794576778	0.201807601371299	1.00537339735233	1.44994956251343	0.553125032356991	0.129212974461479	0.726169430504866	0.395015623166965	1.68418363246685	1.45460232029845	0.258867420854374	0.384559358495617	0.0600414329730852	0.232838780513232	2.1684398643931
"TRAT1"	1.33495149426441	1.80694884931032	0.841643897392961	0.0163906277375483	0.281136787847909	0.119563352429397	0.587547896749358	0.824674996388147	0.0418838507265393	0.156562688486798	1.57089033290767	0.464290816972675	1.1605652776816	0.579165180329871	3.25971087917762	1.83277661894032	1.03834838108761	0.951662389320646	1.17241070627611	0.549815034482129	0.795407060183539	2.20176244347569	0	0.0557298662495234	0.515362255452754	0.378818995528174	2.12354039378783
"P2RY10"	1.46005839903718	0.835270065932564	0.932482273998766	0.0809913886600036	0.335699335269263	0.168921562729995	0.30447599616063	0.820473089012699	0.0868387831242409	0.188200237399339	2.1857444659506	0.491172240115314	0.840688407647811	0.558926861186115	2.72219166773766	2.30592384051098	0.754217080985683	0.67066633201689	1.36315986078767	0.549364090399932	0.922277023154785	1.95931761947596	0.431680719841333	0.0872186826443822	0.392336108993513	0.531211259252285	4.41997028720838
"LTA"	0.122401778113333	0	0.0409849144265623	0	0.0174180522876486	0	0	0	0	0	0.0383193003613373	0	0	0.188573733799427	0.0392010146392125	0.06126496102684	0	0.133452064366491	0	0	0	0	0	0	0	0	0.372057238111686
"TRAF3IP3"	2.97707106109978	2.17812342136436	1.80371060959348	1.9971749636858	1.12840229199717	1.13168495847653	1.61875314074396	2.33240289489968	0.515218922859204	0.782366625508457	2.8984028274644	1.15627039953202	2.47763977038329	1.84585933360868	4.86392111023514	3.33414203990638	2.63223912861273	2.48519237017595	2.45819955574707	1.78936201110721	2.76910841244628	2.79246912472281	1.38297706002403	1.48760982723466	1.57307878243387	1.59658694586601	5.62483200245346
"CD5"	1.94705828294672	1.13917804513277	0.906805955016638	0.133636513479827	0.309900846180544	0.310483801229424	1.07442322917589	1.75612875444003	0.119147643560557	0.258199295421202	1.84099892062549	0.699301982040703	1.26942818727244	2.46869408879611	3.32743731368587	2.38176649752169	1.19218785150567	1.84008450818792	1.50653339553885	0.911101346155321	2.00720088458461	1.71493125311222	1.17127729481549	1.00185987723968	0.738490293935662	0.928583323941451	3.96750064746218
"TESPA1"	0.829328391056221	0.494504703986157	0.471926180859947	0.0198976238297955	0.116233790238214	0.181131817919724	0.237694643987699	0.529585099699027	0.0727438074895201	0.154536548500228	0.914662485666738	0.261863544486998	0.369986793018315	0.701309955615899	1.4990830497414	1.11897760669649	0.416198761969853	0.739150775578275	0.648956842042144	0.282972895749338	0.660621084106824	0.893341628426698	0.444027729675083	0.165131145280363	0.334394363799533	0.69913670920207	3.37056326867273
"GPR174"	0.890335008390321	1.02103832313291	0.913787861363332	0	0.0295203101057875	0.0971240409000778	0.475365091462535	0.536055387643308	0.0467195823107836	0.330007030295483	1.41187362876134	0.55227967482469	0.570032001184907	0.227018438548847	2.45416931153283	1.52994584978325	0.486567135979159	0.256546949649678	0.88443889343574	0.46330385703423	0.376561002208884	2.10019892034074	0	0.204120679209952	0.424879102243195	0.220487218642753	2.94016111127294
"CD28"	1.663763589128	0.789949967875727	1.48422064223142	0.808867721821944	1.63120674617156	0.0939269553686191	1.55807901813041	1.07005609555483	0.504638187651135	1.71092873049146	1.27548985223463	1.07495064390948	0.975505829632561	0.50193690053739	2.13986400476258	2.0544126512987	0.829107933579335	0.914168014883003	1.15800410885356	0.885635662966694	0.99749691797291	2.45097630441226	0.463472844024954	0.385391276246403	0.527716950471289	0.29915554913352	2.67064548639627
"LTB"	1.4758682923341	1.05178622975583	0.818409260996751	0.0512691428740076	0.300021194374637	0.265370280888238	0.721188017697441	1.56885904532345	0	0.211253349562584	1.14462724749593	0.386424704896995	1.14098801130071	2.12556679873206	2.87277262628087	1.4165479313834	0.920098894915018	2.77897493599828	0.743629138293006	0.340603284847295	2.31084904622462	1.28836742211553	0.4415928992838	1.10528919503914	0.416539284245089	0.976859236415964	5.67921546385257
"SCML4"	1.06858139175325	0.551721241011891	0.460145444903455	0.0165689734156356	1.75553283025987	0.544716831941366	0.5987591768887	0.647463261813737	0.0619757767527938	4.52441164135055	0.317776398399325	0.154373872826842	3.30173468865478	0.347120787239926	2.11204284796203	0.811566384999491	0.362098401308425	0.427470477982269	0.393537014944171	0.134102824538927	0.204366746342938	0.702969096419113	0.301818225273906	0.224345332438596	2.65622862910521	0.699552520881831	3.10035873669589
"SH2D1A"	1.76557081328816	1.62197448307073	1.06044173560669	0.0357222207698745	0.191131167306775	0.344895518281142	0.51542786069198	1.15020545796015	0.06336184121184	0.149570896750992	2.00759739030929	0.793925422649594	1.32966611986861	0.717822700130103	4.1237158523813	2.30406998866748	1.03694284479826	1.62204478904717	1.41495003324065	0.822031775714171	0.963028669357781	2.5440822457679	0.635340209874633	0.633663696866632	0.883898381311852	0.942930316918233	4.16920347352485
"PYHIN1"	1.6406602569026	1.07686278843678	1.08603301621481	0.321454813291525	0.584847080501015	0.299051777504335	0.753751707626681	1.06684625595214	0.191770449512651	0.360451931300774	1.41888346247529	0.739813114760606	1.23600577017311	0.890532687582588	3.64998327066957	1.94263648415342	1.33295707236286	1.55521490685919	1.76594628007042	1.00518868841318	0.853962921772493	1.76422087145663	0.298658315564515	0.333774059982941	1.20892298023982	1.13273475731557	3.23120965830877
"IKZF1"	2.37700294092565	1.89432304019369	1.98822476862655	0.355029236008747	1.71599657335078	2.78695280988868	1.33845864540167	1.75660062008711	0.704582068690762	0.850110508774811	2.7217051301052	1.52707033551266	1.71357045327295	1.65322056246844	3.88557436437143	3.11036825502972	2.33558472577368	2.05447343170624	2.7399377284246	2.07373456002101	1.9126747717679	2.47730171174079	1.19883357136583	0.906540459126985	1.29364122163892	1.28413505026476	5.49517388208642
"UBASH3A"	0.781634166706738	0.463291823149906	0.383048416916814	0.0139132749282237	0.0604666384261692	0.153023669949676	0.383975182707923	0.922809436669257	0.0276039917546679	0.1322689252016	1.21216775618941	0.413503098771947	0.659277940042285	0.644077309124438	2.90273446209866	1.30293314417412	0.80434727367584	1.22790122950738	0.808675414012033	0.371501990034304	1.19171108147759	1.03323973458864	0.202847723232893	0.423505025968017	0.587777816303756	0.534992876274395	2.37939916252558
"CD247"	2.52432199338196	2.14702334258401	1.95056359528854	0.0603767787296307	0.621931829108536	0.801924716235669	1.48011515671138	2.74685555625393	0.243574035426317	0.501286778325683	2.73792466751184	1.61684698219845	2.29557463381391	2.1235122522164	4.46581778323171	2.82239772902601	2.28393362191021	3.11524470282946	2.09974292585119	1.29512349104711	2.88855623428112	2.92096875024775	1.9157273950051	1.40483774173434	1.43171922530868	1.6838356648545	4.57317454225506
"PPP1R16B"	1.56117703192997	1.43613784751229	2.8491045511842	0.477151438024316	0.731960001925112	0.449761555295024	1.18665901720211	1.16835000144691	0.558386180017037	0.611472221665788	1.73376431147445	0.961677775570426	1.39113805290858	1.14078192719641	3.22238108583088	2.66130951982845	2.05530673331832	1.59870820960132	1.8505714216962	1.03742088079194	1.54192612980989	2.18249526403445	1.79834503926109	0.722695962992086	2.61992238335657	0.867988161146827	5.04905130825276
"KLRB1"	2.83762036491527	2.64130093507361	2.36800420272069	0.115397800420942	0.905274256778192	0.514439428800336	1.59260294391665	2.5741293684299	0.22734739184302	0.926531598927755	2.56235844582356	1.17791460391599	1.74089518833897	2.57979803776276	3.98248711695648	3.23418782375806	1.29005867029721	2.58076175509223	1.7574457491589	1.05799224245411	3.47653463365094	2.99694727587169	1.39287241010854	2.29524400553004	0.452180013666712	2.04621513715473	4.05607190516211
"TIGIT"	2.131790301929	1.57437282068645	1.65479754405284	0.0478960518311308	0.117971122819186	0.591559267123436	1.04988513355529	1.76169589359749	0.0580117135559342	0.160350223971407	2.86794389428282	0.960331918059592	1.82095091687759	1.19904723786325	4.77349530234493	2.8416883748622	2.45680352136826	2.7402853803545	2.3244909289851	1.37035681306554	1.3175066798419	3.05948161174173	1.30992703184903	0.935032722316496	1.51331387195665	1.6071574759294	4.60537580326534
"CD3G"	1.57703720781494	1.76530135034588	1.39118205604377	0.0390267650086064	0.378185315322118	0.0702682738289137	0.627671267731602	1.56286516765616	0.101255196896355	0.222374902790303	2.46373230254621	0.501080369493335	0.889004249605714	0.457195545500226	3.33834311381032	2.76505518272631	1.29961393108321	1.25863047675483	1.91003608645283	1.14029440475642	1.02102979225146	2.4635152184634	1.241980481123	0.606144656398795	1.18150333207044	1.45458652894914	3.82673151364181
"SIRPG"	1.66378863237938	1.62981121597812	1.14506829738099	0.953088267503929	1.78161989978503	0.419152682946266	0.896850748466734	1.40366584032549	0.0557462448850859	0.640643600101618	2.54664015283068	1.34844206510792	2.1054870020044	2.4171598550146	4.63778411029132	2.21548601735578	1.80396679634744	3.63129639603232	1.92909030637539	0.896983234998435	1.72877819477155	2.43852041744227	0.999009249740479	0.71733929335662	1.16673472361321	1.98732086592925	3.84565062023915
"RGL4"	0.641069676130027	0.863283936727703	1.08226658160803	0.185202435686775	0.593602844463156	1.40248207145883	1.01516782994063	1.38150765122789	1.26727809743535	0.684265785475271	0.932579405010392	0.842398419874938	1.28842353369053	1.42097547781301	1.75713635277949	1.19850358298762	1.00924683230416	0.469977118389014	1.10213403052854	1.56378535888418	1.08699431361316	1.54593131310609	0.479592741898834	1.43983055161101	0.551172436884994	0.777609502255658	1.54641790607738
"ARRDC5"	0.132049348265659	0.0532663743909832	0.097508860553226	0.0227207640342753	0	0	0.10732966157822	0.171187608439674	0	0.0363015357349274	0.127655992915229	0.032031281719377	0.283237292598987	0.136845964020233	0.472137322971399	0.295397426476136	0.157120048042858	0.0793036232902909	0.258997633102417	0.171771622926564	0.15706467112305	0.0851156199062587	0.216105906489861	0.211874436821856	0.0975228839323578	0.262606342805841	1.9214629907112
"CD69"	2.21072237898092	3.94980103668565	1.34799723964655	0.105311592172354	0.509971941516371	0.529429179778367	0.881240948967259	2.15502381763653	0.642039327949281	0.787451271253163	2.87386535487684	1.74034691249758	2.16409919352395	0.994160430956047	3.92896717679879	3.11853000176516	1.92628603080973	1.65572733844785	1.61198204543582	1.19074126825662	2.45946047224958	2.38628259715507	0.590709316413241	0.809711596461648	1.13188576278912	0.701475423280217	6.42771845996379
"THEMIS"	0.810816942730344	0.683750343854081	0.449088542149829	0.0379952283564931	0.10057659674943	0.0767491845291962	0.171075108216834	0.64337505732143	0.0259135226305997	0.126479058264909	1.43462555906539	0.320250130750032	0.633897540500368	0.303436505640377	2.10736481674056	1.35611281449104	0.585823532668096	0.390324853444142	0.796535460171447	0.400840645191063	0.354606182762788	1.35600291515793	0.0315384705178071	0.121896933325719	0.340384520326661	0.13822862364474	1.81431662024673
"GPR171"	1.35688750813759	0.982033800585106	0.643088240827781	0.0724344436278822	0.168840970002142	0.292431926878571	0.381179251023851	1.08761219488816	0.0628997144613387	0.098701910804255	1.89215784423504	0.697639060919662	1.21153869667147	0.991960948087542	3.50884948284744	1.98136863009671	1.32379949877189	1.2917715090739	1.0100973506117	0.485755518094407	0.876067394147198	2.17363916357058	0.710058986055924	0.896649283640707	1.08753752000196	1.44069179863008	2.52329346434549
"ICOS"	1.40411291037582	1.06347049856006	0.765704889480145	1.74808762966771	0.088611855088071	0.541532185397772	0.598954931692491	1.01862135645588	0.104405639119245	0.157269477488134	1.90005722291489	0.717646376316173	0.926266292453713	0.44344009544891	3.00717396848171	1.59826038219297	1.57619317078525	0.889779960999606	1.07475887904151	0.720552967126202	1.97868803925104	2.08743228973775	0.320131109424527	0.287279607699125	0.596924650021508	0.266324804400069	2.84876613879972
"TAGAP"	1.55012001947452	2.55061505169387	2.01732333256348	0.307880207470607	2.06362718820347	0.370687685757289	1.35868600974858	1.31420055930544	0.714765563576887	0.472304758538294	2.27487290639437	1.43436935323256	1.6434544875558	1.35490346113564	3.40439839025343	2.83181949170909	2.3490552460365	1.5683215878846	2.08535326759706	1.75370507647017	0.889123826694274	1.93312880908928	1.0873474210302	0.792170690462397	0.951912252816728	0.78927018643171	4.76688663936294
"IL7R"	2.66791596185146	2.09577086182808	1.59415199277468	0.380673490352614	1.65269987180408	0.473758862545228	1.38406362564699	1.85260016774033	0.876168791454833	2.0387048182082	3.22024017063477	2.30134620177408	1.16926762395411	1.43775773075593	2.54199053816093	3.27197315684375	1.55185311976875	1.81240375395314	1.18827114584678	0.782600212556203	2.89751441478844	2.46506678259823	2.75087658293479	2.64314043551271	0.915556848172587	1.91937059516713	4.53567974119837
"CLEC4C"	0.2668560881613	0.202142478320096	0.280779379886249	0	0	0	0	0.216325102122063	0.0170224546292957	0.0249264197714013	0.746532486553276	0.0784666510380017	0.135533228095439	0.053092981090227	0.148325930003166	0.508812474983736	0.0649494678006342	0.133623428562287	0.284485113224543	0.161948548316115	0	0.460100873881058	0	0	0.0711489472640519	0	1.91806941741782
"IL2"	0.099578059308572	0.147424584619516	0	0	0.0469539335346668	0	0.0808650145394585	0.238417580209224	0	0	0.0877465999437363	0	0.116836882568118	0.0968568926428966	0.209027200761752	0.230675839749469	0	0	0.03223092677192	0.0364479106784619	0.127630044387829	0.0474099573635601	0	0	0	0	0.422000428110402
"CCR2"	2.08486365020238	1.87680177397827	2.09637656232257	0.272839589128989	0.833559674187657	0.135113031570611	0.660854705483171	1.7282731912064	0.636919219239227	1.29776075047466	3.08263958073466	0.866516746102473	1.19197948133977	0.889127332061998	3.93465802783973	3.48357589919777	1.30617764736476	0.955446724566235	1.41288176545508	1.24085466627636	1.27010728491115	2.13645554988708	0.400156439324445	0.910326654950516	0.470839818762358	0.684080822385199	1.95991478833819
"CSF2RB"	2.56914228507484	2.029818593104	2.00682939800561	0.476774130195502	2.08780056208707	0.749246343513365	2.00743951873362	2.24481400942399	1.16899496492755	1.44038882589335	2.95630947371938	2.71253525421382	2.05789384354275	1.47576455393944	3.6119926648488	3.67233481708969	2.9549472471103	1.33908891411386	2.18682538100811	1.75362806759083	3.96420915628705	2.57035363180701	0.868167586131304	1.38535372323457	1.10563114931862	0.667790417887822	5.408226126277
"GPR31"	0.112059000070408	0.176994809843091	0	0	0	0	0	0.0350459418289459	0	0.0444446215445547	0.230437293921128	0	0.0596433724942856	0	0.21162092597365	0.22992256456717	0.0479884366208749	0.129244368688146	0.153617935653523	0.0454031982420973	0	0.0848237254575136	0.220207351550801	0	0	0	0.468763675193939
"FOXP3"	2.17444956450188	0.60970721819793	0.667131870977789	0.246041361985265	0.420154669514708	0.443770536566742	0.673579488836205	1.19499790714715	0.151548168834474	0.543855646213555	2.26197152961839	0.867624500226461	1.02779455651105	1.94193261830024	1.8770472697266	1.46015802941344	1.69948278305658	1.81882193570985	1.39047234177102	1.13119435170845	2.68067992272219	1.14456525482621	1.69539701951914	1.33075342315634	0.779509359618864	0.752352116871828	3.53389968867811
"CST7"	2.89896965462216	2.8297034567466	2.25909769564036	0.450630091630963	7.11072341275487	5.2752529404711	2.43624714026882	3.30330951259071	2.04242546536971	4.47801724034487	4.08372396639301	2.16510316006944	4.77289912228931	3.94744641657907	6.28811950834648	3.71093313738954	3.7061492460905	5.23470823711978	3.20687136178923	2.11190935253964	2.94648384062131	3.6768428367283	3.12580812339673	5.45218027729667	2.74260559190287	3.78814277096489	5.04471322569492
"LGALS2"	2.94447336347004	2.93699026688023	1.8677581167391	0.0437811672867002	0.193899767046557	0.100479176060632	1.90106382200141	3.72382610690111	0.0412157824771372	1.79356507532223	1.06293196387842	0.221554796800728	2.745379335391	1.75245745442859	5.69634581669661	1.83042571115773	1.29132359616883	1.24117571983198	0.871262117336268	0.51022621035374	3.58012377145837	2.73784464892889	2.33292843791644	0.888348541723989	1.98708433915753	2.09099904724935	5.40978804693739
"PTPN7"	1.80678597584186	1.50274557784155	1.40694748864322	0.162052736590942	0.778620295616181	0.721772052428408	1.52875383200143	2.19027508369121	0.703262860755889	1.35533488528717	2.7939967740599	1.4575916654294	1.88670621136873	2.07304556197354	4.57928274578288	2.73509212076373	2.07056621893843	2.4433719292369	2.19652993464215	1.60158480430272	2.29657046911713	2.53758681353647	1.3368831957518	1.11507986668633	1.04744067026017	1.59459632011842	4.96024294050529
"CLEC9A"	0.588369486656193	0.73368406179933	0.104558079735731	0.013586531688829	0.0149084104869462	0.0347788763816424	0.0298563952403782	0.682070288873949	0.0120213824735265	0.0548313242739128	0.602661159620769	0.0556360325159736	0.320075639821372	0.103050611947854	0.589607705854353	0.864299871598729	0.0710774666846087	0.915561819553875	0.470349959880173	0.126545268984625	0.110186687847096	0.823538646238484	0.138343976642854	0	0.0915694526138518	0.0667377148154788	1.25787356254275
"CLNK"	0.283241441939131	0.170871739880324	0.0567575429606303	0.0109678422437712	0.0121855486664095	0	0	0.0349040716660275	0.0292966103919441	0.139712303166711	0.244541866737826	0.0429114913891006	0.0873387980901157	0	0.239798225470669	0.410422518515573	0.0737989867949545	0.0459881421616929	0.0885250204983962	0.0253275822027745	0.134251305049678	0.161255014586349	0	0	0	0.0577693800954395	0.554206701752635
"VNN2"	1.57098987993748	2.8332301463709	2.79235354864574	0.371572801627145	2.67798060667831	0.245122619208424	0.828596651148735	0.662165842088476	1.51982115754582	1.23755454083912	1.43293001874446	1.22380248168066	1.26519982809429	0.934287010846539	2.31834287469482	2.33075055536018	2.64475845759235	1.03998971887376	1.1140571287638	0.972798509017982	0.612324187206692	2.30000654660916	0.227423179741219	0.712736631668161	0.893163365335464	0.51980254236289	4.30415324412063
"APBB1IP"	2.88148549477305	3.81370937527646	2.60570292403629	0.907996622454975	3.02577210490145	1.70235833597506	2.18816509843974	2.45829800199925	2.11051525625094	1.47634539289583	4.01115567807976	4.25344096818295	2.36760031292462	2.75440866168605	4.06102873979401	4.38976984854223	3.75080478139013	3.22782269483388	3.83957669861548	3.0855886668065	1.66582933399889	3.09621377366902	2.55263774593119	1.54564224364213	2.27817511099278	2.26459948184987	5.52385360187816
"HSF5"	0.0117418706961146	0.0358070851840691	0.0150653955259007	0	0.0063641762805017	0	0.0386048140005086	0.0694716194263943	0	0	0.0564602004133477	0.015638592080207	0.0844915658826999	0.0300044852840201	0.175508377665381	0.0671701778976565	0.0175150747583696	0	0.0272212010948448	0.0247038360338239	0.0654746351446262	0.0684340448097506	0	0.0856107940568614	0	0.0303246356525505	0.722229927783235
"CTD.2370N5.3"	0	0	0	0	0	0	0	0	0	0	0	0	0	0	0	0	0	0	0	0	0	0	0	0	0	0	0
"SELPLG"	3.28985216684855	3.11778811676681	3.41106213623188	1.44747075893261	3.77515592076381	1.91391573888373	2.79537838167466	3.05266281455249	1.7897063015975	2.3170594494486	4.1762709049063	2.86702762095445	3.32201753920715	3.67101590444708	5.00294999830185	4.6287881736955	4.08901926339121	4.0518201551458	3.0900090713491	2.47613797725537	3.4502690129751	3.53930772678125	3.24547132360085	2.56749920667703	2.19635209508947	2.47989535174881	4.64554603830472
"CCR9"	0.0182641957680091	0.0182547937339764	0.157211130689429	0.0502642296292552	0	0	0	0.00915738051767037	0.0182359182533978	0.0258192598558204	0.0108026782606943	0	0.0792410805852302	0.0259176744723021	0.0719126276653468	0.0446266106033429	0.0113023362402885	0	0	0.0108789982552011	0.0210536785924099	0.770910637906292	0	0.0513148800639997	0	0	0.580607651808937
"GPR155"	4.01950177332011	2.95948733701182	0.784767371129175	2.83739027097766	2.9178527584916	3.39108992294265	1.38059370468101	4.00832552872214	5.1868134985153	4.65342408537331	4.75441186873573	1.20670885636365	1.17249711637686	1.07541282945208	2.24242263416197	2.97923608198841	1.44729618369635	0.677688638337529	1.98056278228825	2.21170844519559	1.66356322746553	2.09850209330041	1.82895647641766	2.7077235563764	2.32044135319177	1.78378769236381	3.75193497313185
"SMLR1"	0.00938909795899005	3.67114615119048	0	0	0	0	0	0.0158148189467646	0.0284459520952982	0	0	0.00603522298446643	0	0	0.0148297330685584	0.0114963544601922	0	0.0132284081277778	0	0	0.241748067748183	0.0232860868783445	0	0	0	0	0
"CREB3L3"	0.0373419454721319	5.06019008925071	0.0186530159265664	0.0041429049479285	0	0	0.0671785091141721	0.0435959221044691	0	0.00901975155364125	0.0313191069278535	0.0532440582982132	0.0285550787794453	0.0201206799490048	0.0173965288632275	0.128155988652834	0.0230874007550497	0.151284351319227	0.0335991273312814	0	0.837368066989596	0.0577581529090821	0	0	0	0.0707257800995334	0.0580831515399376
"ABCG5"	0.0511065100099173	3.84131399679976	0.0412874961880454	0.11880847984264	0.239256270412295	0.218138242697573	0	0.256089172276952	0.234301426313658	0.104333506012827	0.0649254697668007	0	0.208567200785918	0.115779042038709	0	0.0764662643987067	0.389695106800274	0	0	0	0.214744036346705	0	0.86035342095028	0	0.135785825650287	0	0
"ABCG8"	0.0072540693274782	4.38629708450739	0	0	0	0	0	0.0183021594185859	0.0351963864072667	0	0	0	0	0	0.0197288824479774	0	0.012623877431828	0	0	0.0104788103296371	0.440087916310417	0	0	0	0	0	0
"SOAT2"	0.018303014123423	0.340328684484306	0.0114295137997448	0.154084640736713	0	0	0.107886686438958	0.133134993511682	0.323790853796888	0.0316455992991624	0.0108279516515866	0.0498636709929948	0.0803095327974959	0	0.179135072536861	0.145421301106499	0.346995455256642	1.14236115352735	0.0249215277227173	0.0421084797946561	0.0892350790753159	0.0303627776943025	0	1.10429639799599	0.0932295488350352	0	0.114010205344869
"ALDOB"	0.0813363547940698	10.0161954299103	0.101574578008532	0.00917114269198349	0.228166675854362	0.0618354937259575	0.419677491444888	0.635563102536586	0.135987438592319	0.122763617342641	0.223567738917888	0.0200865628634437	0.0939423653544675	0.0246531486214622	0.114953845909776	0.338444953251885	0.041216834023577	0	0.0270112615182729	0.050379868591333	3.9276404995791	0.152747793513332	0	0	0.0334872804292406	0.0480856296397432	0.0807895803498245
"APOB"	0.00929225133262988	7.18131627488487	0	0.00150499882536899	0.0352883913405264	0.00950665542320443	0.00366003686528585	0.139236339824405	0.00263730873017382	0.015132139332514	0	0.0903528029263316	0	0	0.0198767634665099	0.0599324478465152	0	0.0189923680802133	0.0231590274526954	0	1.61652002634693	0.0141791020144353	0	0	0	0	0
"SERPINA10"	0	6.47363351160352	0	0	0	0	0	0.0743262871815631	0	0	0	0	0	0	0.0186970503464283	0.0110886784685231	0	0	0	0	1.19334912164254	0	0	0	0.0350524893458244	0	0
"SLC7A9"	0.02909705369869	2.10107685061638	0.121895938971047	0.0314296398555615	0.182156303486431	0.207036973485262	0.378210290476076	0.236384239977548	0.24873458942563	0.0671807124030577	0.0513691084302604	0.0497071518746811	0.54730421966233	0.0860838485395089	0.0699086242675545	0.0840515390732622	0.209211908459614	0.0627428076538245	0.0173206241578672	0.0574914468926304	0.11514267314275	0.126990031096497	0	0.192466894101768	0	0.0897238932561532	0.22475773775635
"PIPOX"	0.259361682762142	5.93885974422005	0.153512487895745	0.123215242401181	0.362597249885457	0.105374825315556	0.307229740181109	0.307677405050081	0.122671526239916	0.142061527682081	0.866029634606215	0.315038672046208	0.376243700615896	0.480561387065721	0.553412606542442	0.773854157805804	0.537019679397141	1.08048985075827	0.430407321421564	0.367926228654285	1.39831753169361	0.385492885377676	0.32278883846742	1.36244183412564	0.478480040408615	0.418976805121772	0.422281448583621
"GLYCTK"	1.69692859032465	4.66934430494167	1.96546662595273	1.24023494075567	1.41862174713067	1.75246387720156	2.71083508072458	2.60652040160697	1.74853207789603	2.0587407552736	1.36558896398713	2.09188766841829	2.58004777350729	3.24722877613689	2.10052526332519	1.7778468057558	2.96450398853209	1.75011766352745	1.11448696689784	0.975877033649435	2.69582014492104	2.11050690431016	1.16783960212089	1.52215118892109	1.20455392961584	0.908953520430163	2.19687138807677
"CHST13"	0.966330789435851	3.10745102696479	0.419559385727678	0.0890231629397682	0.445957071279168	0.314068272810904	0.957049836538049	0.524729689968763	0.141512051960928	0.242001829555428	0.264126833622459	0.490066382781532	0.78315907436792	0.900040214824394	0.0530911038233814	0.992930452998067	0.528124689372708	0.195298457654234	0.945441401645078	0.60746194072003	0.42687498628137	0.623791495217835	0.988076763781885	1.33977590701437	1.03092221969373	0.254462223298236	0.399675333587295
"OXT"	0.458886964038764	1.85617898879707	0	0	0.0491868093394116	1.83765265586476	1.0831452748407	0.502830085956121	0.83625056324498	0.354060542958976	0.305253809312955	0.070152843923266	0	0.82017242558745	0.173373726243731	0.512476712857471	0.250636627469887	0.361428696675282	0	0.207633642884018	0.352652324316017	0.0890818244418013	0.545280454610958	1.00656373541749	0.64542037709319	0	0
"GATA5"	0.00786982166551241	0.0665720636473556	0.0531292049091728	0	0.00710946110001075	0.0199557068265387	0	0	0.453046568747331	0.0134659759698076	0	0	0.0394918986338375	0.0550583209112441	0.024420749422629	0	0	2.05708630320259	0	0	0.721132007936713	0.06478871473113	0.415604006515575	0.0726745322117313	0	0	0
"BAAT"	0.0141348866191095	6.67618982069458	0.331275840497734	0.00830243480214112	3.20534637228686	0.034754089525139	0.169841643320692	4.55552783260107	0.268999024218798	1.18991625603419	0.0773323612083276	0.543355813951767	1.15687872885816	1.50254446934964	0.0663775972793031	0.449512249515522	0.330936950253815	2.34078300014696	0.0310053618551289	0.0558149498472627	1.25490842680701	0.852668475831198	0.505037251973363	0.0896055354207397	5.13510797375544	1.44258261112828	0.221806568213614
"HAAO"	1.53671439835805	5.64638157989003	1.15972605108144	0.232058382611463	1.11866205550904	1.11253667364687	1.02254181375232	1.52629671944396	0.942265261174402	1.88014478057855	1.96571780374287	1.20838927815185	1.61816346431796	2.84708692025333	2.32998321509677	2.97031990566677	2.41493785971186	2.5567935687455	1.18023380909713	0.718843375697568	2.55613998902959	1.68758480219387	0.920396210057341	1.63707229402246	0.796417509730062	0.964093979740679	2.59863913890855
"CCL25"	0.0451083301529309	0.0502307204629834	0.0279234016685138	0	0	0	0	0	0	0.0709612087641434	0.0265940667303493	0.0434455109940514	0.169327666171505	0	1.23336658380286	0.204483566578764	0.0367249343703583	0.198426134779269	0.113620762059731	0	0.0640520283166707	0.035434094877247	0	0	0	0.155957722012411	0.815484437840076
"LIPC"	0.761615480805905	5.33386019744554	0.107381155229185	0	0.112141359662364	0.0794746459918108	0.90967711325429	1.11708658905247	0.192728210848883	0.217745030637116	0.372359858674317	0.11130953868567	0.286340035682966	0.0812332622709535	0.287627726645849	0.361782393349347	0.515455615856664	0.185921208149387	0.179392572436546	0.0351757601656802	0.913813514349612	0.375471549391182	0	0	0.0603224728125162	0	0.903177903891387
"DAZ4"	0	0	0	0	0	0	0	0	0	0	0	0	0	0	0	0	0	0	0	0	0	0	0	0	0	0	0
"GATA4"	0.0237980158803308	1.90226270954061	1.32371881032391	0	0.227333219680367	0	3.47504596079495	2.78218522348102	1.73796359386642	0.0588820320305437	0.0212034568403567	0.00655167173884902	2.19863873021136	2.59767776032511	2.70790683804666	2.09896689915231	2.59443269935352	2.83161684365825	0	0	0.970781149732111	0.89851640419278	1.28608271446955	0.0529445999473224	4.539686151615	0.822347553628472	1.49451801634877
"KDM8"	0.902802945045789	3.48506224298506	0.932645541061956	1.33389596730575	0.841492945531615	0.798481495720505	1.28865091089023	1.17245551215959	0.803051752807931	0.701289548101401	1.23015074086	1.54714625377522	1.25824754588975	1.46443825380698	1.51573515628771	1.39856653948436	0.848644771588684	1.83673006100778	1.23520011956915	1.27786575723488	1.388145442651	1.00633465190937	1.02385856727509	1.60276566349913	0.965176239479715	1.10025107288682	1.65744336459094
"ADH6"	0.0492487165856405	6.45470644018082	0.0203209841770015	0.0743581451633143	0	0	0	0.108238599209399	0.0978616284763294	0.0446450740060715	0.0707413712252169	0.023274517125582	0	0	0.0304602472198709	0.0296287195422173	0	0	0	0	1.20138293586405	0.0820477787085088	0	0	0	0	0.0368200764658934
"ITPKA"	0.431750777633869	0.503113610150134	0.459656136976142	0.469757846765358	0.328026443877056	4.53555844372504	0.261234723981233	0.274671373200696	1.18312440576215	4.50813070143777	0.398907418916583	3.06762925259966	0.664035854241126	2.99989810606457	0.156901245063218	0.286892973108885	1.67419622363217	0.283335095299288	0.130367647699622	0.0837109654024728	0.374158110085325	0.244001081951021	1.97219267814214	2.12646082004785	1.64695983700571	0.198129504891237	0.981005049286758
"NR2F6"	4.56677558588278	5.04000471607795	4.19950352982588	5.29836322199563	3.59102110296543	5.03841862196988	5.75823254390237	4.62331673534624	4.74789488552041	4.36870200873212	4.04881597254596	5.04124517291146	5.66729750111099	5.98438199931473	4.67376557699671	3.79124625633369	5.34936881638265	7.12006676589634	5.2807707701306	4.98174079443281	6.33298445352068	5.50395132251114	6.68717269447643	6.40947579805596	5.75869492886587	6.19499121178195	4.37192820101833
"C19orf67"	0.0141880877885465	0.0948238398799436	0.0646666380152355	0.0144117141055899	0	0.134325572435736	0	0.0977055799252803	0.0288274704899123	0.0244308205941793	0.0160181473565511	0	0.103079961416124	0	0.206074910245215	0.0319667262597956	0	0.194521308582098	0.0197478095597013	0.0862068444819977	0	0.091851321854803	0	0	0	0.104097622350869	0.0884850612633306
"PTGER1"	0.168894998426986	0.22017515096923	0.0685004972551633	0.0242805258783562	0.0721532834073776	0.60323346306665	0.332820767311705	0.561178987498864	3.6334777106551	1.22555258183651	1.52997582495534	0.763922270354846	0.1356826120295	0.305236295613964	0.0820635205418906	0.196017130636439	1.8284731689749	0.43847863318471	0	0.0448715112178742	0.292148001944173	0.177915369103795	0.635300271301475	0.76065784122555	1.21767741713482	0.213622261976835	1.29571714796979
"OR2B2"	0	0	0	0	0	0	0	0	0	0	0	0	0	0	0	0	0	0	0	0	0	0.0602278303543066	0	0	0	0	0
"FIZ1"	2.68419822282365	2.33195452842539	2.47172723175434	2.95600366586121	2.06912985511889	3.26293371422864	3.41040623610282	2.313514336444	2.1084542020917	2.29661745321055	2.23791700685805	2.43406638450343	3.13569328171864	4.37751595890035	2.74787931453479	2.19241355189571	2.89696735275197	4.77335287464193	3.17570821965308	2.98544396007564	2.6643041990831	2.2660878823161	3.85441462638511	4.44835256997455	3.86376999405308	3.55843908168275	2.97586309688439
"MED15"	5.48088711787116	4.93236122902357	4.90273205066803	5.25541575515249	5.06129233847829	6.22937161762396	5.10962383140527	5.03038022381062	5.73551270010204	5.37714978405532	4.55555544043753	4.66646120675724	5.69000356054195	8.04645286197107	5.29819090342822	4.8758218298612	5.10635041352221	5.0952282149597	4.58056761602445	4.32699387047486	5.07426351119629	4.83649225084494	6.75096820508963	5.6631168673661	5.47804637199983	6.16788976728858	5.74030697087901
"UBE2F.SCLY"	0	0	0	0	0	0	0	0	0	0	0	0	0	0	0	0	0	0	0	0	0	0	0	0	0	0	0
"CYP3A43"	0	0.573183996677466	0	0	0.0372970987272132	0	0	0	0	0	0.0335538117044556	0	0	0.0461906857324828	0.0539818358414007	0	0	0	0	0	0	0.0643981708452053	0	0.0592985101879987	0	0	0
"MYLK3"	0.309385764755239	0.0887129293950056	0.170013484024716	0.267275100645605	0.171857559041024	0.0116654460729333	0.0972928967855722	0.0509187910700566	0.00764699429704979	0.00726845255674588	0.0394090054784972	0.0244967070172347	0.252901239420486	0.166325318330079	0.0477393190870293	0.0642137604166123	0.554027871906777	0.468978407560941	0.0261583333402459	0.0266155950074486	0.00540023208444401	0.0210365885244335	0.359421089124159	0.0546622166885145	0.354720701419893	0.0437594037855133	0.0753217734945384
"PLGLB1"	0.0282387796403717	2.27400366791424	0.0688119437007968	0.0140013964767715	0.0461009803944592	0.0486029519167424	0.0184274822315912	0.00977750134348836	0.00821385686718833	0.0107169387422027	0.0220252898854075	0.0253173046496461	0.0335812267716348	0.0399654423671962	0.020183093062931	0.0710566604326226	0.0971241757768827	0.0269865532396924	0.0222562284593446	0.0482107917642314	0.0894068269797347	0.0508723449666688	0.0211382728694372	0.0341740118316384	0.0145518289337626	0.0735729321110725	0.148948417551573
"OPRM1"	0	0.0110209026191415	0	0.00634432585768103	0	0.00391762355009504	0.0944812733771091	0.00133663629536534	0.00739093386793769	0.0227616638394411	0	0.00310895932576079	0.00166845663463676	0	0.00495697102962312	0	0	0	0	0.0100416559310038	0.00288216297738143	0	0.0184541464676259	0.0687096029923299	0.0116237868307467	0.0235176753562839	0.0280508204055433
"GOLGA6L22"	0	0	0	0	0	0	0	0	0	0	0	0	0	0	0	0	0	0	0	0	0.127510926074934	0	0	0	0	0	0
"TMC2"	0.0767551351063917	0.0356767606639068	0.101615453687102	0.0118943286230104	0.0395164638530572	0.0312998369107495	0.0560449835541482	0.105461724456249	0.0547621557640914	0.0174202616276125	0.031932634167399	0.0104011084471695	0.0833334771866813	0	0.0143934310448432	0.0903806502376381	0	0.0134180224358208	0.0203937156123946	0	0.0163673772763346	0.0837331555041317	0	0	0.025015466338179	0.0355625411047425	0
"LRRC69"	0.356935947883742	0.171194014794277	1.61195372661904	0.0605565616956476	0.200578426044458	0.127420722405232	0.587185903199088	0.226276693517328	0.197027454163391	0.139592999640881	0.303064701578658	0.056140802762492	0.621120226137776	0.0457015003551615	0.192937735013418	0.128408627219802	0.247014834097955	0.453121919680069	0.20820883594851	0.23301678227137	0.225960324858302	0.215638219217216	0.256004606472431	0.151314619392494	0.0583777352234002	0.0831174918069598	0.212183323491389
"PRR23C"	0	0	0	0.0207067901873964	0	0	0	0.00939683795494436	0.010018768554653	0.0274517624594368	0.0107682398680747	0	0	0.0263067326193109	0	0.0111220355015082	0	0	0	0	0	0.0256139066622987	0.18615949363666	0.116960743450797	0	0	0.098445969650437
"SLC22A25"	0	1.45345699923811	0	0	0.0317024067888923	0	0	0	0.0140187915415467	0	0	0	0	0	0	0	0	0	0	0	0.0652662320187426	0	0	0	0	0	0
"SLC22A9"	0	2.65618628936905	0	0	0	0	0	0	0.0175801803473188	0	0.0322511719181062	0	0	0	0	0	0.0117696962387865	0.0340118357251647	0	0.0108473538693929	0.107716589036517	0	0.0555662084847298	0	0	0	0
"CACNG8"	0.0408633310366868	0.016322130519418	0.0141094925120802	0.0262363953890057	0.0115869207612006	0.0101705061581548	0.306076713434961	0.0379285502761081	0.00723063526607133	0.0359838348362805	0.101565501837251	0.0858372814477967	0.0895234384581873	0.0829387278747141	0.0547554887445462	0.0679187625045128	0.0675083453166243	0.0275700936411789	0.0344926044979472	0.0755670637626509	0.0719459115044685	0.00564872070123332	0.593659728535628	0.0468715378608041	0.0676354129898071	0.0241694438365827	0.0489877539633966
"SEPT14"	0	0	0	0	0	0	0	0	0	0	0	0	0	0	0	0	0	0	0	0	0	0	0	0	0	0	0
"ANKRD36C"	0	0	0	0	0	0	0	0	0	0	0	0	0	0	0	0	0	0	0	0	0	0	0	0	0	0	0
"LECT2"	0	6.48737861912302	0	0	0	0.0980156382494617	0	0.119826727670251	0.0461581996304592	0	0	0	0	0	0	0.0301541142681426	0.0245272024053671	0	0	0	0.792124868151685	0	0	0.0993986302492176	0	0	0
"EFCAB5"	0.0982267094011141	0.0609231831052059	0.705842138244187	0.376168115864552	0.143049586565648	0.258515909671492	0.217650122713192	0.0774159068528732	0.0698926117993063	0.165387168674915	0.346988649588421	0.0309712187959693	0.0768514352878369	0.0372170318716209	0.0526342295930151	0.146081157699071	0.0886645638484251	0.107479650967994	0.476229762354507	0.743007770628447	0.0388892179032765	0.148334391283186	0.0484342984479342	0.0529044078639578	0.323358538984898	0.309878151550065	0.311563565565316
"PRSS55"	0	0	0	0	0	0	0	0	0	0	0	0	0	0	0	0	0	0	0	0	0	0	0	0	0	0	0
"HYAL4"	0	0.022507725467545	0	0	0.0356968871414012	0	0.0247613571403352	0.253640194637576	0	0.013708863649698	0.0113738347397968	0.00670742905143262	0.0230469361329059	0	0.0165900955917923	0	0.0200539531184574	0	0.0190108207619205	0	2.20762271137084	0	0	0	0	0	0
"CCDC65"	0.111137373292152	0.0778650014244062	0.288698153604023	0.021213976987124	0.0505686327646329	0.0956299114158114	0.253429984967768	0.560920340504015	0.252487719317369	0.0285521792140955	0.193233667605	0.0623483934484022	0.0783138879179681	0.0288632481341893	0.342780006768967	0.0885927247914192	0.0670867253718851	0.0221309962875002	0.192465631587134	0.170448764955182	0.0745753772910845	0.271781823614382	0.118385376590332	0.356621623824061	0.11563151095239	0	0.291689598551428
"PDE6A"	0.0360918300366236	0.054649228961916	0.050674566707561	0.0363218645223791	0.0706718623528277	0.0105356410567115	0.284908510738297	0.198884225756056	0.0388725063355019	0.0194786369951012	0.0298055211067377	0.0335586040931049	0.061166577664584	0.00977719325907705	0.33645707217847	0.0480527675498156	0.0382147734907198	0.0252210464946164	0.0765681247735885	0.0971276825693813	0	0.0241680251089589	0.101726309689603	0.112219710371977	0.0530910342949329	0.0957174670038272	0.083092704531129
"SPATA6L"	0.150269158730248	0.4942041191017	0.263850499912915	0.0150367696958504	0.0581629001445217	0.102944223515825	0.30004521638807	0.449344789032304	0.152111623310676	0.162705805020173	0.103733889996662	0.906372286455933	0.13761041037744	0.110709675768799	0.138226264055336	0.0913469780132368	0.0971912079884416	0.0970601753164354	0.455364836751518	0.703211910445217	0.845235110479138	0.128305016440057	0	0.284806669819002	0.0686307791912959	0.0323023125726557	0.180691475216811
"SAMD7"	0	0	0	0	0	0	0	0	0	0	0	0	0	0	0	0	0	0	0	0	0	0	0	0	0	0	0.0379791387751434
"SHBG"	0.0831082306768128	4.52461536601876	0.342465427601553	0.278139419713612	0.136167363048689	0.142749580966103	0.206591216015048	0.23574972620629	0.321988109752763	0.107181062962382	0.358189745975144	0.0937850135480519	0.281917790068501	0.83211226786803	0.270059429468423	0.345548528828008	0.177722784036319	0.998664889503333	0.103683474383197	0.0703121072902398	0.641238498811998	0.186689566203648	0.127170882947205	0.767329360714847	0.393203103015211	0.226152127783868	0.189424817689928
"A4GNT"	0.0355162313996235	0.147276346502138	0.0157273432430497	0	0	0.0179287474242074	0	0.0726499764137492	0.0356688085167434	0.320623886318204	0.415495842812613	0.154815841234959	0.121854904670541	0	0.0253989560174735	0.0883250097014885	0.0596616447126106	0	0	0.0294807322712506	0	0.0177849701469935	0	0	0	0	0
"SLC10A5"	0.0874995701012574	0.890950915486553	0.227386210532147	0.156391827023406	0.103898953559436	0.076742413152877	0.437997361634884	0.11077140349652	0.195462253371988	0.181051649920582	0.117655949758353	0.0976873787791405	0.197077165218221	0	0.337640311288124	0	0.237454196598152	0.201145143864003	0.127602510707189	0.183305471471689	0.138831503348066	0.129043658104646	0.109839394503614	0.530963657927582	0	0.096636446278293	0.175552704228129
"PHKG1"	3.32454637309725	0.724401434488198	0.131288732386435	2.41364552895016	0.442598534416632	0.362456422598503	2.00824125564339	0.411503802059404	0.200734091652069	0.433565211983195	2.02620515690909	0.47851006873811	4.8847981457435	1.10945417273117	0.134618201302969	0.509436412160974	4.20137901480985	5.47968812257992	3.76796194730256	3.72301239639237	2.30995612647882	0.392234980706628	5.07869521894999	4.77097172310207	4.04895979337277	4.88424135445926	3.45251109493166
"C3orf80"	1.62359767721886	0.372929816735281	0.108289123569891	0.325364538032794	0.789032249854029	0.483788954170794	0.949106076037584	0.9508875373596	3.09825110324591	2.69780828550159	0.740981512003939	1.04922647768919	1.12879818995573	1.43235014073796	0.430860095172547	1.74515771812619	2.29308644957283	0.399976043473789	1.00425831584621	0.999901893401557	0.861517528076395	0.657387111298214	1.4852825504522	2.75321300451953	0.636285409589244	0.347139501036205	0.107917611084857
"ADAM19"	4.6335183971877	1.09683193559607	1.22701708264757	3.07784712917462	1.31871885972436	2.17077273641197	0.954644872265519	2.83887615202277	3.43428060466529	3.01291902529355	2.74233503885112	4.2108797585967	1.13405004093243	2.22715574776975	2.04495534970572	2.9366643194707	1.90541444454607	1.0859161222563	1.58793619468184	1.50399487711897	1.74175172203249	1.31995024754635	2.8102765107654	3.28892401145078	1.80716529824811	0.691122290395705	4.81375041339453
"KIAA1755"	0.660542593435771	1.9591803469738	1.19861673036323	0.634747983965545	1.07883250623463	0.639247910075503	1.29543210557862	1.85232051025352	1.19728039639774	2.29876094265898	2.11861554739321	0.540436008019981	2.47277888054926	1.31129675230556	0.581241805499247	1.95387795158343	1.05979480343629	0.853609280424129	2.52495881201557	2.80040295793462	0.242908541258457	0.471279560971808	1.1499876840847	1.50300774048845	2.16034583478638	0.178208533699405	2.40113892731826
"F2RL2"	2.78700506758849	0.249853060993322	5.83914708717763	0.109580206794619	0.356248627229081	0.91876327054494	1.34929450000248	1.82456217553413	1.86080590989471	1.90018091208695	5.82575637647543	1.32920685390144	0.275766944931708	0.581776399898241	1.56019157694307	1.81070426662045	2.76175758291262	1.80444392619915	0.749821276436877	1.168635617862	0.778803197511664	0.881602368720492	0.352161891913314	5.89279171888665	0.60886789531442	0.572703439629859	1.18658929714099
"PAPPA"	0.535051620989965	0.0835331599942977	0.0479530603648433	0.0504449985045471	1.68055841006369	1.14031403971632	0.0385298062953174	0.16386193656134	1.25676008664587	0.0345352847951377	0.624887902331431	1.91834997578202	0.810603097359855	0.0303569151868041	0.0182030102211966	0.404290064444836	0.719815590179984	0.0415836367576733	0.161578154819845	0.0783138879179681	0.248729732530917	0.0776721881413975	0.371306821985365	0.342287344250803	0.0143326524861547	0.0202300825088034	0.69655564232298
"IL10"	1.13502257939389	0.859318797680724	0.734622053429941	0.548857780846467	0.533370477643835	0.323145215949004	0.91868657381612	0.833835707123848	1.56495610642411	2.88778454263263	1.09246523251651	1.22471329255188	0.743385276926845	0.346370901502535	1.4984423630095	1.26002264406887	1.95089947853432	0.788837697106682	0.666693884406854	0.560642573382175	0.507326306600317	0.9387419614771	0.619150977418999	1.46848948013139	0.206471940661263	0.340269427757403	1.44544067818426
"KCNA6"	0.281218112509315	0.0215576876911918	0.016347050645897	0.00722019209312321	0.016753728496079	0.00591289232467981	1.74099877611713	0.8817143395681	0.901801419861097	0.0510693998568688	0.0308023272647286	0.215841958207114	0.254462828003418	0.139069440425405	0.0327896449576264	0.188742724971628	0.0312556490132773	0.109659498976489	0.0495171597290267	0.0140955202051799	0.0540741791589985	0.0552034994825658	0.209015343716658	0.0970705612532645	0.0159851886972718	0	0.79511442949908
"HNF1B"	0	1.19241197369389	0	0	0	0.013867979715285	0	0	0.0250483611318709	0.0115636213773826	0	0.00692798945929493	0.0291309159535437	0	0	0	0	0	0	0	0.104920866556669	0.653300828451225	0	0	0	0	0.0385097895350104
"BCO1"	0	0	0	0	0	0	0	0	0	0	0	0	0	0	0	0	0	0	0	0	0	0	0	0	0	0	0
"PAQR8"	3.37049352346135	4.56004847106092	2.65801149136026	5.28608086573157	3.03274180057776	2.61338784771592	1.27816916250757	2.13829842641884	2.72514454473378	2.02859036814431	4.99586662416816	2.06552061352064	2.28908784697568	2.77493145363206	4.31005286190417	4.04765180372674	2.70511644957077	3.15384099776288	4.18007225457181	4.72820624319695	1.0641068150262	2.18516405133534	2.46027600385622	1.70676481260535	4.74127281624558	3.00790590760732	2.62049022757635
"HABP2"	0.00558334029500638	5.65818719956159	0.0856416560758391	0	0.0582149318272189	0.404969589192158	0.0207789617914149	0.0542689214967701	0.0170745656772932	0	0	0.0101919156129793	0	0	0.0278285201076123	0.0223200834479151	0	0	0	0.00753065579652943	1.08264809557055	0.320591540359203	0	0	0	0	0
"PBLD"	1.28391880989176	5.3718707158758	1.07017428160408	1.67976832821836	0.890286362704064	0.553375741260397	0.73707278242575	1.42586745559971	0.989109208321604	0.881179071720046	0.90529659530193	0.7726736703817	1.46795240725879	0.707654212420432	0.778065982290519	1.63096687629492	0.895909046293751	0.739588480621978	0.977303006435908	0.953007412241696	1.13915839470588	1.29309380868862	0.306558565573618	1.04521927977058	0.868091708684668	0.903060643284985	1.18260331798564
"GRAMD1B"	0.547903838929826	1.01086861725491	0.587571418386291	0.100726078964906	3.7299768702433	0.16936410082876	0.259726243083795	0.349537960346912	1.69051543235418	0.317673378807774	1.09843640213574	2.71722675302067	1.00017022797157	3.08489085552845	1.13818536389247	1.11323708229809	1.29035362395862	0.443883495062923	0.570286105040226	0.333246248418262	0.379654783487662	0.595287383255375	0.878424021153134	3.02272999499439	0.19813830784316	0.168441789966405	1.1926676198763
"PRR26"	0.110998317041518	0.729881186822881	0.212124789564316	0	0.186687538074216	0.399372373342278	0.0317362785132968	0.071559840397496	0.0570175200814583	0.227176084200328	0.0684720868016259	0.0107020098793062	1.19642449259727	0.498222779386347	0.0137771706753843	0.258258402022792	0.373064055615155	0.149191717257067	0.28212009327256	0.290888516039801	0.0439857701328969	0.101252170842443	0.504429206754541	0.0736226973409045	0.151910758007668	0.272744654850025	0.112694929030697
"ASB4"	0.13864293392677	0.0608571414195746	0.325518243099613	0.0214591884038156	1.00134973098267	0.0503831425715951	2.11932629351875	3.62126068346823	0.0895090659247661	0.148151226024334	0.0532230627805152	0.00756395168123468	4.53017689230053	2.57938412923986	0.732672967340348	0.0994499364460575	2.80686844571891	0.107381088268543	0.788576303831137	0.491804364474151	0.0108578782104856	1.6716919270436	0.673927225843211	0.228012094710053	0.138606108251445	0.586558200441994	0.049634670662427
"FAM9A"	0	0	0	0	0	0	0	0	0	0	0	0.318580045892934	0	0	0	0	0	0	0	0	0	0	0	0	0	0	0
"UPB1"	0.0443261974257959	5.35602757278804	0.0109420701754709	0	0	0.0665693772554723	0.0275557981645697	0.0819707025774004	0.0352080721334118	0.0139833582517446	0.0297150737726515	0.0485627781894606	0.0619809593619598	0.130772625829064	0.506751717986579	0.06934203215028	0.163698119568691	0.113085956211317	0.0626137196731777	0.0236801128801828	0.904274831731315	0.405412443055144	0	0.0598623470301974	0	0.0562013022723921	0.305860819475889
"TNFSF12.TNFSF13"	0	0	0	0	0	0	0	0	0	0	0	0	0	0	0	0	0	0	0	0	0	0	0	0	0	0	0
"ACSM2B"	0.0275573551045393	6.08785740681605	0	0	0	0	0	0.0461264813110961	0	0	0.00796394453502024	0	0.0114964975846219	0	0	0.0243137211504929	0	0	0	0	1.06413924446595	0	0.0437988717577115	0	0	0	0
"ENPP6"	0.0655556994815046	0.0928847773210357	0.046410035103623	0.0394970924579131	0.0225870220975705	0.00850438650278524	0.056537611091571	0.487216204622548	0.0152673306939597	0.0150933783319604	0.0473167676415725	0.0317771352227016	0.829533796250224	0.0145299770580449	0.140186145879116	0.227995465472762	0.0640182858444243	0.0840667146458978	0.136768808191902	0.0843350169074936	0.0119018405639025	0.138648306989428	0	0.620129367342423	0	0.0291797638603954	0.218068167008027
"LRRC55"	0.0894853373722979	0.870514653430543	0.049693004385617	0.0122074503861561	0.0651319915047596	0.993205160519646	0.0325974116397433	0.00783519840051029	0.0364363053263981	0.0384746717406343	0.056185900114959	0.0802892686440987	0.0168733681415136	0.06377475081797	0.0309434716701065	0.173811831516023	0.069949376228367	0.0206449543827334	0.0198928854517864	0.0179969261889324	0.839416661259412	0.00555291609108211	0.131059981961249	0.0213711303172643	0.0757976656682941	0	0.207061969825824
"ESRRB"	0.0170858716014594	0.0268527388781326	0.0783335649340252	0	0.086463743063919	0.04645075776528	0.257636455145107	0.0589220579299307	0.0224072313575208	0.0278433081737519	0.0537361835704025	0.00572705257158576	0.0242307315379877	0.0187587845679256	0.091772601670264	0.027821883117642	0.0592634101848499	0.0582169410023689	0.052154947260154	0.0168130647260083	0.0177897439535652	0.0717906032295444	0.30705891475692	0.166098392206649	0	0	0.0656828703216975
"B3GAT2"	1.00839939809563	0	0.344543337750254	0.811402798894492	0.595290725534541	0	0	0	0.0127658104785501	0	0.941505626728181	0	1.1051986641612	0.600744070963316	0	0.3763670730998	1.17534575010986	1.42934815372373	1.08102596400013	1.02165952007156	0.884615424672055	0	1.05967368763907	1.18483885366505	0.995940320410216	1.1269464330297	1.85661924450696
"VASH2"	0.354228150255575	0.228451160404446	1.75639566573367	0.332078881718224	0.355656818464492	0.333077903467411	0.132671659328584	0.298879394571867	0.42318120716948	0.174363590881334	0.36584872273456	0.271640809270942	0.33548954438457	0.655124643506629	0.406630270920924	1.15852123049964	0.43709347891759	0.531654938380732	0.483466006246643	0.46581360483151	0.236044724076229	0.66670388143379	0.218375730559183	2.44908061626288	0.251056133638585	0.0284535905246161	0.767436152994176
"CNTN2"	0.00216273086544902	0.0240958809700034	0.0384030990292704	0.0180385300381551	0	0.0262254159550151	0.116287163165257	0.00570846512407676	0.308766841834631	0	0.0283629169302309	0.00439353034415632	0	0.1520874742103	0.108856614752777	0.0160640742066327	0.0114214769678803	0.0108580929921578	0.0114543539827816	0.00322379080437912	0.15394084578825	0	0	0.189022434647366	0.0321836634781707	0	0.0761488708842953
"ASCL4"	0.0424425560936606	0	0	0	0	5.73169238613295	0.0295822896401195	0.033675378408232	0	0.0153728910640771	0	0	0.051709538036803	0	0.0227885037064605	0	0	0	0.0619564281807419	0.055667750666415	0.192028103737058	0	0	0	0	0	0.114083522516279
"FEZF2"	0	0	0.0254085242346449	0	0.0106916276054018	0	0	0.0141841591978477	0	0	0	0	0.0253034829972401	0	0	0	0.0209158290553823	0	0	0	0	0	0	0	0	0	0.06875018250205
"FAM205C"	0	0	0	0	0	0	0	0	0	0	0	0	0	0	0	0	0	0	0	0	0	0	0	0	0	0	0
"NEDD1"	3.28861326324508	2.94481160429904	3.08346868990984	3.50961984194878	3.04291656788617	2.65021885071058	2.4269865926312	2.61209413529755	3.23692880504781	2.72750555203241	2.96651906407659	3.85814018028065	2.2768852030024	2.1299671043793	2.73464567964843	3.31760580437831	2.67152776307396	2.0035284810584	3.12285407953331	3.33270005786454	2.37315400538575	3.40396299378625	2.21744167555473	2.3319201431348	2.63338005829508	2.22691230460428	2.90047076703757
"REM1"	1.75121089530873	0.219579310536433	0.479774315425519	0.0730819739856572	0.105415526413519	0.238440204346066	0.818328266373781	4.387810556021	2.88163329859956	1.37383471267589	3.02716909424651	0.452783600045512	1.0107332994529	0.89706225625974	0.821352251661466	1.64634240668362	1.24594282289256	1.36827665964537	0.555573722669573	0.152858487808996	1.04504799291018	2.036211424408	1.38647988859623	1.2513918931648	0.418782559296014	0.162643166583739	2.03948235317867
"PXT1"	0.0531638982707753	0	0.015317435362031	0.182660646854895	0.0369173216580886	0.03180253777474	0.0512776360387022	0.0723195299537577	0	0.0155652922613504	0.0381734664299489	0.0158333693931335	0.0451977476828287	0	0.0411685321994844	0.0277250701618515	0.025820676960571	0.0380229807061319	0.0325240656921994	0.0605849209488389	0.0463110525898216	0.0156499948909618	0.0631844097798307	0.105894331862612	0	0.160886636743506	0.0490118791247975
"NPPC"	0.252071052114065	0	0.0372421982278114	0.361369177283019	0	0.934628968914993	0.321780355350782	4.98802794067165	0.848929147336843	1.87900188873341	0	0	0.204622786916865	0.679388664930146	0.117191673691787	0.595760954774183	0.723743336921951	0	0.0605040610215375	0	0.453836767343053	0.0583573684847809	1.07486846208722	1.47106256884613	1.51366759753763	0	3.16545213220861
"NEURL3"	0.34863525230038	1.42989443437207	0.125258108789873	0.0161464792044246	0.17789432629119	0.368696841039304	2.24921625144557	0.637656612025001	1.28030012428686	0.201573015791395	0.299780952238538	0.365272599764532	0.74667608201865	0.234194109693303	2.40785169320358	0.332067994070046	1.26383968577855	0.505765450444036	0.523423450684723	0.493786166199861	0.340501312805069	0.490624551367925	0.69898652552693	0.44508359682491	0.422833639687646	0.407065543295751	0.600905312892953
"C8G"	0.212884300666664	6.77551151901928	0.102324207070975	0.19305964892615	0.32438838776597	1.1644644993886	0.667557008754092	0.460098776387255	0.218290165025527	0.180584423633856	0.193097255900798	0.260460507254187	0.568879955910023	0.768697991584755	1.14824756317463	0.217753714710529	1.6409424679082	0.816752875960921	0.124049231122765	0.137795836611249	1.69699088727569	0.959764592109324	0.438449356869243	0	0.294475479646826	3.78484943457416	1.14246572032538
"FAM151A"	0.33938598604383	0.541635265521611	0.197857215639408	0.00869455096723329	0.127643249803605	0.0549373623273313	0.124037581377609	0	0.033276460330871	0.100269309009677	0.802014084114366	0.00923428931907018	0.220835119282267	1.27167068634193	0	0.212217570964477	0.825449027185964	0.219456643396996	0.0943976291292434	0.142992752315575	1.37213582524348	0	0.532289027887865	1.59851766173728	0.731608165660245	0.182721532449882	2.9209563682549
"LRRC49"	0.993454816309597	1.28507369089603	1.85143523673245	0.723414830870277	0.660531184552541	0.92189252811654	0.6654277919025	1.03347586267738	0.967787615964258	0.579447610967758	1.14587958135783	1.62247358132544	0.489586092540926	0.769830968915042	0.255518861139719	1.03276947788115	0.536747713924251	0.496915820926324	1.65567010240854	1.8401066704079	0.93444026035686	1.40048328100928	0.316465533218471	2.2144792170641	0.965505783014899	0.462569606337494	0.721720002000859
"FATE1"	0.479013726683344	0.0850882148082479	0.881612548247567	0.0594627834667688	0.0998263280851962	0.235935331986037	0.490174747025897	0.209228755620054	0.0383069373629356	0.0945779514373644	0.52451106258259	0.243335175402648	0.305606373229323	0.408381986825867	1.24212381453802	0.494249185221667	0.342322052315351	0.721406784990785	0.289573635380701	0.0296269528305198	0.121048565983399	0.0902674282569934	0.607993534656814	0	0.276060664668499	0.132129192307147	0.216336899242796
"ARHGEF9"	2.51091256307646	2.16294634485038	2.71813033796728	3.03192093599144	2.81392378655959	1.5157956994254	1.90339118575732	2.72116920216099	2.51121500147097	3.64271889793064	2.52457023564979	1.33669185556104	1.13496017262534	1.37725148932949	2.29445459966642	2.30596468600781	1.24048530528092	1.44544597546196	2.82952080706465	2.91339688403371	1.80265439196096	2.26041865400087	1.27874605140721	1.38388397024795	2.2775771655652	2.49891205761281	2.12763988243406
"ACHE"	0.692245957068885	0.728090301490428	1.05540392049481	0.0557201500219114	0.0619618872684207	0.424455084518105	2.78053688043863	0.478070453723811	1.35276417379638	0.422389643021052	0.231413975258985	0.309894445167068	0.977600853098359	3.00566676284362	1.37646820843784	0.531745254535758	1.24367212719473	0.583567221021072	0.326723137810534	0.15096058610933	0.962409096002708	2.11984252732813	2.43808787849834	1.55059042724	0.391575274474663	2.56578481148654	3.65314029201972
"OR3A3"	0	0	0	0.113124039343009	0	0	0	0	0.312238806954424	0	0	0	0	0	0.128800103198739	0	0.263479769178239	0	0.0330595463847151	0	0	0	0.179079132538557	0.196527731454375	0	0	0
"PINX1"	2.87382205525916	3.65990743771091	5.7552361113431	3.22917028052182	2.89145515655705	4.17601153826058	5.87650098474433	4.14771372235215	2.50186711305175	4.27349351059823	3.38236291296791	2.74962865652468	4.46555008002068	2.71613379968588	4.32786697140204	5.52470468237881	3.91269776234383	4.84870305315735	3.44373526837004	3.40932779563189	4.60718233743881	4.0780376298084	4.5542450195501	2.50211670237357	5.10348505068645	4.89263388342444	4.06269162969186
