"Pt22.baseline"	"Pt9.baseline"	"Pt29.baseline"	"Pt10.baseline"	"Pt27B.baseline"	"Pt32.baseline"	"Pt4.baseline"	"Pt6.baseline"	"Pt20.baseline"	"Pt38.baseline"	"Pt1.baseline"	"Pt12.baseline"	"Pt13.baseline"	"Pt14.baseline"	"Pt23.baseline"
"LMOD1"	3.87400016581901	1.51348569235671	1.25727015923863	1.2718111002883	0.285189720128243	1.14117771350069	0.861891463444559	0.461403876736061	0.510688034328136	1.07466983668754	2.52192262526646	1.19190370290812	1.51288170373249	1.21452895209208	1.90230902336866
"CHRDL1"	4.01331932318634	6.34824747084458	0.397353931864244	0.198748724420126	0.283228993882896	0.025830384090689	0.621763544582022	0.120320020218419	0.855693954367951	1.49902180115922	4.02703016412764	0.340220994971092	0.359448078024493	2.95985081778201	0.169181020200695
"PGM5"	2.45509045092137	1.08414252206675	1.3596448568281	0.575398986612501	0.68302715803408	1.58165494047395	0.869072670182165	1.21241369992289	1.66298931053956	1.91806941741782	1.65413533005308	0.654022562990494	0.734790679799516	3.05304702211458	0.716632315444034
"SDPR"	3.09375283812716	1.5797907984008	2.26726910704744	1.02725244589644	0.38297706002403	1.35888008009433	1.71300949178293	1.43602854647554	0.927110624998941	2.41471736580053	1.98524720781731	0.996149723785667	0.943005360392894	2.90076539321681	1.74285346450205
"SYNM"	2.44629461300849	5.87792825543881	1.52306257170093	3.5721014264218	5.48825469881617	3.99723820392419	2.07743614304054	2.94282600000416	4.74423376681118	5.58215252185802	4.0228338392261	3.26896879244032	6.37661944671903	2.51208526532597	2.66544848564782
"PPP1R12B"	3.79302188763231	3.75923041728806	2.58633241040588	2.06834578077332	2.70713270092821	1.66746981121808	2.56738968268561	1.30518550468455	4.53726500097168	3.39071858065402	3.09924806767376	2.04389389836763	4.55495715233255	1.66264758489509	2.48810363312358
"FXYD1"	5.63381769855088	3.68170224888813	1.49270179253071	0.878754763920548	0.397752042315403	2.61573644210053	5.98587949780539	0.548229946910687	1.28000904876242	2.66145774828675	3.31084759240714	1.73372527164954	3.25406941372898	1.85503688518596	2.01042538625904
"MYLK"	5.52125650734163	3.59673243545546	3.91993115164651	3.92838927455349	2.80627558862238	3.00633752465506	3.82354048043957	2.12730310578213	3.62940325189295	3.69454593901365	5.33650834504663	4.87803374133574	4.36896735186352	4.83835177949005	4.43116494164911
"SYNPO2"	4.14567337978016	1.97632880531768	1.44229596188086	1.02109163999915	0.449892529204593	1.90715987355099	0.725290066587726	0.804739626186497	0.846999499282909	2.28783277608294	3.23599811401502	1.50198427260044	1.59652492945001	1.245170091778	1.17746498590472
"MSRB3"	4.41602563232883	2.78475418192583	3.20227273950368	3.25048034236181	4.91428466326162	4.1851212246139	3.08984302084814	3.31320666336186	2.57091097127094	2.70163776720817	3.79106388306034	2.15708090920181	3.87949503116791	3.30603980952721	3.18211224293802
"PI16"	5.28757202734903	4.60073063332236	0.0296087909088292	0.217701609485943	0.709407987794692	0.0693907748309713	0.0412815377066035	0.0593018332209686	1.69893186900768	0.510756383869913	7.31896301675088	1.19356360188513	0.0523612181728391	2.83877633424749	0.743772592242127
"FHL5"	3.10190719710106	0.53341333999899	1.60519561811986	0.741958767200394	0.100786284572773	0.699269995226953	0.207424867900718	0.318746620887947	0.115670658758057	0.253318877329521	2.20019986256824	0.311104895283057	0.0926855730153603	0.525243534440874	1.27131212064733
"ABCA8"	2.25313761311552	2.31889091249856	1.49044433838401	0.42066618007595	5.10248387216657	4.20839239979068	1.54666731397491	0.112745497706763	0.211360517103362	1.07081520356301	1.87969008472923	1.41268127825659	4.15306353531199	0.965318853880985	0.0584335690935039
"ASPA"	3.31446814127972	2.47344145452301	0.519798014309101	0.16265927755249	0.134105322345426	0.362749283038369	0.557712003753878	2.38205712517491	2.39679381749988	1.44752630116891	2.83545623383782	0.80213075051389	3.6259133625477	0.518607649580843	0.277590257571347
"PDE2A"	2.76502971471297	1.71670122921264	0.840219893891759	1.49368831904761	0.634111825140165	1.14132814923484	0.446660657238999	0.8819049832187	0.939034707220016	0.930940152038666	1.75578489991633	0.961785923263587	0.990142730268882	3.18618041624101	1.90616714313411
"FIGF"	0.73797786659994	0.322195257270462	0.516545214819886	0.0120285646881417	0.283226622812388	0.109000492686266	0.285162489615858	0.238410120280918	0.290493646847012	1.63024530443887e-07	0.5443973479938	0.113164255639422	0.0618265096190873	0.594568613381605	0.459626762731562
"MYOCD"	0.728773842047835	0.0823093706967962	0.0505078269286293	0.0332993693894853	0.00525184428184469	0.011915319034079	0.0150284888011881	0.0208254199069831	0	0.0218856148446091	0.121352587374856	0.0169394722765025	0.029109920035285	0.0769764517862155	0.079832806292134
"SCN7A"	0.15813405310325	0.183539234987957	2.77411865371482	0.743659725766911	0.00664496874105787	0	0.0148261203726318	0.0343564557722043	0.0384431352327802	0.0142208018192786	0.0458755746110266	0.384983110945998	0.259570186388399	0.0423507961437875	0.264588673328279
"DES"	2.73955111020373	1.52925125056517	0.799034655035626	0.682288325698074	0.360347981161788	2.7927637497693	0.22000360883579	0.203040743520222	0.100678249031962	1.5599714081674	2.02456790919802	0.221650066826996	1.05371401374054	1.19890898668424	0.759897661380957
"CPED1"	2.81633653659604	0.68452343724404	2.15468527375141	2.02955183024732	0.75935954415298	3.05456893860194	1.83563106021353	1.58144043357911	3.45261520112355	0.287317437934566	1.56796154966294	1.07243169952742	1.68427790601492	2.74788468385916	1.05562603803087
"ACTG2"	6.24883081328113	3.07673694131041	1.82850769630506	3.99011985185699	0.361401183299143	3.26836851558642	4.06328289727513	2.62906863523726	0.630670593592574	0.920634780205626	5.27477788223119	2.26816786862959	2.20467286288984	3.43001959455941	2.86194941078304
"SVEP1"	1.67619743856813	0.607067023775597	0.633889172992412	0.991233935915324	0.155449136440666	2.35692130348085	0.411003680300104	0.219280058746851	0.41322144638048	1.06028262411316	2.00914290142173	0.6626917859694	0.829639329047988	0.809017185348404	0.477396013458856
"KIAA0408"	0.185454922164257	0.683766061259618	0.528535313553898	0.175030279590572	7.02592313982454e-07	0.000693310919951087	2.40929870661402e-06	1.23783181396202e-06	0.124698423324514	7.77610531395805e-06	0.156569160114179	0.0265158398980011	0.203628419	0.0279140906743908	0.775582417465199
"ACTA2"	9.26158722818011	6.16712204933588	5.77842018068731	7.08784468057878	3.60127457938293	6.46064756030701	6.37467784318398	5.3210171060817	4.57681234075926	6.01068810119537	7.9573487590538	6.32660925100527	7.17022553160503	6.01189588467112	7.85997886311245
"F10"	1.44254280213848	1.50473732858397	1.08914285699877	0.238094077394808	0.276565746597252	0.843479013401114	0.380997020349995	0.0516945750210435	0.647097110228117	0.879417982646387	2.59109891936197	0.309421273444245	0.110773674812746	0.572840203742637	0.468923685113741
"NECAB1"	0.670551677375957	0.783816602203073	0.843452480790185	0.756412746375255	0.204601504102008	0.769836891747862	0.358935765025536	0.0750919856939303	0.666841106347114	0.238434701210299	0.639996612210953	0.455909244720975	0.64136660585525	0.461207400976582	0.699770152290827
"CFD"	5.00655386187848	6.00821570379058	3.7652536055996	1.78011478649455	2.07233050717774	3.86910150028038	2.81616857426374	2.64824223370531	5.37789071462963	2.33274230016029	6.43888664325933	3.06748297862574	2.84936481439692	4.79870378012532	5.79997317215947
"MASP1"	0.576463122867718	0.381597352955973	0.694469718308033	0.494481151043695	0.0233755186464198	0	0.349595705377116	0.0114932915939883	0.20057026569042	0.280723564005451	0.600340649379517	0.0473834320630321	0.0396830050084871	0.0521873681832924	0.0685019418395486
"CMA1"	2.21192021351658	1.49690457533364	0	0.0289923513858917	0	0	0	0	0.131903537562058	0	2.86747347495048	0.469523434065644	0.174898014439542	2.31124006993166	0.0411786273442892
"POPDC2"	1.83573816879836	1.59921542061604	1.62459457925564	1.41097329855561	0.243307143317258	1.92845749801651	0.744669609774378	1.12651170145459	1.96767770418235	3.24867600204219	1.83747504669793	0.848607518218575	1.56880312017247	0.782978820016819	2.29811427004932
"NEGR1"	3.3189747627163	1.95827476324485	0.412128439502542	4.10733217268965	0.347119085973682	4.37243675765242	0.208532242281179	1.49192747335675	0.320807551406327	1.44699194909156	2.3473297441872	1.53668953549391	6.04455368134948	0.885813297051708	1.01618392798112
"ADAMTS8"	0.343823372326837	0.544474010810394	0.190207624580972	0.350063241772077	0.0482431619176096	0	0.0391542178329369	0.0442959777832068	0	0.754111871833419	0.342617321586483	0.122798862166098	0.066791710919426	0.0403106074817042	0.0510943953557073
"RAB9B"	0.870671278203019	1.3798538148687	1.79849020526909	2.49029799504057	0.688197370871898	0.667654191464133	1.19146158270948	0.981138799213071	1.06533103806837	0.767146269842624	1.11732601126041	2.7264639586379	0.971143268380756	0.0899803697001902	0.994118060350366
"GPR17"	0.303708867301867	0.0600711862119073	0.268203208476467	0.103069820134187	0.0397940919380278	0.0747543585621087	0.354444825779715	0.243848797406659	0	0.155482425981033	0.0965707375713019	0.102773340826106	0.0426888081478907	0.127820586826177	0.0513383398256278
"S1PR1"	4.38094411929345	2.31435864896413	2.05152523854334	2.35518545230968	1.52481592835751	3.29772554046243	2.17440961457194	2.76223930700081	2.52802364090111	4.72062322596188	3.75856435677384	2.21550931459985	2.73401045492977	2.6371499848578	3.7878398889244
"CTSG"	4.12201002012581	3.39675683408227	0	2.5070791397232	0.0640217360311826	0.160704671125691	0.0253749288812688	0.0787920044291233	0	2.20568340005172	4.86572337451743	5.48011321740226	1.64142579949115	3.43054287409281	1.23051968276398
"FMO2"	2.4665866639824	1.63930858006386	3.73649664206907	0.188881320933068	0.380109355293964	0.0386284813527738	0.750822571359576	0.045353848038616	1.47185596666126	1.32324323315272	1.69718888472183	0.943884579077295	1.24952422446247	1.15038095328205	0.103961845930249
"AKAP12"	4.35968631750973	3.32130615928799	3.91262591557756	3.98673402635172	5.7118431488204	1.29581704640753	4.96571503363809	0.944475425011675	4.4812924824758	3.72012521179353	3.35923088740083	4.31914100304885	2.95905790372144	6.06043114313129	2.68235755111704
"ADRA1A"	0.19971379964113	0	0	0.0731085795452616	0.0172698762494065	0.524873083518874	0.0489364343591527	0.0109201635554295	0.0329721935340232	0.757380034650325	0	0.0162891360091182	0.0756617320502424	0.164148314038593	0.0413439953890626
"PARK2"	0.800492005961556	0.942394768411409	0.91968064413843	0.593319824815261	0.660731511425264	0.428733072692059	0.282823484174628	1.0077143476544	0.470517603000435	0.239566682210067	0.479107916565631	0.247236676797915	0.887093957432569	0.194152627673273	0.208663332306355
"GLP2R"	0.0168348820483968	0	0.0199729235320721	0.0150419095375961	0	0	0	0	0	0	0	0	0.0162566114990854	0.0238652367132292	0.0393257565850141
"PTGFR"	2.07886597229862	1.77284424023785	0.363300619429266	1.73372960946003	0.270054643836842	2.49686112562919	0	0.837858090104389	0.431495665341472	0.621961358908989	2.91265273878884	1.6934356607637	1.13774286011914	2.79584381744604	0.24896466607837
"TMEM100"	1.65728557541262	0.913679884092139	1.9735671950485	4.92000025279843	0.325047865489226	5.22583018037859	0.054108293968515	0.119114434810355	0.66909572286985	0.493309162694007	0.863767219312896	0.590585253562114	0.546610028054443	1.01669955228706	0.289129171917419
"RP5.877J2.1"	0	0	0	0	0	0	0	0	0	0	0	0	0	0	0
"CYP2U1"	2.74331891882032	2.40025373438887	3.55920422446254	0.959439298773399	4.35707337272948	1.30855309745797	3.09953591400007	3.46727948045998	2.9714313527464	2.6323473288648	2.70786488405661	0.634882243146981	2.54296869613147	2.01198396856615	2.62583038956688
"P2RY14"	2.09423775918323	0.728799958193142	1.62216664462401	0.207811658726656	0.399997364158829	0.337923413815469	0.510439417203856	0.294422543897146	1.88705729375498	2.49609415075658	1.56439280276006	0.76692076489297	1.61738312348289	0.438967725924118	1.6433644355051
"C11orf96"	4.35792142799709	3.81936162932009	4.09202979702575	4.50978766990682	6.38022986902511	6.10825889281582	4.93886209601397	4.03423332625387	5.33155474880026	7.14315869225187	4.16298741883278	4.48072720170033	3.26246698449449	3.79421309496009	4.66092576541948
"ERVFRD.1"	0	0	0	0	0	0	0	0	0	0	0	0	0	0	0
"TMEM47"	3.67089697323718	1.51949913133241	2.34085419653068	3.92085064075744	1.13487805434311	2.21723071622067	1.25471194497685	0.922971899734982	1.08779207760707	3.29129412333858	2.89033189511553	4.25080623298381	3.3009027160093	1.62125247682174	2.06199560876985
"RNF112"	0.311591464755835	0.317913553517098	0.423127947616465	0.118569569324982	0.0587924891032941	2.17910652939189	0.140250683285705	0.0638654342913571	0.0902501494353839	0.438613296584401	0.563899548578184	0.201087415355394	0.283385475921107	0.109562489143127	0.179909726790536
"PDGFRA"	4.19337356769196	2.99927215712044	2.71168762021505	3.09954432969519	1.83412463517421	3.90338540095093	0.896453215856438	1.79260134905853	1.14673667279223	0.920185808755785	4.01541282213176	3.29916478268804	2.58441417241664	3.91478454641	1.72154546627363
"CCL23"	1.37850884883752	1.90954271528122	0.632691654155011	0.106360381001748	0.119484204318035	0.265494506680809	0.275977857246048	0.0910992772491963	0.446982953352818	1.02028527857096	1.15684961255475	0.0619896661034475	0.935306229341707	1.28436902730796	0.890263401370324
"CCDC136"	0.358623001587949	0.602495838026733	1.89572916164496	0.557147824984156	0.0861100794931109	2.09396912967553	1.13130302396758	0.667168666698994	0.391615415222421	0.943604067499531	1.45704000979901	0.603943658492144	0.231196445840743	0.332899230195578	1.77499995669427
"NR4A3"	0.857081667129261	0.276228052208922	4.38322734678134	0.64548632177267	3.04095027752647	1.12605436517449	1.26111554815176	3.82446238078286	0.772680003781404	1.53492317605155	0.688029477701697	0.748294626456965	0.915838277869855	0.533988868033817	4.33992836937568
"PGR"	0.229344889673902	0.120174877505251	0.33557243543687	0.0200316864424015	0.0343854756158143	0.0446494100739651	0.0298107499198564	0.0339806946991689	0.0257386101306438	0.0278092741677317	0.127223984882481	0.029497835682966	0.0432952942070385	0.089075924491101	0.150052044562381
"GIMAP8"	3.72985182813752	2.31364783453837	3.00614629503713	1.28290234221174	1.91593003655486	1.84157868812663	1.90200216655133	2.19416744481417	2.80509327150586	3.16029903749815	2.64149631998856	1.70947371843073	3.00290320573118	2.26300434937402	2.85734507421531
"FGF10"	0.793741099176006	0.672350659354047	0	0.0414868457818598	0	1.58815693553644	0.0600682109156375	0.506564876627953	0	0	0.337118138216707	0.206401295995875	0.158539326400393	0.46333211010729	0
"GIMAP6"	4.30367847756204	2.83391522880804	4.05381513041724	1.55457657336972	2.87215501629523	2.06482768054751	2.76205535629995	3.08855717704175	4.47844120974553	3.3619114991022	3.42762293261765	2.2313156609399	3.99632546896166	2.91488115456689	3.92438972608098
"SLC8A1"	2.60453514199893	0.88091469282913	2.23266996545264	0.937737218802411	1.72315878891592	0.986764056496927	3.17594529253411	1.93942594553536	2.01150458409185	1.39441536143192	1.14889506828122	0.862599372804352	2.45588610498791	1.96296169127943	2.07904011989649
"RGS9"	0.302531381313893	0.396881204179187	0.23667874082265	0.144933386967095	0.0469860526073484	0.335233981303211	0.673806499605725	0.0265718299489593	0.748307509092813	1.95908016690393	0.523980402380637	0.0662715011389063	0.41373650360575	0.131940073907587	0.309675047809713
"BMX"	1.26694841323876	5.40264885344448	0.112872311880358	0.286315192877808	0.1327948919319	0.198613587500394	0.0582533135169441	0.258129329375304	0.246693253570885	3.75754602202356	5.07670445181833	4.8993810935276	0.204110034137547	0.475942979359663	0.375529933795789
"DMPK"	3.42093035357257	2.99233610121475	3.68066754690101	3.80605075474558	3.07674891093885	5.86408459516335	3.2050483772943	2.31289166586963	3.27491165955042	3.4261023584927	3.11086432413219	6.12171895778223	4.41530234476026	3.38433928408379	4.43633510159595
"CCDC141"	0.119798380791531	0.386008551831899	0.159488267543539	0.00730107984963431	0.0124994153278069	0.0107057761201996	0.112046318678255	0.019178891615471	0.432672977162133	0.867693286603934	0.129924189490228	0.00939342662851156	0.226030635000496	0.921646549825181	0.0684160209480117
"SLIT2"	2.52292577547496	1.22716499163737	2.16144916540209	1.82015036357517	1.60498221186552	4.18365324448266	1.08034726293755	0.703701402069589	0.945764623313242	0.975413013702918	1.47126811376147	2.28819316699726	3.46544559699839	1.84422896082171	1.15806875919698
"ABCB5"	3.59586763012918	0.909733556669673	6.77598551372545	0.312306778465926	6.43500261262376	0.226419745843552	7.2205814758116	5.28250096626948	4.83536830736488	0.915686098518858	6.357763994838	0.0546012358669872	0.315417258133829	0.0519217734427679	4.89419205567321
"ABC7.42404400C24.1"	0	0	0	0	0	0	0	0	0	0	0	0	0	0	0
"RBFOX3"	0.0287917626677928	0	0.0417014452512481	0.114219615969665	0.0691919438505618	0.253476216779829	0.0512714402103747	0	0.182989703546374	0.117105478248114	0.023688202344297	0.0107409606409521	0.051076710562897	0.103625537887475	0.101973066481947
"FLNA"	7.02851942609714	5.80561491040657	6.80513120116697	5.97996815814383	7.62354134690553	7.2558972309602	7.08978943159457	6.66492365970533	6.62582863656511	7.22590149915709	7.14025206596478	6.34637189442288	6.46477280633474	8.47497135706488	6.92900979976455
"SSC5D"	2.79150987522962	1.85602157971952	0.699742172948742	0.998934897988822	0.92192489055922	4.12184429787638	0.280550758597917	1.30394144449747	0.371035773416983	0.483097055539759	1.69835407184838	2.5599029043617	3.52192388120965	1.18986882719935	2.62129233723885
"PRDM6"	0.410632002501184	0.068765451106784	0.52382738752559	0.342450066645265	0.161665216157669	0.246521187671844	0.0171980278431829	0.310229005545846	0	0.161900577917391	0.396555189292863	0.471480392704519	0.310985117054275	0.113732632772193	0.261098694209599
"CLDN5"	4.28081901378835	4.38939128236584	2.73325128728753	2.29316003904151	1.60046482771001	2.49169663558366	1.11363049608964	1.79312179956759	3.3154032006256	4.82666033948666	3.68334836915629	2.00878804647434	3.03329788912285	3.36836676868945	3.61953626243574
"RSPO2"	0.00930696544375312	0	0	0.18357353405645	0.0183837102243252	2.32916091926258	0.0525427678274881	0.0161314280888909	0.0446015027939764	0.0377631416072174	0.00851320690219849	0	0.103330448601125	0.123997336079612	0.0351350699916564
"ZNF385D"	1.69113882124776	0.64870334154121	0.535751892806536	0.996771967912523	0.150505866946049	0.813548494595682	0.0987463034511382	0.525396900347677	0.330176881516811	1.08127826388149	2.09320351463121	0.522405329279171	0.701242964649823	0.584090849651329	0.793408591642528
"TLL1"	1.01438028995182	0.404435042050193	0.325872796074359	0.111549387325541	0.191411046058598	0.50337010826905	0.0474180544634039	0.205992114072644	0.206004246135227	0.401935136846968	0.94771290571586	0.520682224520995	0.165797869089056	0.49617802653171	0.370690475255038
"SLC5A4"	0.856150696279567	0.0588315479544869	1.27122844249402	2.37806626114563	0.0139238483694152	0.203078341869705	0.327617239445915	2.29406341177807	0.330979387571597	0.0572212250818736	0.287988759594375	0.0990766792514933	4.72503763027037	0.100623084552325	3.74812843014012
"MS4A2"	1.59902493973592	0.29325275642788	0.141465751491153	0.212173983130358	0.00623717625810995	0.14858143878182	0.0424189512290089	0.0143592925221347	0.0384677885527425	0.0782683837904083	1.35687342651091	0.438888439233165	0.483976189586603	0.615121041924638	0.217976381310146
"RCVRN"	0.137475063030674	0.344379146798791	0.153687970495157	0.253712193786197	0	0	0	0.0515115961041775	0.347699668356804	0.0908862124448497	0.452510567792589	0.0557827491410614	0.409277417031274	0.181067683876798	0.491478075120402
"GPR182"	0.184384405948387	0.250288563009997	0.0925815970591576	0.286712035097472	0.0865665983832582	0	0	0.0629045484670025	0.0816661741058199	0.759666333914733	0.0153187914470949	0.0514061412651686	0.0754452111253423	0.0765483552565688	0.0261001028183674
"KCNS2"	0.0776060201119063	0	0.0203288791219859	0.00739035973862078	0	0	0.0255376535213222	0	0.0767143013416323	0	0.179542897492644	0.0108266629341518	0.0552379347236242	0.133670967669905	0.0387287648162941
"RAB23"	3.60971950887704	2.28507073084457	3.46970497700515	3.05344416083742	2.72891529884681	2.31291199036407	2.40133146681604	3.01619320086138	2.67788028445243	1.62016409643972	3.33780598437862	3.00417416447632	3.35216952088267	3.90318291811272	2.5042784267981
"KCNK3"	0.500728641971811	0.207360017815578	0.776623685896858	0.364085475563765	0.0226788689344797	0.23044282764752	0.193523231569644	0.0312556490132773	0.041231485490898	0.118528373857422	0.207434364007616	0.734888205335794	0.16030194220161	0.381927872295202	0.185074906876789
"MUSK"	0.00882712063867452	0.0504071050945514	0.0110591862004024	0.0891687611480007	0.0191977547627827	0.092142880786438	0	0.205107199029419	0	0.686968388748159	0.0208807069544454	0	0.573219874434694	0.52852981266247	0
"MAGI2"	1.41582085031341	2.56431109327188	1.97096774050874	1.80288389050509	1.30690381340582	1.50616013995291	1.7317284946299	1.39122055768613	1.21920570084854	0.651911826462489	1.17162637797571	0.878408325661718	1.10979179890994	0.306618639968123	1.16913932024298
"LDB2"	4.3388664977725	2.65585782812741	2.07807521440631	2.6236667337189	1.19604042955292	2.96871563090729	1.73769973911797	2.50763482512732	1.46969325684522	1.8160139087259	2.77849456339384	2.58584107487835	2.62781225580835	2.36146940427953	3.43583724973322
"HGF"	2.46401733926471	1.68095216393243	2.98081865575886	5.62371179422913	0.722169585763853	2.36515219515416	1.79408517834693	2.12027396370999	1.14352729771582	0.515738688040524	1.25158276852369	1.95983876504083	3.75918247120282	1.43463356476458	1.268748769822
"CNR1"	0.615237832758883	2.44341702008794	0.530854819707468	0.0849262896964069	0.0848455583765265	0.0216268321633484	0.225526052957498	0.203917783135361	0.109578134174928	1.03198090754276	0.433782577226431	0.0577248866587578	1.20403426400004	0.0989242645059296	0.323637540968325
"HPGDS"	1.73849764388979	1.3941436801116	0.601997383281567	0.945270585516352	1.08167367222142	0.186480273564594	1.70796866275568	1.95053560148791	0.269345596772562	0.120349684078665	2.31557057752526	0.762643490828171	0.831918171004084	1.36018726512468	1.83867953465735
"ERICH4"	0.0765979495530656	0.0425466370333083	0.154340557696984	0.0975863245356961	0.0265844355550084	0	0	0.0170482608828565	0	0	0.040074472954126	0	0.077694266261121	0.0171810631139849	0.132282812187495
"GLDN"	1.14700379872578	0.812332280189626	3.11501825642407	0.403764534776795	0.230261433338269	0.619354785115407	0.468755856664927	0.231743893723542	0.423579246616096	0.177940747602816	0.893830864894934	0.359412654989262	0.595732315751948	0.158572286207827	0.575873323465338
"C3orf49"	0.0196637741336179	0	0.0219875661691656	0	0.0348390109056657	0	0	0.0181502275890427	0.0613296705293996	0	0.0138814826956827	0	0	0.0349591316190396	0
"PTGDR2"	0.374204303797983	0.166293177989437	0.0694510649800035	0.162596508203234	0.347921293950815	0.606859104394091	0.253137310485107	0.223775797059198	0.585491391945349	0.489642605574831	0.258064185523627	0.0471702346990544	0.125815660010182	0.288622564519375	0.370186046374702
"COL6A6"	1.08314867958745	0.682162902354891	0.567760570338463	0.00202269696884389	0.108802096585036	0.596839754437785	0.427887712185162	0.147440866436894	0.0860843921910556	0	1.98950962699891	0.3438586118303	0.0159681954320033	0.433470671916273	0.362593883656498
"ALAS2"	0.10283077417694	0.233742065789347	0	0.113549821666533	0.0139337073190901	0.589668582329243	0.265955908840611	0.905392878083799	0.122765406104422	0.0554283550977991	0.406858805292222	0.107834005916176	0.0119921954167622	0.027681551039179	1.62199088810502
"KLF17"	0.316046662243785	0.235244242881493	0	0.0274698100073456	0.235468515523097	0	0.0545934568068833	0.0882745276959863	0.0513551164538517	0.084457141532928	0.273419209483788	0.0834802634212235	0.484580541411072	0.0904545006014012	0.0406899833651255
"OVCH1"	0.0468130899409022	0	0	0.0343849825650935	0.0614836204672414	0.054067300515158	0.0642999319345958	0	0	0	0.0172998547942667	0.00787735459073194	0.00621209525071405	0	0.012823366248593
"NPY5R"	0.286223507394183	0.351459288707305	0.0548639628809361	0.0342258592517571	0	0.288536931474783	0.0810918389820367	0	0	0.179536528104658	0.0166364463461879	0	0.563993723875239	0.0517886654514356	0
"SLC18A2"	1.82958981077342	1.24801255401325	1.51857542309803	1.03011356479217	2.05622280951441	0.671148416247205	0.937728180848664	1.67380288218429	1.57831320845021	0.847390045522196	2.31493284729646	1.65680295357514	1.31506476462717	2.37752220562695	1.61107556747223
"PLPPR4"	0	0	0	0	0	0	0	0	0	0	0	0	0	0	0
"MTMR9"	2.13779367300549	1.97764993877397	1.78502317595434	1.69965379019286	2.35410089464334	1.94695912845547	2.22825381290462	2.1989294109879	1.6270534654702	2.00875936751517	2.65974192721777	2.65141569248136	2.02086840690723	1.80972311913795	1.86351429915315
"RTN1"	2.18037863570633	1.94898389570926	2.3721288584721	0.770245085562637	1.94383695595544	6.02224573366772	1.24280673989847	1.57423474832986	2.77154017752438	1.83008085949439	1.91711090864094	5.04831030674107	2.92806327347083	1.14526985665051	1.26841642715018
"SPOCK3"	0.0262186865832039	0.0894298788333977	0.0371157293330474	0.298288210953215	0.0156554893295495	0.195532805796938	0.0210131568875259	0.0591470271414094	0	0.0364856098446056	0.0182097770856614	0	0.574260910422639	0.00989999192516351	0.0145588985873971
"RAB3C"	1.91526274136588	0.434897194304235	0.236511599071835	0.0183787959394831	0.0475962489571682	0.899669079292786	2.35506843266306	0.126757624981956	0.80895954284748	0.582124334181367	0.713326736802461	0.0598246309665182	1.65376628310854	0.332344744045824	2.3435797983526
"PLA2G2C"	0	0	0	0.0731943585625484	0	0	0.0972311965469228	0	0	0	0	0.348558207137156	0.0896208560542043	0	0
"STXBP1"	4.59356591641717	3.70628188585102	5.14895036931674	5.59127099841185	6.07243277144228	3.08583252367496	5.18337932069704	4.7394349965141	3.67403121412863	4.57808733221882	5.2518364724666	5.64216147080192	4.81167139092748	4.18435964839982	5.13832710028872
"MSRA"	4.09842376887653	4.34044833007193	3.03917525060874	2.97992015703499	4.61409730477418	3.61124321439543	3.77543513863735	3.27890064222698	3.97797133541656	3.79069906733682	3.84632281012498	3.8073549220576	3.62609448416668	3.41629592711549	4.07387591818948
"CLVS2"	0.00280334531000257	0.0167480528528161	0	0.00754100343609957	0.00654944569188563	0	0.00635750444310156	0.00282885281411426	0	0.00990413279485462	0.00487758366824199	0	1.183318176984	0.00130981956149911	0.00548074047220115
"RIMS1"	0.019109344975421	0.0892022595413903	0.0583636032312213	0.03366191848331	0.00747482605847776	0.040120075324514	0.0466885747085084	0	0	0.0316388245920954	0.0150632539622621	0	0	0.00917505628632929	0.0217614873743028
"RGCC"	4.50600522322515	3.82236305515708	3.47338820001887	3.66360079739689	2.19973358446894	4.57581452384426	3.37278149888489	2.91081803162347	4.60216585079121	3.86191567460193	4.16704073762916	2.10703164531706	3.19123652307391	3.59132635861184	5.29034698816433
"A4GNT"	0.0883250097014885	0.0726499764137492	0.0177849701469935	0.0356688085167434	0.0294807322712506	0	0.0157273432430497	0	0.0253989560174735	0	0.0355162313996235	0.320623886318204	0.415495842812613	0.154815841234959	0.0596616447126106
"LRRC32"	4.56983434740526	2.94783538070264	3.03474042840515	2.63505550729089	1.42068180820722	2.14254740786317	2.61800836993046	3.23625074578191	1.77569955555464	1.76425272425604	3.68613070163967	2.53660375532338	2.72348211080696	2.8302441671747	4.05208109301658
"EIF4E"	4.84904848834631	4.60886541208571	4.56650466723966	4.87998751514382	4.03195092207872	3.65055778864147	4.3180962620735	4.97310610607186	4.2567012205096	4.00037865775158	4.94762641902305	5.03243370047359	5.05279625569885	4.7112470942349	4.33972532014781
"TAF9"	5.18214005909741	5.96406241088752	5.23810661524447	5.39246168506986	5.83337589277197	4.75063865964161	5.35708393249877	4.85370378619052	5.42939167630944	5.12005328352598	5.26190121988334	4.48188982427143	5.03694723923275	5.25494167493103	5.43609186210957
"FAM216B"	0.0433682346004436	0	0.444796384187057	0.0285847105888089	0	0.0301398443734658	0.201983201974123	0.747726817379466	0	1.86643722085338	0.0419866407322537	0.0189512331277527	0	0.0177465938683265	0.0514828491136256
"CATSPERD"	0.00933169169289729	0	0	0	0.0093152792443784	0	0.0099997850092786	0	0.114015870895495	0	0	0	0	0.0129697477519276	0.031116088251756
"ZMYND10"	0.157247743257971	0.758267780987254	0.703036450390698	1.3325360887614	0.171924793117272	0.752864173620086	0.412998251975889	0.0717861420731717	0.490377073638065	0.325019073629107	0.902931414143377	1.65205276075886	0.692859227702234	0.776253936319655	0.82131714442747
"DNAI1"	0.0221152260658393	0.0313147306095623	0.129611485332587	0.0173539086846339	0.0413172181279327	0	0.0316862468735027	0	0	0	0.0238191885810475	0.0101651841868247	0.0142425155261531	0	0.130688358100383
"LRRC18"	0.122561141676125	0.0658581340351558	0.12158135703963	0.0123328173849793	0.0304802347219672	0	0	0	0	0.119072192175491	0.143730900628543	1.13474008510559	0.0150323437063406	0.0101562306241379	0.0494931127177293
"STMND1"	0	0.01478532341167	0.236810971125108	0	0	0	0	0.0153513371062332	0	0	0	0	0	0	0
"DTHD1"	0.407827497814927	0.0770553680022512	0.6797057334397	0.00654487151363582	0.0977613953416329	0.0309912698219395	0.136221972673061	0.0245307483388967	1.28022290589144	0.56170151829247	0.224779959845137	0.0278556904091848	0.762831405184914	0.0182772303047435	0.212498992134844
"MS4A8"	0.471867929321803	0.0371052542025868	0.502141149617857	0.0169252849531925	0	0	0.142031326337145	0	0.0395291674166257	0	0.0169922992232924	0	0	0	0.0470625070881981
"ECT2L"	0.0407583572036748	0.067722894573877	0.113128641264574	0.121400864109486	0.105064735103597	0.0218235169185317	0.0326042523697408	0.05985508070929	0.0331449200488559	0.0853263429581232	0.0394448726188406	0.00681865039044255	0.0161739845340538	0.0711861624558073	0.0838688752625129
"RIIAD1"	0	0	0.197027454163391	0.178529174033336	0	0	0.942288535795637	0	0.288002939077357	0	0.340289370196832	0.109556471778027	0.162467223094502	0.122954141134686	0.182663697551282
"SFTPA2"	0.040955606334454	0	10.5923308893758	0	0.0341650651453715	0	0	0.0259542328356479	3.61913712308579	0.0465748744647179	0	0.195751370426275	0	0.00815030691720698	0
"GGTLC1"	0	0	0.915002240407829	0	0	0	0	0	0	0	0	0	0	0	0
"TEX26"	0.0308074112449238	0.150120042513468	0.0936185182732017	0	0	0	0	0	0	0	0.0410500491787072	0	0.0280587439086953	0.034562188228058	0
"SCGB1A1"	0	0	7.96506275674463	0	0	0	0	0	1.63564992848246	0	0	0	0	0	0
"SEC14L3"	0	0	0.0130284034242311	0.0350895913801911	0	0	0	0	0	0	0	0	0	0	0
"SFTPC"	0.146932787145646	0.224911433533705	6.76979157088148	0	0.519979125376376	0	1.18639723263889	0.1618473185901	3.17121963992822	0	0.0656983781938877	0.176152447968486	0.122407145738093	0.0713501175887344	1.18580312875092
"NAPSA"	0.253975958290624	0.216950837262309	6.89226958182554	0.24924689998206	0.331232265163247	0.117099492262178	0.0379108438823539	0.306746945831721	1.35104310487028	0.806578955681384	0.356275112040939	0.0245298973156445	0.294650153841201	0.251663958639626	0.102868658784912
"SERPINI2"	0	0.60060754822094	0.0519768974870728	0	0	0	0	0.0999708401536192	0.0413243681258758	0	0	0.0361295385085629	0.245834543782857	0	0.050648240655185
"C8orf34"	0.0796368428038618	0.11442373208138	0.80219776737062	0	0.0286644800724983	0.121678689188893	0	0.0329673286919434	0.0475777534901266	0	0.0164039644894377	0.0228955031865143	0.0533132996281949	0.164522424861299	0.149015686868149
"AP000322.53"	0	0	0	0	0	0	0	0	0	0	0	0	0	0	0
"AZU1"	0.258871640880013	0.037426292939717	0.125223188545529	0.0502721017321323	0.125488376055047	0.451042793088409	0	0	0.162754650802424	0	0	0.0448396946698916	0.11580433917542	0.0626343717634825	0.526176007941508
"AGER"	1.23842002607896	1.14244938226277	1.65088171589975	0.906685910752729	0.693758576768714	2.2530997838212	1.1052690775572	0.636282160945573	1.2742646435693	1.81963140043444	1.09165583338247	0.798863007599455	1.04605095536913	0.726016365497187	1.88359540273456
"MS4A15"	0.0424596466151524	0	0.153788866567484	0.0744124048805063	0	0.454094805127358	0	0	0	0.076010917378795	0	0	0.0470959502859365	0	0.423517934181102
"SUSD2"	3.0105256442816	1.98642731907746	3.49390987443491	3.55501238932227	0.927388292929211	1.89291554693023	2.60000564762533	0.615199217480888	1.28485759117728	0.678196332194073	2.1015055304408	4.38092334609686	2.006497312126	1.1175387976496	2.41745559260073
"SLC46A2"	0.453758293640681	0.176661064113	0.860814648407161	0.274750678083077	0.405393925444787	0.239038697925955	0.245917882919098	0.293565302571468	0.237638359641639	0.189302090103512	0.142659410296254	0.189998462321114	0.527326613880327	0.123736905978606	0.515579246012742
"CHIA"	0.0176451689857486	0.0202070361053374	1.45726595141918	0.0108408387626232	0	0	0	0	0	0.424419072201957	0	0	0	0	0
"SLC6A4"	0.0320315639226947	0.104474950604172	0.014030357179002	0.0477198484253681	0.088566538938647	0.168353210934235	0.0342423429596341	0.770979966234925	0.0124707742949394	0.09352799572661	0.0700057948339488	0	0.0339282043443809	0.101971655026745	0.0225613431359029
"C4BPA"	0.104063394205766	0.277866947184109	5.29305222919131	0	0	0	0	0.125228744095486	0.191603075914861	0.387357025936155	0.0672127285649759	0.0278953128484292	0.0108427002247024	0.0494545669620081	0.168952617961662
"MOGAT1"	0.106379009115032	0.120208924637756	0.0572782129588559	0.213016738379743	0	0	0.140923768557096	0.0500933317107645	0	0	0	0	0	0.0162807196492114	0
"AQP10"	0.0129612762603065	0.0562101827208611	0.016968987165397	0	0	0	0.0132883755430858	0.0625395354791483	0.115276668870805	0	0.0225925185858408	0	0	0.0114403201549219	0.0922766614375849
"CLDN18"	0.0897895078494692	0.0362345682914041	0.707299490249267	0.0819363543278584	0.057038668466831	0.126291246456392	0.0792904458497178	0.0352031585082882	0.0351414059073392	0.0308045868136939	0.0688789976879967	0.0960968581526462	0.119972502820672	0.110557148856393	0.0782081193583773
"HHIP"	0.0407033077519764	0.0870559778289224	0.0397663736377277	0.123878778027246	0.0199398274349982	0.0309339400915118	0	0.0654602278257402	0.0108921712790706	0	0.0801637883058071	0.780833322354155	0.0319495815375392	1.21321972785405	0.208745725654449
"RTKN2"	1.17024235944321	1.11149543821205	1.84097274506811	1.2591429023423	1.40193076926911	0.704890551205248	1.84916461609304	1.35861850089975	0.661255241599018	1.19647485393829	1.00494788444265	1.72781810124659	0.714969046998674	1.50817761696829	0.643962368222415
"SLC39A8"	4.04041028309499	3.83766577385654	4.4801099852146	3.29472219343484	3.15337732710064	4.6695824136582	2.08075145252735	3.48202863046085	3.62447526812034	4.10863317752516	4.1753249891849	2.60953159186464	3.79673790543752	3.79706487240786	4.2821432287815
"CEACAM8"	0	0	0	0.00902964407336756	0	0.339190986032078	0.0758982729382005	0.0209208768983992	0.0184197478016887	0.0917251508857169	0	0	0.0222231989079434	0.00732993135046746	0.0227645750660913
"TEX14"	0.0868763428958495	1.10789204140345	1.99173134759718	0.0391303204084701	0.820370560021002	0.215732017265169	1.01438671767532	0.0777291257622655	0.264077578011566	0.101635286041504	0.181094279490603	0.040935945739961	0.0160847757663296	0.008524178543283	0.153182086898322
"LRRC49"	1.03276947788115	1.03347586267738	1.40048328100928	0.967787615964258	1.8401066704079	2.2144792170641	1.85143523673245	0.660531184552541	0.255518861139719	0.721720002000859	0.993454816309597	0.579447610967758	1.14587958135783	1.62247358132544	0.536747713924251
"C5orf38"	1.0548081990267	1.12589241222613	0.66745573195507	1.44563931278774	0.406611768935415	0	0	0	0.840800377230163	1.31445871511588	0.812211506128765	0.248707269180181	0.366271850194392	0.470016698314137	0.721910698605492
"GPATCH2"	2.5882864850923	2.40251754408846	2.15054342991813	2.83853835694505	1.75568236842075	2.32221660504549	2.55767843369326	2.14590077036389	2.23631504498691	1.96032635712322	2.50096517542959	2.53008822630419	2.63433653416716	1.99097482207707	1.31859450629024
"FAM234B"	0	0	0	0	0	0	0	0	0	0	0	0	0	0	0
"TPH1"	0.122808468218662	0.0658786019045978	0.264350865364004	0.364162816840934	0.126099246060025	0.0578432555748671	0.104748339526252	0.250426343513372	0.108073161371644	0.306517736887447	0.153562553843791	0	0.126189400202847	0.0919776848287802	0.152911041916128
"C1orf111"	0.0225891809275021	0	0	0.0631572063003061	0.268720029696158	0	0	0.0777427275744584	0	0	0	0	0	0.0177970115093596	0.063065166359119
"MS4A10"	0.0124143487239904	0	0	0.03935720361188	0	0.068144535089925	0	0	0	0	0	0.0151648319635195	0	0	0
"NAV3"	0.754884509903984	1.26148267445971	0.270766930056585	0.750190571424876	2.18336899791432	0.349417367683551	1.20088095428596	0.609710999956501	1.50448056496291	0.833226907394746	2.05304006904068	1.21001161957882	1.33005638102212	1.85684031774059	0.495478230465166
"PNLIPRP1"	0	0	0	0	0	0	0	0	0	0	0	0	0	0	0
"NEURL1"	0.16599038083433	0.786415281845197	2.89386696863189	0.200103542177274	0.0906625485927242	0.231953355861195	0.109304589106527	0.0466393382950886	2.1306426314088	0.608415640701791	0.139041272610031	0.0588639576878129	0.12736822206541	0.103173781683788	0.43132235578906
"FRS2"	2.89501075632358	2.39740869910329	2.7588745128059	2.67314028892151	3.61370844294828	2.02152592133969	2.86174301238356	3.84471204039629	2.14017331659832	1.86369665984069	3.04621688366903	2.9520157283837	2.80552359852049	2.03842564587002	1.92386416917185
"ZDHHC11B"	0	0	0	0	0	0	0	0	0	0	0	0	0	0	0
"C1QTNF3.AMACR"	0	0	0	0	0	0	0	0	0	0	0	0	0	0	0
"KAT6A"	3.45351692075116	2.31801163747155	3.29000335977174	2.49603405383374	3.85057942235636	2.96813684380229	4.25302109571151	3.38358196057045	2.68338542737647	3.32219929606294	3.22116870319865	3.26078896796897	3.19188949400905	2.6758938210554	2.66646347918136
"AGL"	2.5094323582006	2.44892473163662	2.53367920767169	2.0958737982318	2.64620644436205	1.93885409989902	1.46341058796282	2.84980515290112	2.29933698497943	1.96680696601042	2.92254991438289	3.13272653302112	2.57392100850199	1.54315434743511	1.37650154820423
"EXOC2"	4.08723368913422	2.90850262770611	3.83888623424231	2.72747069914342	3.28125313412649	2.53904463201464	4.4865888878532	4.67977564577597	3.61215194666413	3.21298792425424	3.11136272682624	2.36394058962172	3.61361415762808	3.43988838290573	3.41984492613115
"P2RY4"	0.0177578945272769	0	0	0.113451872853058	0.319773986521618	0	0.0558090510647683	0.0604097071819164	0.0361823709223934	0	0.0430487255757194	0	0.0873138116419835	0.0677582023180662	0
"TTC36"	0.174793471663251	0.239436781777285	0.21516727327504	0.342684445668062	0.0605181720624025	0.569541643729463	0.110277039923433	0.0321802068481655	0.310780424442566	0.226475236462042	0.135667116217366	0.0566245197440729	0.196574312422413	0.260243700278689	0.431007777859084
"SEZ6L"	0.0450453360558558	0.0260874079691901	0.0177547594226951	0.0479814591242572	0.0442830363074956	0	0.033411442310113	0.0120756058791249	0.0649231940704564	0.0160244251110467	0.023329951723984	0.0182773727580464	0.0402173087961843	0.0126743028015711	0.0162462833872485
"CCDC117"	3.69363191667469	3.1651112018523	4.12643190935818	4.75853237813348	3.23337195290229	3.71915057689471	4.50730943259052	3.35101765495252	3.51168308652103	3.28900519354087	3.25209316030122	2.71884819676365	2.59929636737515	3.07093109554247	2.29835478986383
"SLC1A2"	0.0572950593089217	0.0524391273364676	0.0468846656222972	0.0863165806288705	0.0083155022768179	0.106412378299351	0.038791192667703	0.0501494174419947	0.0467639276108844	1.20516726981555	0.0868976014290633	0.0434149229165263	0.0316507508780347	0.035224333438195	0.0129045267071118
"ZNF703"	4.28234342442051	3.26376383436348	2.14416386940518	2.06001624603088	5.36513784393444	3.93202336437423	3.5835491697707	4.387448708408	3.75711394563749	3.07001658352428	3.32584833701965	3.22611851785988	1.99532350693543	3.72604100526319	5.98696492389346
"ATRNL1"	1.11582231318722	0.350856461713565	1.66280934512264	1.23848117147476	0.0334273009825243	0.584130306608539	1.92085349835925	3.99739629239318	0.740688853852878	0.965821217182399	1.60617688050517	0.019633602727178	0.93507158233675	0.0738393548711942	0.970464589471033
"SLC18A1"	0.407363629101223	0.356081818090865	0.0618632749947525	0.48005775205802	0.0437628327833732	0.0553972564403524	0.22621441199501	0	0.15840230893342	0.0905587654583415	0.068851626282993	0.0129826514895634	0.0295716183251078	0.0755921175798777	0.0223487071805411
"GRPR"	0.179209740771944	0.613929046521115	0.158878453294358	0.188277476788683	0.125133966128042	0.172340294219033	0.0942174870030776	0.271606748655267	0.0637594983191612	0.429401719796614	0.114442722807448	1.18176091842214	0.0503476160056866	0.371179112028932	0.14038406889707
"MON1B"	3.54369383828899	3.70899280096027	2.84878015745674	3.48246110364827	3.88896237580665	3.08835873123988	3.74326182255203	4.07922875607521	2.78678870840678	3.4965134808768	3.66286629863201	3.4604411518705	3.87869591843961	3.80826147405395	2.97683376405208
"RDH8"	0.434103491581752	0	0.0172469963416774	0.0203758211459634	0	0	2.07263063328418	5.05080204625827	0.0581897129770119	0	0.0711317812616715	3.25124568979912	0.219368043975985	0.259147724306903	0.147479811798627
"CUZD1"	0.188535122551392	0.259356258855286	0.279275158990801	0.285660845005733	0.278716796203489	0.0497911976440553	0.0531817660693992	0.166864526461447	0.197615696716838	0.450579419376295	0.486026966515136	0.343049818947327	0.0176138294354578	0.534075551062646	0.132046451943673
"BEST2"	0	0.13090175212585	0	0.06452275355027	0.0201487782772412	0	0	0.0115295589474698	0.0375156255884421	0	0.0129448335607551	0.135982318195506	0.0140073615431474	0.0135967502344722	0.0502073123507872
"NAF1"	2.88154031120374	2.90161705574696	2.59843548020337	2.72130046822964	3.34208747213868	2.3868247389019	2.93841283379881	3.21748200250349	2.36699356698033	2.74102467189956	3.25984342514189	3.07499344508791	2.94605800693413	2.75715555862421	2.56560692376076
"ETNK1"	4.05209413867133	4.38838587913725	4.20135548826079	3.39668834376831	4.81833931136285	2.80923126590459	3.3763667952457	4.30005048945943	4.09049355846264	3.5101517577843	3.63137207015019	5.1197255194551	4.28491013895042	3.9545871812501	3.40170554811627
"CBLN2"	0.896531491171328	0	0.0108676149474795	0.19245805647613	0.0391969429701848	5.20532212827534	0.0100446287560608	0.0401569069560147	0.032170612892921	0.119472384848241	0.0240458674288812	0.15464580959092	0.0874039101975515	0.0552589009396026	0.242623845158984
"OTOGL"	0.0929639102772426	0.149764675574135	0.100313384295732	0.773144799419227	0.065315181537993	0.0116715424464991	0.209032193172638	0.0436624087559914	0.0431221685099164	0.0227343974314966	0.0280218851003019	0.0644294899904625	0.263239975230649	0.078364104771182	0.13233822716989
"SLC7A2"	2.26462350049682	0.987489322122717	0.913292324637193	0.963761524589075	0.217592430531862	2.16162974735795	1.99936687864966	2.98840293613566	0.400146600132383	1.27271599421741	2.65586927402748	2.72617400912246	1.21330372801818	1.54729928349016	2.93195247363647
"CYP51A1"	5.02469422414107	5.87988952178056	5.25681064922991	6.59312142099629	4.66324782915921	4.37200484431215	6.19782117119258	5.92501790975793	4.73706207117115	4.6973623882331	5.00235372941955	6.50898714503401	5.1536493058467	4.63638390963275	4.62555105107931
"TOB1"	4.27633288291309	4.20196313441553	3.86396322176077	4.60918464930033	4.17575212497773	3.31853666383135	4.47188977392423	6.23250918911041	4.30241045042562	3.69265037003553	4.22387814719404	3.74082504655771	4.91094607673322	3.3774028190598	4.59283373331851
"NLRP5"	0	0	0	0	0	0	0	0.00475990721437673	0	0	0	0	0	0	0.0151061560144265
"ANKRD30A"	0	0.0105466402937009	0	0	0	0	0	0	0	0	0	0	0	0	0
"SSFA2"	4.93289975871351	5.28879595586838	4.35457910313074	6.33289139125808	5.80009746072339	5.76265443899892	4.25499079007586	4.76117089588023	4.75445195625524	3.97772869215224	5.98853245737451	4.88068062812097	5.63671306446323	6.23901130805282	4.39562495705746
"PVALB"	0.272235843960806	0.0487102158671329	0.0630713807935576	0.0395474154337393	0	0.247114515586171	1.53691825768346	0.426470340872087	0.359206284459483	2.22277983598265	0.255744837646313	0.129993933776646	0.232812630818627	0.223880926667946	0.904738028416093
"TFAP2B"	0.0463317996637225	2.78856252299921	0.0056481027664346	2.47113412261412	0	1.43877189585177	0	0	0	0.0199828123733452	0.0358899744609502	1.86142144835106	2.0011609023074	0.00323331289908311	0.0154605452663528
"GRAP2"	1.63468851569878	1.56030898655294	1.75450059428328	3.02321631205388	0.777501777147784	0.897465816964493	1.50496354776646	0.764516013797952	2.44552278380293	2.6086176589745	1.09966887624359	2.9491165374808	1.1751572938386	0.567867633027578	1.15931594362838
"AMICA1"	3.50500802489356	3.06261738043315	3.66226247700561	0.832662809771635	1.93055001155386	2.36901692372225	3.10853282020344	1.99054830791249	5.01459854870478	4.25418584650111	2.9606794340551	1.80169258213149	3.14698914065837	2.01820151438372	3.87654641407766
"KLRB1"	3.23418782375806	2.5741293684299	2.99694727587169	0.22734739184302	1.05799224245411	2.29524400553004	2.36800420272069	0.905274256778192	3.98248711695648	4.05607190516211	2.83762036491527	0.926531598927755	2.56235844582356	1.17791460391599	1.29005867029721
"DOK2"	4.53915260595473	3.37642583803965	4.11405046359842	1.38853673429574	2.04740751426417	2.83180429409261	2.98920623466397	2.42000398456506	5.32180906763655	4.14134286493174	3.41375247772996	2.9580891226116	3.87901463608754	3.60600982861865	4.12368688663131
"CD1C"	1.31080252333886	0.663152399045124	0.853192862390171	0.0950126186364562	0.208191976873613	0.208967914561764	1.24041508546893	0.0384462257005432	1.2185177085449	4.1676630068528	1.5315187049757	0.170854951421014	1.21467193074769	0.11513807764109	0.103765977845106
"PIK3R6"	1.35602827728556	0.953140057203459	1.69450582335477	0.249766915494932	0.626631638949061	0.344334260898799	0.46644492832286	0.500613419819335	1.43754735528778	1.36461165065711	0.699578283047393	0.332675857483612	1.4332399040422	1.09830501083225	1.3948406183448
"NCF4"	4.41572486985975	3.37093425652483	3.27805613662825	1.73913953954472	2.4731569747416	3.89231330287487	2.43462422477788	2.79684171250419	4.89016941176254	5.57678815941885	3.25283495098321	1.86385125193471	3.90301416070289	3.27786352607743	4.51367075541114
"CLEC9A"	0.864299871598729	0.682070288873949	0.823538646238484	0.0120213824735265	0.126545268984625	0	0.104558079735731	0.0149084104869462	0.589607705854353	1.25787356254275	0.588369486656193	0.0548313242739128	0.602661159620769	0.0556360325159736	0.0710774666846087
"PIK3CG"	2.29416195405999	1.17622701536701	1.58099685749506	0.555709666497686	1.58399075887048	0.738421116062101	0.924876336996373	1.30130376184086	2.54473018344543	3.60817053137482	1.30138571369311	2.28268739945478	1.87222989219487	1.22364496114767	1.51409195378589
"PTGDS"	5.93111451753048	5.43260870961021	5.41073625829075	6.92706680775926	1.71200581655457	5.22329897333279	6.27489060628229	4.1076292900202	8.038128856286	9.90673279220839	5.25800062219418	9.6618333109701	2.43763923189204	3.80395026954251	8.05091248489806
"FLT3"	0.726590166576324	0.27335773659291	0.447293538454543	0	0.215134960002232	0.0506453155086004	0.173241309126988	0.0704995181044532	0.769764969989973	1.34471489449013	0.532941784038664	0.0879756706120227	0.401633742951287	0.0557819163546429	0.0175993494496781
"GIMAP7"	5.29911275156939	3.96417680425325	4.84527174839662	1.85600763125139	3.09621967824174	2.95438617517562	3.03479852247957	3.34676404452453	5.67478970623906	5.34641090146729	4.49181462394895	2.78419405288356	4.50939815245637	3.35961744996069	4.44377570739529
"DPEP2"	2.09280787216119	1.42481999444652	1.34979553063309	0.432927881373354	0.682005096207898	0.996902095445588	1.15626392656432	0.950263473442489	2.1125883821003	2.50981996663223	1.27503089350182	0.482296908200271	1.65536098855199	0.754313729786681	2.63421105464109
"CD69"	3.11853000176516	2.15502381763653	2.38628259715507	0.642039327949281	1.19074126825662	0.809711596461648	1.34799723964655	0.509971941516371	3.92896717679879	6.42771845996379	2.21072237898092	0.787451271253163	2.87386535487684	1.74034691249758	1.92628603080973
"GIMAP1"	2.98455016101986	1.85183297759486	2.50124804706721	0.722806984823392	1.55583332990037	1.57290906587056	1.4106830121307	1.86240774777662	3.01759592895938	2.92692168921672	2.1772018465423	1.12344106814418	2.4749888730698	1.49861851640622	2.42486566886569
"CD300LF"	3.15153251778743	1.32642229610106	1.72927649481996	0.488709343240457	0.918235087048491	1.06391015280983	2.01717721394598	1.236621192369	2.60179039555843	2.7996447916904	1.10461846108954	0.781028537658146	1.96914496303026	1.86668646443561	3.15110139782512
"S100Z"	0.814707501534518	0	0.238767297487836	0.0208167171231771	0.212053673874559	0.104510443773349	0.231601368373309	0.154787072045149	0.157312815600654	0.270978574553913	0.120929035666304	0.170870586480972	0.358711887303088	0.16464315981501	0.0991725784651079
"HLA.DRB5"	0	0	0	0	0	0	0	0	0	0	0	0	0	0	0
"P2RX1"	2.25123129592054	0.697603923760996	0.427786364329181	0.22845854886613	0.278054351938093	0.230762518025008	0.411880135127393	0.107531005358445	2.25828825596743	2.25322688631751	0.539244687689132	3.28253321389151	0.57231587088878	0.195230413965932	0.533819970621333
"TPSAB1"	2.58281128205403	1.97911258468494	0.214706740797155	0.311974442851555	0.0264331610125613	0.72831760378148	0	0.0722492051310773	0.215612128609891	0.201155810835566	2.93296824150275	1.46835914101164	1.52069881714293	2.74243960122498	1.44883489216753
"CTD.2370N5.3"	0	0	0	0	0	0	0	0	0	0	0	0	0	0	0
"TPSB2"	3.362807202894	2.77427260428464	0.399898958368182	0.159461916493839	0.134523118216852	0.547902852106976	0.0398740860716136	0	0.221074020241918	1.13287291845273	2.53537492303284	1.70282595878791	1.34718940330623	2.95507469075148	1.37435790117047
"CPA3"	4.77215223066326	1.51738404876791	1.05693444899683	0.942936320539856	0.0574205341634135	0.666349399069812	0.125933794586227	0.165170773983742	0.0714081977266264	0.416920789919417	4.02896248049434	2.6914906154178	2.50032022461537	2.73640463742603	2.21808212040345
"HDC"	1.25486913258164	0.73544159207969	0.0522919311320695	0.0675972112635476	0.0191492795357908	0.178487743406954	0.0266624745520492	0.043996965073785	0.0509087638519593	0.0379867268970022	1.34842790080616	1.85080742252133	0.74827616114497	0.788944161624275	0.12452857627365
"CD101"	1.04900337261104	0.436312178857696	1.17875287885864	0.892617953224607	0.581688680228645	0.738803282355275	0.387344893082298	0.25541975867265	0.206823237090167	0.848032973480138	0.315009099883956	0.135180292257915	0.814225139553538	0.237328756481544	0.789965821447324
"ADGRE1"	0	0	0	0	0	0	0	0	0	0	0	0	0	0	0
"COL6A5"	0.0453352538980428	0.708636200846971	0.994013758173014	0.00588867495435473	0.0245874820901119	0.0389024887162569	0.035679716318051	0.0384210803388156	0.0273237245490582	0.0184663958980376	1.24483835973482	0.00830365405560815	0.0413497433227322	0.0212718364231378	0.00727043346930279
"CLEC4A"	3.10081789991941	1.84443587125417	2.87838301632214	0.818501294821865	1.81547910935908	1.59283253761365	1.61901148873674	1.62701609932884	2.91095806539386	2.71036894499128	1.89853536502434	1.53139144237179	2.6952689439461	2.28564042883785	2.54298478685668
"MS4A14"	1.0171344447216	0.285419383131912	0.972086043225556	0.271148943752621	1.10184166080386	0.199651616987283	0.136407314926397	0.99742863064284	0.906613956358015	1.05861435625336	0.625478110284715	0.311591464755835	1.39244932029585	0.49496698064242	1.0797569768351
"MADCAM1"	0.0756815821686896	0.0211104070672178	0.0896676304329408	0.10772689854091	0.031144467406033	0.586071987378115	0	0	0.338036981675425	2.22166676936524	0.091286512614285	0.0305027644718492	0.0604744550558674	0.0216441710590687	0.149031039966918
"TPSD1"	0.797467510850826	0.27700338096958	0.126948943257167	0.117562268726277	0	0	0	0.0239881900862665	0	0	0.0492499017209716	0	0.459843908193683	0.504197817895268	0
"LAMP3"	2.24115069731225	1.36268028104685	4.81788926185975	1.30130668877289	0.808350450274464	0.859263528003476	0.795045004134242	0.668262569925245	2.09928510375371	3.85302753944858	2.498367044486	0.76701359920655	1.48949926365724	1.08446231204105	2.11826336585766
"GYPE"	1.42693561964834	1.42643920960068	0.48371054534573	0.250604492632485	0.157317990213654	1.7852743313237	0.0882773096804519	0.0187598526107949	0.458487524934219	2.25714039455876	0.485607152780237	0.151366450369352	0.452941703207513	0.213848054976932	0.503809204536357
"LTF"	0.927866879125246	5.3929424552159	3.17954847068406	0.231260970699904	0.186612114986444	0.191130535464873	0.480087230408564	0.424918326989663	0.569812357203934	1.96179740422076	1.43193847296671	0.350269226672838	0.568239370855866	0.35023584100746	0.587309298472259
"KCNJ5"	2.43959388445787	0.813945328515389	1.15060841544942	0.281950421536365	0.913902339076413	0.558898460877399	1.99284273852443	1.76761878337417	1.24708898805622	0.288462515184221	1.42947670895752	1.00902462613706	0.574677502043377	1.42046892772892	2.3518869395361
"NINJ2"	2.69985031232216	1.95885195299502	2.21232809135508	3.14699891271986	1.31394816009236	1.92651186393124	0.997319870073462	1.29751132770511	2.42220608447971	3.0925474328615	2.09109893864605	1.80351224021319	2.57967013701979	1.27628225539907	2.01912543282789
"SPTA1"	0.219618958290498	0.132822787226703	2.30523950647469	0.0284044351101569	0.129660673316502	0.011417619558947	0.180855664944282	0.0182822873883805	0.652619572378498	0.538995979046656	0.0420952384397821	0.0169426804458493	0.413892988252796	0.00797250998522504	0.0981521775852293
"OMD"	4.25879778864911	0.915645183241733	0.0828350686985363	1.8678648429329	0.287831003446127	2.20358331806287	0.0453925035112493	1.72571934689026	0.566087413906711	0.0365759150348106	3.53794209074945	2.06391187803355	0.499911181504924	1.31439490561801	1.51212067192631
"TGFB3"	4.70700290119454	3.20639785745042	3.02794137256628	3.1559183897622	2.38992881671892	4.11434203579145	2.43019560361628	2.50284866689576	2.03960517590479	3.2396348049959	3.45706299966227	3.24863046616316	3.10967815139454	3.1425572100569	3.02318259462721
"TMEM119"	5.52404329681338	2.67747554306165	1.59625059409437	3.1528559249363	2.28979021004964	3.49218648066064	0.91791747324392	2.28529419765116	2.99725085163922	5.16447254473222	4.0751475188171	3.53872438591015	2.88709142220825	3.14902111902135	3.57830475382731
"TNN"	0.455649427316415	0.309397989156659	0.0830694149993034	0.0724123534710289	0.0227505443196772	0.0693705629742357	0.0431957477195232	0.0238315202588485	0.0354614038543325	0.0181877668523347	0.096563586340478	0.0811723033053867	0.0893567218274407	0.187642344924389	0.202378225200726
"ETV1"	3.91730285232485	5.15263165594541	3.39372782628619	4.71574514083969	4.11200780660932	6.00478001670676	4.30845189271839	3.07665828128145	3.53513226661872	1.42826033224018	3.90967711325429	4.44024130297722	5.61849269088522	3.40863986032773	2.30689798220273
"NTM"	2.02228258052684	1.53557772759488	1.28592889136743	2.55000793636081	1.17583434408261	2.0892201611979	0.11022284272243	1.1902324084257	0.618983777258072	1.8797214476649	1.47171292716667	1.83995958748953	3.98277458776061	4.94168383690526	2.56605525627721
"PRND"	1.81194979430709	0.293286898472215	0.0146862178333028	0.0164310940577185	0.154769058611721	0.0313392942887577	0.00726282560189296	0.0245038699453927	0.155029000466142	0.0281548129219006	0.727521453383299	0.233276379944725	0.878619415725872	0.447012586162626	0.126486128816027
"CCL11"	3.43599655436163	0.0551108812681432	1.38560773925719	0.13872903157081	0.136003521771813	0	0.262968280795709	0.818127396450119	0.473192570259417	0	0.953813898984573	4.21733930208347	4.11090189817515	1.88882311233723	0.803839121861388
"ANOS1"	0	0	0	0	0	0	0	0	0	0	0	0	0	0	0
"OLFML3"	5.79745661618661	5.97421839288528	4.48405754946953	5.32160525575299	3.39868350358292	6.38060998076219	2.16286419337726	5.32394645542167	3.3176680250605	1.96835990709735	5.72378515928594	6.78144496116751	4.92399533873386	5.79988642275458	4.9322501913294
"CHRD"	1.89216950421412	1.14456199198033	1.91368983978159	1.83263688756687	0.198849283215603	0.940540393004856	0.396442299741213	0.247950596379577	1.14084081137305	1.4851434128081	1.71404545008211	0.683620107334842	1.04169506800026	1.31193318606136	1.31285682321298
"TYRP1"	4.85672928744555	0.133993442665846	10.5610874243086	0.299305037511505	6.72885926185077	0.721985045956588	10.0986637818866	1.91676897553531	9.17140826094126	0.879660289308804	2.27304884043122	0.246490177147124	3.29632598031006	0.0682608825989642	8.6748984331333
"GPR85"	0.955624522846082	0.491912085320913	1.99737912934053	0.30444620668934	0.122997793773587	2.35829497715825	1.7417927020805	3.37780258638868	0.557580169391176	0.603502675872351	0.979996775187867	1.00174388524981	0.795825950808492	0.532916856073061	4.62367375622866
"OSM"	1.5210708440088	0.424868355551195	0.335679329280092	1.20151781364047	0.185145969096912	1.12228839065705	0.553987583002901	0.586285806786234	0.815342611559982	1.34247509923086	0.577857071170041	1.57219603820417	2.74180672130338	1.53683870625201	2.2120852466844
"CXCL8"	4.66780415333833	2.30705250112178	2.42839032450617	6.23316331034083	1.17568107751135	0.933818102136176	1.17324898581345	2.92632493735534	1.43105593198846	1.12236791523006	2.03986482382004	2.03644179150446	3.80748372836463	5.42134955055969	5.70569182171727
"IL1B"	3.08312739978846	1.17932632252407	2.21579506351925	2.1312157574978	2.2532147818003	3.71012865545914	1.96701178433112	1.39307566887874	1.6739114008818	3.40175196019966	1.29152399544844	4.96154924705039	3.9429835981871	5.29581117022032	2.13459060354059
"MCEMP1"	0.722437607470723	0.0833635709434713	0.1069381425853	1.94835040977925	0.128516915629729	0.320944418672542	0.703478161331173	0.30288051785309	0.393754455502648	0	0.276902171215038	0.481583112080573	1.53674423322944	1.07661723956373	2.46079759742817
"ADAMTS4"	4.54066587269441	3.69237139970866	0.913190055918916	2.94709850405218	1.3191554578247	5.7315009688565	2.45624367759636	1.74533415405126	0.703032462414172	3.39043519594505	2.27531403464849	4.10243977915353	4.47238378969464	3.05091694578863	5.11651031647954
"CSF3"	0.0513330492302074	0.0354331798767968	0	0.411887725850703	0	0.224677488474713	0	0	0	1.0310493032632	0.0144223553116182	0	0.163765091027352	1.38577061730198	0.131105300215814
"CCL3L3"	1.76578083217499	0.638738830044317	0.797381596407838	0.724642414370954	0.409051003930435	0	0.00373721769199089	0.182424071126421	2.82672744664182	0.50781899141717	0.290976957585013	0.428150968849765	5.51098979697518e-05	1.74501569304859	1.9918746254914
"ADGRE3"	0	0	0	0	0	0	0	0	0	0	0	0	0	0	0
"CXCL2"	2.11868530900473	1.09165244865347	1.24365080346459	1.83738623391434	0.0755107253112232	1.2465297002483	0.221334290609302	0.599654859299669	2.99844465800238	2.8871411507949	1.16557433290939	0.951090897000016	1.68234406590633	3.15379723102795	2.00222544314707
"FPR1"	3.53244912758646	2.89002442613638	3.5813813783295	3.29631349778784	3.33686106441567	2.790042166471	4.35369379881572	4.51315277174468	2.83650184479502	3.75238466100307	2.99172318576977	3.43608186508893	5.09473433863575	3.5410129559766	4.53830224756233
"OLR1"	2.91442866650335	1.1853971967405	0.425945313367537	1.42686586422687	2.76726706156778	0.476013513555963	0.173759777503985	2.72377260178443	1.4272789817886	0.11656291401569	1.02486998295522	1.18334676397759	3.06184530707107	1.26941621792774	4.50213325524051
"CMTM2"	0.174192267572784	0.473386381537674	0.180253417242845	0.333577727476862	0.129795832733169	0.284358958191286	0.964732049387431	0.820937850186102	0.159126673632149	0.235213601835541	0.207698605596461	0.621368303454873	0.187170279202368	0.200880954285959	1.59254553978287
"FCN1"	4.79049577283879	3.98609687596731	3.01394010131203	1.4144603058161	0.879680675715572	3.28763777297445	4.5374110059155	3.07227133209124	4.53674609788842	2.19265184055955	3.50651308479422	2.59365614347123	4.79761224643995	2.37392099618364	3.99355209427809
"SLC11A1"	1.85739384802808	0.717531885883271	0.361460139891246	2.91531150834442	2.29846623667041	1.46307310289175	0.865271534556926	2.42432285578395	0.842983255376094	0.27265269996994	0.542435867999351	1.2342161869074	3.41465919307706	1.63126961808597	3.70229737870774
"SIRPB1"	3.25596745635549	2.7855610135943	2.41754335693108	2.81451556047385	3.3898152698087	1.46997972236483	3.61170355292603	4.04266184573722	3.3160349286294	3.34121724344506	3.05881953262263	2.67379270813789	2.43623514512686	4.68636885774399	2.87789930679743
"CCL4L2"	1.50421358402868	0.630201820890731	0.377158739961198	0.157300137720364	0.174096624518854	0	0.597661314821399	0.194969550093418	0.686737165788486	0.326324494653511	0.461897829567892	0.0261137043185259	0.773540243279471	0.425456619180129	1.21949381635886
"CCL4"	5.07929063361202	4.0394191831334	4.97633384661402	1.8333455301526	3.85483348395161	1.870372611227	4.02211032447534	2.46476757954808	6.91911956114219	5.29797272592947	3.85622381735423	2.56729232104587	5.38290583790051	5.45651377020054	5.41852224237199
"SRGN"	7.75772001623973	6.26469030025608	7.13891683634224	5.37688594172952	7.08536622829996	4.70548586430495	6.29896067803621	7.13058085854061	7.8432395740965	7.97915649604846	6.08313676293869	6.00049020760052	8.47627636568869	7.69049392174717	7.06496905210714
"FFAR3"	0.362256659919869	0.236495067516693	0.360073741609901	0.410157635114154	0.136041004731014	0.312709313311134	0.0697574264966014	0.125225834048177	0.205559545633869	1.27612142680398	0.113553622133172	0.598071204814244	0.214958467048321	0.655040356062623	0
"MRC1"	1.58574855533801	2.41557750715836	4.10666657522343	2.28256434884263	1.00713377283313	1.82480857790486	0.71076258061272	1.39171273815219	3.72969958833598	1.80671999654575	1.45168588647002	2.57191339741107	0.894806512667454	3.38284982579953	0.93289154056034
"RND1"	0.66223877470052	0.585946083375468	1.06746318747847	0.27374861180609	0.954313955043731	1.14739136914228	0.293268061582154	0.126089661893906	0.404715690372839	1.0900675233549	0.976526410945655	0.400097949807677	0.691152671275273	0.179624423175361	0.376047505523816
"IL13"	0.115302773945847	0.126023562462778	0.0246997374256395	0	0	0	0	0	0.0368384994133816	0.0904309908498956	0.0458784395676091	0	0.424591063218217	0.0850348991806495	0
"PGLYRP1"	0.278762700445271	0.031019580831267	0	0.0648480251130873	0.0380530510038907	0.208669574391405	0.598413326119233	0.488143233149797	0.068847706215141	0	0.085639684733132	0.0378587071276389	0.025460829366886	0.0764657855216653	0.562904721100655
"MMP19"	3.17448072467928	2.39736762386892	1.69995355898514	2.71115787134404	1.79767501255785	2.82200198947552	1.57816343350905	1.11304367008518	1.94067982633358	2.23812037617356	2.66613507677933	2.18279398168883	2.36109737828446	1.94459423979733	2.82912701686587
"RASGRP4"	1.63091097855525	0.806808243173259	1.24786676711035	0.674723223472517	0.864079145964209	0.860756258251003	1.08206897221904	1.16173292689944	1.07125125240213	0.648985363811558	1.15570390492241	0.55636074324802	1.04986771266874	0.883394815459227	1.6746120542793
"CLC"	4.24407265013432	0.153332573375114	1.06964924163923	0	0	0	1.93835166686595	2.21186883141248	0	0	0.440635992643314	1.47660980459637	3.9566700392189	0.0642557774362526	2.62166392401832
