"Pt1.baseline"	"Pt2.baseline"	"Pt4.baseline"	"Pt5.baseline"	"Pt6.baseline"	"Pt7.baseline"	"Pt8.baseline"	"Pt9.baseline"	"Pt10.baseline"	"Pt12.baseline"	"Pt13.baseline"	"Pt14.baseline"	"Pt15.baseline"	"Pt19.baseline"	"Pt20.baseline"	"Pt22.baseline"	"Pt23.baseline"	"Pt25.baseline"	"Pt27A.baseline"	"Pt27B.baseline"	"Pt28.baseline"	"Pt29.baseline"	"Pt31.baseline"	"Pt32.baseline"	"Pt35.baseline"	"Pt37.baseline"	"Pt38.baseline"
"RP13.512J5.1"	0	0	0	0	0	0	0	0	0	0	0	0	0	0	0	0	0	0	0	0	0	0	0	0	0	0	0
"NPFF"	0.113624159536374	0.119625115332732	0.013962406293997	0.0136778183737515	0.0290009899442843	0.462795221202247	0.308005024943288	0.304877131103991	0.0789497151331577	0.191497432781253	0.172357214590937	0.15035020887103	0.176847310112842	0	0.240792993449939	0.0742597693623417	0.20015645737726	0.283289905682926	0.141379577673604	0.246648399643125	0.451865425575885	0.102132094402578	0.0437058659124088	0.734861546599604	0.124615033229578	0.218706587768376	0.328792362418778
"DNAAF1"	0.000349764264179047	0.00548425862739267	0.00255676083103266	0.00674044095008819	0.000343553084320654	0.00660763288172202	0.0038750465022124	0.000455217416156886	0.00200330247034281	0	0.00230430795939767	0.000373291520683626	0.00380595085544223	0.00313533309249416	0.000976527219077141	0.00570011164261613	0.000646433113263747	0.00629649213153012	0.00495007714653793	0.00610112165588872	0.00218402994646585	0.00963284933576461	0.0100757011913443	0	0.00174999970382471	0.0128932373544096	0.00914318295497989
"SPHAR"	0	0	0	0	0	0	0	0	0	0	0	0	0	0	0	0	0	0	0	0	0	0	0	0	0	0	0
"H2AFB3"	0	0	0	0	0	0	0	0	0	0	0	0	0	0	0	0	0	0	0	0	0	0	0	0	0	0	0
"PDIA2"	0.00655601953587391	0	0.0588014102279819	0.00247644813068652	0.00205117108071085	0	0.0809970524216525	0.0389843458920374	1.25525166732572	0.361260076209929	0.132546430841911	0.00775325983020869	0.0689527067128477	0.0469206592509582	0	0.0669112617381717	0.0135793388850731	0.395969989813776	0	0	0	0.011300621953243	0.0840420166957335	0.109103434864604	0.0124201630792401	0	0.0131325221648774
"RNASEK.C17orf49"	0	0	0	0	0	0	0	0	0	0	0	0	0	0	0	0	0	0	0	0	0	0	0	0	0	0	0
"C7orf61"	0	0	0	0	0	0	0	0	0	0	0	0	0	0	0	0	0	0	0	0	0	0	0	0	0	0	0
"FTCD"	0.00454764218661313	3.54603104567109	0.0215936633317033	0	0	0.0178158699102552	0.0195449123135711	0.0499715290143283	0.0359615654229136	0.00519185116951531	0.00679102742871945	0.00188657986311038	0.0294005928391645	0	0	0.00153322590291021	0.0104835439781784	0.0526185821857183	0	0.00279980052229197	0.286826644421304	0.0153796727953134	0	0.200995564734593	0	0.0259516743339479	0.0188590584997635
"LCAT"	0.0825624073243179	1.28354838376932	0.104627810302601	0.0427555267898077	0.0856225067837425	0.242877299020369	0.184578315807102	0.112459073517791	0.143369827950647	0.17357103568181	0.352526525528593	0.204987690323499	0.154482393212019	0.176490503635018	0.17827330280905	0.148985440710835	0.260093336213179	0.200545798129454	0.17596703876162	0.19483527244632	0.351402389768159	0.158761534127215	0.104850525453979	0.456451451862904	0.0463096558846937	0.0503858977647128	0.11765211450576
"TEX40"	0	0	0	0	0	0	0	0	0	0	0	0	0	0	0	0	0	0	0	0	0	0	0	0	0	0	0
"SLC22A1"	0.0164791786122302	3.29875907220061	0.00857732894939921	0.0115961241947573	0.00885003667384845	0.0578939910033156	0.020584154854214	0.0149524730559551	0.0113928498041697	0.0215330004892123	0.0039680056947965	0.0172760400353716	0.0394190616122639	0.0117689971051238	0.0157610533449751	0.0182681132345851	0.0307558742829348	0.0212658498592584	0.00367264416491583	0.00255823856252465	0.230220593763016	0.0106915354820614	0.0189826361133904	0.0066282087192489	0.0545163510483021	0.0127580918022747	0.0098581599666224
"UTF1"	0.00576057316649069	0	0.00278321695426714	0	0	0	0	0	0	0	0.00322929160464294	0.0130242590436126	0	0	0.0226478434799279	0.00824525510447327	0	0	0.0553532982027237	0.0550307976977494	0.0108142340619096	0	0.0327765048308341	0.0406957082807791	0	0	0.0434554073888498
"UROC1"	0.000106894676631059	0.38023891163701	0.000547618963635466	0	0	0.00242535767857122	0.00138805856818971	0.000738614695313671	0.000104551383537888	0	0	0	0.000254507417062151	0.00166154961243564	0.000326176219434082	0.00147631033514737	0	0.000315286348346288	0	0.000184574983277615	0.00968325105838153	0.00233275786373049	0	0	0.00775005367123025	0	0.000632787046210662
"VAC14"	1.0926708302013	0.845365130743609	1.01978295029304	1.42519473489193	1.57006578059005	1.28524222050692	1.02273728209028	1.0862887627527	0.717776967705613	1.92509680194127	0.626938121597563	1.29333244929115	0.966610690738786	2.1174828756263	1.01036873847327	0.819108166094977	0.865243873389196	1.35528868697834	1.30411609921354	1.13479587602289	1.15027696386492	0.622798584161138	2.18352595808112	0.763285317183686	1.40941332126022	1.90788681144216	1.08507416831148
"TMEM100"	0.137569512799459	0.114423786850398	0.00694160862731468	0.00699131975559441	0.0155546829295758	0.0173874711501133	0.0506342587648002	0.14143919515213	2.16526289380679	0.08736367937712	0.0767786469195923	0.171823195871753	0.0158262304264242	0.056466650800264	0.0997074923900676	0.327246062653726	0.0382988387078563	0.113820865586952	0.135945480404974	0.0464306081081579	0.0376283066209009	0.441329730307301	0.0374814877222678	2.34815803614156	0.0133067853173238	0.00936032097638307	0.0641246196163339
"ADH1A"	0.00192927364032157	4.40236049994739	0	0	0	0	0.0028716768192031	0.0151038483828717	0	0.00294340534603329	0.00212608511109259	0.000785460329991858	0	0	0	0.00789988483110052	0	0	0.00327541188992315	0.00124286853234229	0.380907370979269	0.00562949235127559	0	0	0	0	0
"ITLN1"	0.001208906534898	0.0296201484819213	0.00317050661057453	0.000965984079740243	0.00599087236029824	0.00260376084499734	0.00288078339385552	0.00145206181842045	0	0	0.000458232288765788	0.00411490621945064	0.0909871546035923	0.00702598655131144	0.0272700004633792	0.00650291575103993	0.00654188462302355	0.00100209864310308	0.0353042392053843	0.0203594197395314	0.00115035737534139	0.00659239218975661	0	0	0.0340948555948801	0.0027330535982567	0
"ITLN2"	0.00249368332605798	0.0118048704507084	0.0180685815004318	0.0576150600105302	0.0680877801618956	0.00174277224002478	0	0.00509775901173815	0	0	0	0	0.817568003651613	0.12265344647395	0.0284065684844175	0.00705786790657738	0.0326544877176334	0.0128254109379323	1.81933233322684	1.60590540749458	0.00484044925728547	0.176423468151292	0.0438261402490189	0	0.0584353345225738	0.0388283314628196	0
"STX11"	0.374514835822974	0.63867703030404	0.38545676969	0.055100269774925	0.749909431977934	0.240431165381542	0.356952676591596	0.259689921484567	0.173261190172124	0.452108324818285	0.792854535558425	0.463399631477265	0.496937062066767	0.496398463677972	0.901749716933193	0.672924536470869	0.62050699325813	0.45509168757678	0.616772626298431	0.392200598410481	0.58094195194634	0.951070890584718	0.624053926696879	0.106362296198017	0.381072731079723	0.757844928458787	0.935000923009999
"PRX"	0.0783426349791116	0.0602483869405298	0.0264326437584838	0.0648789222742956	0.0291140411933547	0.0701657223792257	0.0728611865022696	0.0664505574139538	0.0987863793153462	0.12420804941037	0.103075344739317	0.0764511141063211	0.0645481993725644	0.196730041801712	0.0964111569455453	0.0942139506890888	0.0731994804930287	0.108721977243504	0.0982529266154609	0.0963848288596973	0.0778538530792866	0.107017257576309	0.0812915300636511	0.331580922870668	0.0458466787199621	0.114869732246899	0.0524615033290111
"CLDN5"	1.46008266831263	0.830790313575303	0.23623314435652	0.295249976354775	0.460618727782006	0.823322094344902	1.20208984052666	1.93249422171391	0.643964236771246	0.538116803271252	1.02354231533402	1.26084833127045	1.26821743805079	0.753730095741151	1.21119188218967	1.86377119324641	1.41033741149941	1.32631324580856	0.932468374277147	0.39901446409084	1.94527305777613	0.876953695256789	2.31557392169492	0.704198591509408	0.833933791290505	0.602931593725137	2.23171552208537
"HBG2"	0.0544402223831986	0	0.0877114778884159	0.02769882032997	0.121732890490531	0	1.892934252634	0	0.00357439885793481	0.0132109772914916	0.00448116814738969	0.0184157799559319	0	0.0531779221221362	0	0	0.0813575613142726	0	0.00509370321028067	0	0.0212060504564647	0.0228310204395212	0.116613230737904	0.0222129946035013	0	0	0
"RXFP2"	0	0	0.00331978589169165	0	0.000956424378898677	0	0	0	0	0	0.000834323600767403	0.000487321749832918	0	0	0	0.000942974118515999	0	0	0	0	0	0	0	0	0	0	0
"RSPO1"	0.00412057537862275	0.000672990819747431	0.000859286128195928	0	0.00316999979728229	0.00316005355374305	0.000942751621388779	0.0445218533253476	0.00208726908408947	0.00067412817528683	0.00076417233508667	0.00231414980704367	0.00287522458548889	0.0170258944933262	0.000385329535370162	0.00221265194364001	0.00414548532792898	0.00332756774182489	0.000388650030870627	0.000438335293579934	0.0163505071232451	0.000874874283676176	0	0	0	0	0.0117408500682382
"SLC39A8"	6.13640649930373	5.01709543808323	3.86513670456305	5.62598525552577	5.44817436190066	7.60772907519221	5.40243462020254	5.71676172292616	5.16728830974263	4.4571821637416	5.69903468743462	5.75715505923984	3.83202646425031	5.02893193269083	5.54701213737293	5.94980239361562	6.2382179627527	3.5561860127097	5.53087367515884	5.13044501774644	4.65275303111731	6.45543459802382	3.90724155750565	6.53049080933169	3.30117580302355	1.71563123383275	5.93825732327042
"HBG1"	0.0154430479582422	0.0295201064834631	0.00563909338665441	0.0048578511717587	0.0228916707762793	0	0.536802150526743	0	0	0	0	0.0616360304360404	0	0	0	0	0.0759815804667133	0.00912711331897434	0	0	0.0230787845602325	0.0185713793323103	0.0253724578424215	0	0	0	0
"OTUD1"	1.0678630375721	1.34054239353437	1.02570282535531	1.08852007698514	1.09210940833585	1.96099915438681	0.757693057367557	0.944904060793071	0.664749427794059	0.698515299639857	0.886401309738012	1.48851723481664	1.52034656456473	1.20567273295306	1.3392978480549	1.02082116439906	1.06527831880376	0.890324628216718	1.23589065314222	1.35097220730219	1.20890122502375	1.08794830586321	0.555973504403612	0.850920949418616	0.433845351314719	0.765935262620904	1.50496351246328
"GYPB"	0	0	0	0	0	0	0	0.0143928043861129	0	0	0.00689763671550606	0	0	0	0.0108598777231805	0.00736571744405924	0.00606645762047982	0	0	0	0	0	0	0.0245487525791722	0	0	0
"RASGRP4"	0.045132790532087	0.0278904151931567	0.0424962631090393	0.00863202445349233	0.0469009038584759	0.00524894553696276	0.0230498517701739	0.026471536583693	0.0215577021791774	0.0176565000921093	0.0383399517144746	0.0315925012798786	0.0249379135864367	0.0349012225147517	0.0402865139574269	0.0739010620514234	0.0791012227758074	0.0617022134103893	0.0471020757719494	0.0321142041750475	0.0228373135624454	0.0505223229647441	0.0218690995940675	0.027774565068769	0.0297295755457841	0.0144490810006398	0.0192458643505094
"USP2"	0.0300054281430949	0.0902708293807033	0.0444029500652679	0.0274018543690088	0.126412590892048	0.0542566690615894	0.225101270855966	0.188222100886002	0.09633662737877	0.00162942892876207	0.0618160413284256	0.014085326544879	0.0159855851247575	0.42768128993709	0.00714586228313771	0.0656297670812859	0.052082959991309	0.0165226730522286	0.154726409594501	0.22125396958035	0.368108592498314	0.0906635906900803	0.0780098638373708	0.0215667440142398	0.121549101548247	0.169579625933362	0.0397487228953401
"RXFP1"	0.142694775879048	0.0363677428016085	0.117546293764848	0.0108619718361222	0.0134734895061621	0.0132584729962898	0.0145440410497269	0	0.0215609474012192	0.0211885691275532	0.022831915392037	0.0100967235097743	0.0218171590460707	0	0.0270185884911609	0.0271157713775294	0.206277067949848	0.0100991339148541	0.016101343504794	0.0167135575674195	0	0.0940900262256165	0.00723670568860084	0.0686203436586339	0.00499056339713804	0	0.0177246045573481
"RGN"	0.0727562083515405	1.78530594968068	0.0757954673711261	0.00138322661339172	0.0012092883517155	0.0182162415096393	0.0160933861601037	0.037538997985212	0.0431534031877702	0.00410727675792872	0.013109809477718	0.0182710676755465	0.0171249181116656	0.00298831935791678	0.0217642601879582	0.0417709641818772	0.0306714722758	0.0120096859088101	0.00924365382624202	0.0105539509609863	0.095902643268253	0.0997204634493079	0	0.0120501157636863	0.0439892174485241	0	0.0308758528364992
"CFP"	0.140258622070873	0.447337349370515	0.215772435137581	0.00951604336042922	0.0753526625142739	0.0320078035115578	0.13652025076926	0.15037952489326	0.0375734562130201	0.0538399640102134	0.0775125833722452	0.0521108088127396	0.0791894787342304	0.198381566371862	0.195531814134273	0.249250707890406	0.154677540451144	0.936631655108483	0.0814465609701605	0.0387741608363502	0.256975319723619	0.116294738971657	0.149373546162001	0.0613528671636365	0.127484214619331	0.163250485528812	0.799545632065876
"HBD"	0.0141083180471351	0.0145609595576635	0.0167055091715322	0.00260308404194929	0.0751780463172528	0	0.0968291890651715	0.0306509063825344	0.00798124409234606	0	0	0	0.0101094398512983	0	0.0649372900094357	0.0843102632063012	0.169399049776706	0.0126694945093981	0	0	0	0.00296040751390899	0.039027935582968	0.0118258548843586	0	0.0273662915044043	0
"C10orf105"	0.814005420341051	0.617376642039711	0.526517675338793	0.0436631088403771	0.327384224950267	0.399902022862698	0.881637814554176	0.66332260073329	1.18253450307484	0.255563505071675	0.354620954888102	0.300661956656143	0.208599695201657	0.588665952439355	0.456766238320941	1.03774669722419	0.538441361664832	0.0869721085235081	0.530799056864782	0.532179031053969	0.642787592520098	0.601437967052418	0.123827197637232	0	0.0919704620323806	0.125970735093327	0.650651614274521
"RRAD"	0.184305921422016	0.0684021720673574	0.0182389517980986	0.028376159521938	0.112016649441729	0.0845157459462408	0.715679536822715	0.239526651832692	0.0591862732495841	0.0287123140029172	0.621943778961653	1.16170223552909	0.231251005770752	4.87082275881999	0.095657185522197	0.517902009275644	0.299958731319141	0.151882531666582	0.0776444558153329	0.0330487084717444	0.783328929784957	0.327665851046218	1.13103403829746	0.137485668842239	0.0371110197219917	0.174274646981628	0.992271406374532
"UPK3B"	0	0	0	0	0	0	0	0	0	0	0	0	0	0	0	0	0	0	0	0	0	0	0	0	0	0	0
"FAM179A"	0	0	0	0	0	0	0	0	0	0	0	0	0	0	0	0	0	0	0	0	0	0	0	0	0	0	0
"ADGRE1"	0	0	0	0	0	0	0	0	0	0	0	0	0	0	0	0	0	0	0	0	0	0	0	0	0	0	0
"AHSP"	0.0651911719625821	0	0.114222462697855	0	0.185490945478205	0	0.104024799630606	0.197146887471675	0	0	0.0343851113724628	0.0140261816968685	0.0265115261050671	0	0.0369207114819047	0.0166797916372488	0.485574955373248	0.0700927663624231	0	0.0208844667155795	0	0	0.417035543437988	0	0	0	0.136274349654333
"PGM1"	1.76278371234481	2.8965297819146	0.552431334340837	1.47580836284249	1.85663948320977	2.29436425819589	1.06736369050792	1.72788218964381	2.41417459157198	2.63571213965356	2.06860055118736	1.78101488482859	2.16237439230515	2.13296558655628	1.32596915862569	1.2020945383483	1.63369586210137	0.485033260730843	2.22519425296397	1.95702411024967	1.71395093208305	1.4354052905769	1.42544463774952	0.971595281529138	2.58980603131431	1.92948801602901	1.35035412800876
"TRPV2"	1.8947768569907	0.835399285560855	0.225276048456154	2.31723962687859	2.21349270125362	2.40051547948367	2.09330656671187	2.19630817400972	0.559340768865076	1.62086300030449	0.909914413047876	1.42888196755763	2.57157506376664	2.74325520123386	1.54826669901466	0.735360777102003	2.26960126697782	1.82937490980822	1.23349488797368	1.14359756951548	0.360486080236483	0.841663294401969	2.60618855293008	0.311761091815296	1.22663678741544	1.63535433453553	1.12756218951786
"LRRN4"	0	0.0132950874996603	0	0	0.00276685895837852	0.0746995238852871	0	0.00697562880447099	0.000917687808018453	0.00347023325353639	0	0.069614780771343	0	0	0.00332277664199339	0.00322110495097989	0.00218277648531593	0	0	0.00347978601176431	0.00681137275939253	0.0313494809905706	0.00795453582150988	0.018143642235665	0.00580399081910436	0	0
"DOCK11"	0.482642522207424	0.305509461064274	0.434155689422145	0.32059568535311	0.295204841599181	1.16574739080994	0.227197738674984	0.43702506576204	0.389441052571623	0.298697599263715	0.491401429305073	0.482270213622652	0.195686433264374	0.174785648673469	0.512695255070239	0.711679220376097	0.381334679615615	0.12114701601576	0.445751272707487	0.281755164778589	0.334446538847248	0.537633182507148	0.0912942971494459	0.190832757271244	0.302643971954274	0.0706598571976214	0.914552333894456
"LILRA1"	0.0376671968900865	0.176295874470523	0.158068199446463	0.0124700107248226	0.197072527990838	0.0161036424460457	0.0637797380395493	0.0507254492933058	0.041778538386982	0.0700327052056774	0.188684363561436	0.0456722249576256	0.127401270404747	0.0717441646681067	0.136626944448545	0.293530318106923	0.143672339690966	0.101601153407756	0.21794570806844	0.135719354840457	0.0445674719035658	0.139990103182885	0.0412211798940298	0.0136006632596272	0.0424020872625514	0.0214480485674079	0.117438492168947
"RTKN2"	0.0480957159973814	0.0262090185395566	0.125150206597316	0.0933293660608223	0.0763595695578024	0.130285327989875	0.0130994803930561	0.0528558436262221	0.0645682291501526	0.10931918660177	0.0299789921645547	0.0879973573922192	0.0557910965212245	0.0615965267458498	0.0277933122275851	0.0576557596993594	0.0268940378482774	0.0236785776281187	0.112773650350001	0.0822202414252984	0.0337560582871094	0.120471687162607	0.0187913103914512	0.0278972428790079	0.0726723497782756	0.0409773261544804	0.0562090057333829
"APOH"	0	9.99048202573308	0	0	0	0.0445045629231837	0.0189104543694467	0.647573337303154	0.0446255350362091	0.0826633533519453	0	0	0	0	0.0520625765548171	0.306209944194044	0	0	0	0	3.78524950581227	0.139946129421287	0	0.0303921667612631	0	0	0
"AMBP"	0	8.91266719943092	0.0277317340209462	0	0	0.00800905047142035	0.0149030669969708	0.561917158774845	0	0.0665078074429179	0.00430464928677049	0	0	0	0.0790298336274751	0.152066306554096	0.0193907627245008	0	0	0	3.29831284037258	0.0635087307434363	0	0	0.204240240996548	0	0
"GC"	0	5.2363802347024	0	0	0	0.00121044526230899	0.000826633459168508	0.0259204316845141	0	0.00155170127911227	0	0	0	0	0.00411955539647543	0.00598282176145725	0	0	0	0	0.584690233999871	0.00143478654849729	0	0	0	0	0
"CFHR5"	0	3.08088995987104	0	0	0	0	0	0	0.00283858435481517	0	0.00160881149275475	0	0	0	0	0	0	0	0	0	0.112427137654305	0.00190715564716892	0	0	0	0	0
"APOC3"	0	13.018997537808	0	0	0	0.210296212612677	0	3.18461144155968	0	0.715135931165887	0	0	0	0	0.635487937377413	1.54479953971539	0	0	0	0	7.1903335657812	0.645859404032192	0	0	0	0	0
"APCS"	0	10.7905461866559	0	0.0657155544398064	0.0635227259569697	0.164314470505989	0	1.20012892974796	0	0.229397774525688	0	0	0	0	0.200027350475281	0.304354492366148	0	0	0	0.0678178392532147	4.74992988032972	0	0	0	0	0	0
"CFHR2"	0	3.76415264464442	0	0	0	0	0	0.0224300600444321	0	0	0	0	0	0	0	0.00663009936278113	0.00105231918740604	0	0	0	0.266111645389882	0.00136413119087924	0	0	0	0	0
"AHSG"	0	5.79788430835046	0.00571194341062928	0	0	0.00510737393891162	0	0.0835247109856187	0	0.00242000275482414	0.000879620076006212	0.0021626820957131	0	0	0.00192375656834472	0.0131130446454163	0.00239147543134145	0.00352108937552183	0	0	0.938667115240989	0.00334537006880106	0	0	0.00358201037195977	0	0
"APOA1"	0.344862391917119	13.7572092856256	1.30862207294996	0.0844620935266711	0	0.675740953496818	0.77125279485202	4.04891012303765	0.564732040682848	0.869126423473622	0.248900065723412	1.74837300978992	0.677985503583663	1.30733623930156	1.71884171047411	1.70605463162933	0.328605577442003	0.690420038617892	0	0.136351618545945	8.1385467200471	1.15792308761821	0	2.71662871558668	1.20749566759809	0.554991594043071	0.412646033854142
"RP4.608O15.3"	0	0	0	0	0	0	0	0	0	0	0	0	0	0	0	0	0	0	0	0	0	0	0	0	0	0	0
"AFM"	0	5.27033402766569	0.00734500944328576	0	0	0	0	0.0329627267059335	0	0.00692026113828779	0	0.0100982113079591	0	0	0.00831461363822487	0.00613181385010847	0	0	0	0	0.480042434463878	0	0	0	0	0	0
"SERPINA7"	0	2.81066692329647	0	0	0	0	0	0.00336025199345895	0	0	0	0	0	0	0	0.00157841436506002	0	0	0	0	0.114702940184764	0	0	0	0	0	0
"VTN"	0.0130793714214757	6.74027305693706	0.0841338000950968	0.00323666494995901	0.0245778486230968	0.0210809743166358	0.192191727500293	0.219386505588677	0.0399424458031401	0.124069386009293	0.0380416127569859	0.0137330870521453	0.341889615378072	0.052031377681426	0.022683403834324	0.0736215053384163	0.0208881761517059	0.263528279059639	0.0408044613825355	0.0159330908048371	1.60480553454734	0.0476629611084974	0.056944982337678	0.0366786485182065	0.468444642903207	0.153873977825365	0.33130862109187
"G6PC"	0	0	0	0	0	0	0	0	0	0	0	0	0	0	0	0	0	0	0	0	0	0	0	0	0	0	0
"HAO1"	0	4.48490601126178	0.00337132065683634	0	0	0	0	0.0164819532349344	0.00525207065985678	0.00722218988022237	0.00273919582606919	0.00393252734227454	0	0	0.00504828749189572	0.00847720876471864	0	0	0	0	0.382403842834252	0.00358568389808001	0	0	0	0	0
"SLC17A2"	0	1.0066678305486	0	0	0	0	0	0	0	0	0	0.000617632038427929	0	0	0.00309791241220055	0	0	0	0	0	0.0168043961794834	0	0	0	0	0	0
"SERPINC1"	0.00375866705762344	5.39970209239296	0.00247014467304027	0.00113807460819774	0.00302638435859369	0.00930756366535263	0.0211031930481901	0.0572947824983679	0.00361299273214967	0.0100747278076711	0.00839583264563178	0.00163995987243619	0.0162565048906565	0	0.00656463192697794	0.0176580306929442	0.00696755379560531	0.0300188731012408	0.00332543661128852	0.00377410385743266	0.760175126857413	0.00558105841898724	0.0167606830608375	0	0.00401732229342313	0	0.00444563415272484
"ITIH2"	0.00133325878874207	5.03984420366574	0.00281079739797167	0.000819950418616067	0.0031476236614173	0.00526370661044542	0.00394649557585157	0.0303465102999629	0.000642661080490473	0.0250189253636562	0.00230738789829725	0	0.00109628758031006	0.00370492017568932	0.00299491173916647	0.0107443646538955	0.00188701568687152	0.00304461232698866	0.000773864509652671	0.00174438306143167	0.558843569743275	0.105806515340915	0	0	0.00284039083889174	0	0
"C8B"	0	8.54269507380934	0	0	0	0.0436693879876787	0	0.314160163286828	0	0.039118577684599	0.0278532241853006	0	0	0	0.0544970733895834	0.111780517428901	0	0	0	0	2.80206127120135	0.0362540935890859	0	0	0	0	0
"CPB2"	0.040775025366783	4.33861519500605	0.0809385371661033	0.117170919504154	0.0653541771818065	0.0872177164189361	0.0417362143594288	0.0555063287527597	0.00289801562943036	0.0482115378546834	0.015714119323186	0.000984033571969563	0.0600217516581639	0.140760313719231	0.0295536718240831	0.0211606613799097	0.0382613163345632	0	0.0901725849591098	0.133951930681864	0.285715173212814	0.167054322715692	0.0362988183467073	0	0.0316059577876088	0.00789288032164008	0.00589764798805551
"MBL2"	0.00141918474118346	1.79764764946971	0	0	0.019291958455661	0	0	0.0587977793966912	0.0014184860740669	0.0186473208199351	0.00687176319393989	0	0.0553594177166735	0	0.000992671347059563	0.00169412001297521	0.0209152860716541	0	0	0	0.034131942593289	0.000914135203339257	0.00316112128145686	0.00541809183599638	0	0	0
"PRODH2"	0	1.23407189914454	0	0	0	0.00200648770426755	0	0	0	0	0	0	0	0	0	0.000834257748875367	0	0	0	0	0.0344791497121076	0.00121129758255781	0	0	0	0	0.00938007092434831
"BAAT"	0.00189617792881959	3.88549404476021	0.0505442143859087	0.00123986926242981	1.09332473698429	0.00511584616105717	0.0230428851349657	1.95307704826346	0.0380310287958976	0.230303432953367	0.0102809065526544	0.0866129259016659	0.215460073547996	0.286984754634688	0.00898794198507769	0.0666655132935388	0.0485325076983235	0.638722429179671	0.00438325605281229	0.00803921179464994	0.235520581256669	0.147723705552333	0.0726358226088491	0.011322684147438	2.50852476248337	0.306056325219696	0.0289649780524076
"SLC25A47"	0.00314588523579027	4.77167246883267	0	0	0.00300673338060944	0.0169640548398988	0.0128055169619011	0.0385788464113229	0.0125274833667124	0.0159694872737699	0.0107115500781954	0.0074964313835187	0.00804700297336771	0	0.0298763840514533	0.0238226042748453	0.00678473891974773	0	0.0294849574717932	0.00560873878095735	0.614282342037887	0.00532786344453382	0	0.0300839983761218	0	0	0.0195170259770525
"LIPC"	0.255714889280423	3.60562673077929	0.0317951483724097	0	0.0331765890951933	0.0246399934151173	0.306130202754581	0.391030527810819	0.0550354057383505	0.0648008788841179	0.110820943831039	0.0323178348839389	0.0841106622031935	0.0207915639446179	0.0856100010065957	0.106985158783515	0.162167583516809	0.0556608655115853	0.0548054533940556	0.0104925863071442	0.305728184998361	0.115080191717421	0	0	0.0175605093181274	0	0.288869219198246
"SLC17A1"	0	0.155142777218007	0	0	0	0	0	0	0	0	0	0	0	0	0	0	0.00087950465563292	0	0	0	0.00166642999488351	0	0	0	0	0	0
"ASGR2"	0.906368745401457	8.5433616302435	1.3760910400854	0.0800975670125943	0.780504138459729	0.74505815776736	1.17291819170514	1.55341439240473	0.943293888586152	0.904269780396252	1.69640623817271	1.00097975070172	1.41790108897556	1.14235490305015	1.4403240035759	2.58935900238388	2.28913299761944	1.08337581900949	0.919903565314138	0.923420555159162	3.72142370772319	0.88829226704364	0.472219798808916	1.77400524895741	0.178958963089737	1.22251907744522	1.51132331797526
"PON1"	0	2.02424315610491	0.00042038432841857	0	0.000703182584688842	0.000864777616421591	0.00146516834996138	0.0109074709751585	0	0.00209777627632061	0.000320369954523682	0	0.000683496394162986	0.00275973380923525	0.00103481008255595	0.00179207047096791	0	0	0	0.000334376254337089	0.0590780613836972	0.00160101318108342	0.0015803138966835	0.00131266583149688	0	0	0
"IGFBP1"	0.00193974197153149	4.83833416533981	0	0	0.00378379908387097	0.00310416177820272	0.00552575140113532	0.0246634919413357	1.91581390777678	0.0361094855196401	0.00403343655112424	0.040096982982642	0.0128017179651469	0	0	0.0102900577206728	0.00686758616204619	0.00687121131898339	0	0.00500303102218779	0.464460132781911	0.00548455121576106	0	0.0103846406581028	0.00839739032506386	0	0
"ANGPTL3"	0.00249471866356117	3.46671408760724	0	0	0	0.00355322715241736	0.00125772239509533	0.0076199704159178	0	0.00643109276886422	0.00271345331025189	0.000449101082410268	0.00742025308922559	0	0.00104010360674863	0.00408904540870479	0.00061446065543462	0.000957268692601922	0.00131847375807427	0.00151894613419499	0.133445388842685	0.00399420807399292	0	0	0	0	0
"HPR"	0	1.25716721110224	0	0	0	0	0.00191712766540888	0.00655777639885918	0.000584453513964355	0.00150516805654989	0	0.000556395243100465	0.000489754085338888	0	0.000726466325866905	0.00111138623985081	0	0	0.00036624824904926	0.000415169132206335	0.0249362652664505	0.00273899460228309	0	0	0	0	0.00567082868704405
"C9"	0.0984226059606465	9.89211343053322	0	0.0511903255392581	0.09034767203293	0.0577509118631794	0.0388624494689363	0.40587735537142	0	0.0798717788584186	0.0425683991505022	0.0905796390847895	0	0	0	0.155626123029166	0.149812712958783	0.0603254331574566	0.0383541577297944	0.0220353396598703	3.68145106143036	0.0495302800233056	0.0986895347327801	0	0.0688160309882424	0.0953995789660657	0
"SERPINF2"	0.056798519259164	3.36183770284993	0.0290673462266171	0.00768905968354415	0.058475462302115	0.070459472847494	0.0617563947237328	0.134616877860053	0.0626961528906815	0.0651659094141805	0.0485780827423907	0.0347082313654447	0.0532809976253293	0.110217161002494	0.0919070521267151	0.0890541440069541	0.0897301154539352	0.0695119309016496	0.0815635730870612	0.05354421966457	0.403356439465427	0.118104462147934	0.0309256530572929	0.0637483224869613	0.0398636331421413	0.0155702750254821	0.39808653164058
"HPD"	0	3.94801361298587	0.00191330227619179	0	0.0135193640055294	0	0	0.0173752210942449	0.00272232879943623	0.00380675247180557	0.00172952491416737	0.000781645119084712	0.00124785651227042	0.00171432218786967	0.00421591968375362	0.0146448687796201	0.00413484103912274	0.00439658360874271	0.00289991527074515	0.00219608445301489	0.310129187576259	0.00232975064745076	0	0.00474765296247434	0.00277331681894923	0.00496814761911716	0.0037297469588755
"UGT1A4"	0	2.54208638929054	0	0	0	0	0	4.35369718944572e-09	2.63711995892055e-09	4.42798400915779e-09	0	0	0	0	0	1.16755317771563e-09	0	1.18827085369394e-08	5.47992456018306e-09	6.6696300835836e-11	0.0867965781252635	1.62994056396773e-09	0	0	0	0	0
"HP"	0.0151395322092601	8.66000817909768	0.0122877673501735	0.000854665132627874	0.00353034626317969	0.0245139847571073	0.0352224268382903	0.517290394250984	0.0046716029091032	0.0380816912514864	0.00313185778257791	0.378619412808022	0	0.00184677922198609	0.0603034980041778	0.187925568129705	0.0103922148979665	0.00860425876849903	0.175027200081076	0.00800816716921469	2.67449773549278	2.28088479529572	0	0	0	0.0168652822032452	0.193551051205046
"ACOT12"	0.0370702397928469	5.0598242046062	0.0880399020396715	0	0	0	0.101486133839607	0.0341412020664294	0.139511182261498	0.0524811544267072	0	0	0	0.385044308716359	0	0.0392287278464729	0	0.0648023018418732	0.110619324016935	0.0850716937625738	0.676785346085965	0	0	0.164418740755763	0	0	0
"CPN2"	0.0177597283681717	2.85835185381042	0	0.00298476939282635	0.0175226219626856	0	0.00895523350280035	0.0138915048251666	0.0149415018862092	0.0106127649457402	0.00793618911729	0.0113352347976246	0	0	0.00327680036934931	0.0360427599147785	0.0107651880301518	0	0.0034862764309435	0.00791358087414183	0.141315765486764	0	0.0184385486477952	0	0	0.00923085662541556	0
"CYP2E1"	0.0222483824284661	7.85966529426263	0.00978056486062759	0.1028607365833	0.0134073730772134	0.0455860071781387	0.0406276872692621	0.254363999224242	0.00957344283422018	0.0282035316381674	0.0282598060358997	0.0590023258537343	0.0779306289794501	0.0407563319123825	0.209186592575162	0.170149187803076	0.026354036224188	0.271766804813578	0.0878580580297912	0.147881236208645	3.01348695043075	0.0825919287406463	0.0451061438822956	0.255897967887552	0.0222932328689168	0.107457949701939	0.0604051352498198
"RTP3"	0.0026360157819761	1.94592504750483	0	0.00320332046410317	0	0.00501646697287223	0	0	0	0	0	0	0.0631824856114059	0	0	0.00315344023739818	0	0	0	0	0.0918646220171981	0	0	0	0	0	0
"KIR2DL4"	0.000865047469393962	0	0	0	0	0.0009397535538992	0.00172505783931037	0	0.000804872262959413	0	0.00539287936026829	0.00134081688833802	0.0033773274286201	0.00130430847237967	0.00927522905230438	0.00220865637106274	0.00623150543757449	0.00103405347616023	0.00165776342978831	0.00128925378798478	0	0.00359906999501441	0	0	0	0	0.00223456182637354
"PRF1"	0.33792506656283	0.194387268213589	0.331537558177936	0.0326141414058108	0.15508076472912	0.165990625993145	0.221286012046861	0.351427732823331	0.0459079267603745	0.147476649690149	0.54890271265414	0.347651183824912	0.395123626352533	0.38272074380621	2.00562574613347	0.446139570453633	0.853955937410541	1.26882605158502	0.511149097263842	0.201914275823723	0.110486879243638	0.346990557468689	0.819086717424168	0.166305649145088	0.347938350250694	0.436835498857291	0.991191879237125
"ZNF683"	0.108006981188216	0.160523768031815	0.0647213887876192	0.00728427461089181	0.00921369173840236	0.0132974243986739	0.0051177316327283	0.334075795380587	0.00726849917371923	0.0123812354033749	0.0471908617639061	0.0924376734584051	0.0414612705651863	0.113685250361524	0.672474564811371	0.222865860600408	0.140309498695158	0.0579452880189251	0.107268099884462	0.013555503453706	0.0181447742953283	0.0664282346367973	0.0780254036753256	0.0533043971297883	0.0808774655594918	0.0416332331747856	0.0619885023046511
"KIR3DL2"	0.037597105602231	0.0344701702594947	0.0208339540552476	0	0	0.0202089864160856	0.0365422006712476	0.108933335013437	0	0	0	0.0194915286809378	0.0390998583903622	0.0433896700259423	0.360128986945442	0.0425757444731357	0.0403099502870786	0.127398828621964	0.00629422269992113	0	0	0.0622420074482237	0.0318528885372973	0.0303834297981009	0	0	0.164414665516034
"CD7"	0.468271055166288	0.43540468591904	0.301041285200741	0.0187018864443815	0.062315173066059	0.189855792835039	0.416986302426078	0.706543664958363	0.0173520018332154	0.0276801746673242	0.945321338456492	0.217255868719326	0.602777358749981	1.2396008979178	2.1848876398885	0.686018765801112	0.958561832938482	1.94436888187006	0.768252086839417	0.340713675870491	0.76920048345497	0.749100249092754	0.962661651682812	0.727038646381574	0.375183867940604	0.843766035090226	2.30255304061794
"GNLY"	0.289737690748894	0.106656932767226	0.141115013426793	0.0234752733463223	0.0926116919299054	0.0440116483420855	0.130587373069665	0.46688459556003	0.0256499391581534	0.0207734551927518	0.0661609823496801	0.0764412140581496	0.0971488176825625	0.332670984741341	0.38703095629498	0.17370518718281	0.139457672943264	0.264949061496729	0.188651153030523	0.0602618683371113	0.0894379599202893	0.0427144374619892	0.501899021048626	0.130437388337777	0.125015002162907	0.0426058364004369	1.487731449323
"KIR2DL3"	0.00432523589086255	0	0.00207811653167573	0	0.000839197816382231	0	0	0	0	0	0	0.00286206884834058	0	0	0.0153110802035813	0.000966930837590887	0	0.0105729796020686	0.00091586040224326	0	0	0.00124124798098401	0	0.00464570312336134	0	0	0
"NCR1"	0.02629758758824	0.0126206295998558	0.0263221191167356	0	0.00759466661488663	0.0140960206673603	0.00543757778367017	0.0173019393161099	0.00572173796964598	0	0.0327590034490894	0.00998785293975867	0.00857996841672956	0.00403037998095506	0.0577564250023346	0.0437778923098996	0.0198079579784168	0.0104914242739136	0.0249146140125628	0.0143456930588765	0	0.0400920160929412	0.0245608909167288	0.0139824897155217	0.0258986337724981	0	0.0514523358221885
"CD244"	0.291040405931019	0.830631971496994	0.424997779906507	0.202321500722712	0.192402978938007	0.0371854691430786	0.22933998191984	0.352146860992957	0.0280517294947166	0.104450840491275	0.598621463991279	0.260835164889574	0.913899148467598	0.172854376498978	2.24761677198765	0.939215685246172	0.281983294965968	0.699249568222606	1.62127081194534	2.38384105346524	0.299418701190957	0.885791109850276	0.206803134621372	0.270220986055137	0.337351644511832	0.300964761220581	0.785961858544285
"KLRD1"	0.0257731219607407	0.023379127602321	0.0294192618292091	0.00126552469270464	0.019665523752555	0.0163297190744928	0.00952281876826574	0.0455272649005938	0.00664400586285082	0.0082565286946571	0.0271966037733249	0.0173159136846867	0.0215164265134316	0.0062489849753614	0.365844932303892	0.0360267934401348	0.0310085812347761	0.0472815298640496	0.0659950420050495	0.0247030737227415	0.000692587761235726	0.0410585269944985	0.0313570392618323	0.022945240544934	0.045590499963234	0.0537799774759906	0.0754775499502931
"KIR3DL1"	0.00602804662107582	0.00800966924919758	0	0.00179848857898792	0.00349269036706208	0	0.00522219443947844	0.0137835733678398	0	0.00274279969810989	0	0.00159809769118089	0.00323001427401345	0	0.00856146432185118	0	0.0132087040381046	0.00791885673624079	0.00198963198021275	0.00224615761034871	0	0	0	0	0.00722812158514703	0	0.0160381058764188
"CD247"	0.171814248930321	0.12822187156355	0.109481141655804	0.00182855985561274	0.0211942037278976	0.0307961996511795	0.0648046418684383	0.195538850803764	0.00687177224864538	0.0160383649495903	0.197510269262934	0.0782060979871934	0.14013024294481	0.111413988660316	0.639517222078369	0.209775434564631	0.14051022728613	0.274010858163722	0.126569491920225	0.0580104321351362	0.218083675702279	0.232909358277911	0.094977393573652	0.0570861779194751	0.065515556776932	0.0849235586209795	0.636289586076433
"IL26"	0	0.0115214273959799	0	0	0	0.00686237590738592	0	0.0164693944189152	0	0	0.00643403919229431	0	0.00553854157683139	0	0.0507793986532377	0.0209738395694275	0.0100004526730273	0	0.0107783277386692	0	0.0629422644056519	0	0	0.364700392244913	0.0801908723140575	0.0269880159592867	0
"IL18BP"	0.999393942695599	0.985533518761839	0.998695962630969	0.255862259236213	0.330867829928719	0.455685358647881	1.44258571934315	0.982737043446288	0.448354755280367	0.253663355391194	2.0609530582293	0.634402580762088	0.810026182089659	1.74751860732649	2.79280966781174	1.43991478302241	1.32920599215019	2.26238345480022	1.47936162569195	1.04190125539685	0.526786495226424	0.98939243110183	0.893870465264608	0.447125359908983	0.68002055118636	1.70926598123688	1.92628127390862
"KIR3DL3"	0	0	0.000818729600906616	0	0	0.00145084315530124	0	0	0	0	0	0	0	0	0	0	0	0	0	0	0	0	0	0	0	0	0
"CCL8"	0.479890559715037	0.271019622703993	0.400760558259767	0.0735512755692975	0.0563120551601653	0.261510645439266	0.940979463973138	0.720045541653957	0.276124260568629	0.339059416468589	1.07724186220432	2.40797574711228	0.830840129790708	0.146536570646035	2.36717420436649	1.32959429079931	1.41221100419996	0.598730444514192	0.596755067715281	0.360648667882542	0.0961970979392566	1.05247544920878	1.030740518195	0.176638065101081	0.259578030064259	0.0882474349658054	0.337723032181137
"TVP23A"	0.0102077884429882	0.0303617618987128	0.0126269411462664	0.000953430482703171	0.557761012639514	0.00355058906135762	0.0320903557237605	0.0179572758076313	0.012020331839779	0.00529426517992463	0.0245609861283267	0.0114755034593163	0.0339688261956781	0.0223169714288306	0.0406527999188543	0.0184853678023855	0.0232241681521431	0.0196852352398662	0.0742453136623557	0.0484311307399981	0.0226604893846171	0.0244591384411575	0.134630561201116	0.0161179010850237	0.0101723765802222	0.0122746723505556	0.115052222656936
"CCL3L3"	0.0244998226940338	0.0613915335040364	0.00029654063940676	0	0.0152988347829872	0.0556703640314072	0.0896454788354573	0.0576404854793868	0.0687215903915503	0.0381216845677566	4.10663455316186e-06	0.241915463657852	0.101535656480107	0.0631166938370319	0.55003605827219	0.236558975166588	0.294768596307522	0.313157347082667	0.000218215126166616	0.0379353906693349	0.053596068810626	0.0794971742756111	0.0705477321031009	0	0.0390918545007984	0.0895683519525331	0.0419972958500851
"FCGR1A"	0.541793553998381	1.10550465146825	0.422758722795291	0.112531373770676	1.06240953466392	0.472856419427196	0.685598130906558	0.67424634902121	0.343198721836033	0.760191378399659	1.72628252174487	0.896585018356982	1.22442817738757	0.664586760890741	2.08494001294641	1.04673863225208	1.66275484262986	1.53323349688865	1.63047306518854	1.16349423090284	0.124618073105729	1.56011461829318	0.396971384979876	0.706965313282088	0.526557814588246	0.41602330269032	0.443271479491103
"FCER1G"	2.0718212389353	1.68054071505501	1.65163697170975	2.4279429554847	1.68901014398452	1.34956018759606	1.86281544958651	1.18284294659397	1.15630680593701	2.79583960756708	2.64946064494921	1.8625932622425	1.76241684929016	2.9692051453565	3.19369649301474	2.49334401575108	2.77733493030805	2.73186002850893	2.58599937709989	2.06682032578256	0.562640897322777	2.29357060928906	2.01591521575222	1.87178994223569	1.38196673709107	1.23268062502478	2.67087535649106
"GNGT2"	0.131175957627616	0.246766645624135	0.149059770897146	0.0282382838353958	0.14938088769216	0.0231286406585669	0.123128402255489	0.148971883040352	0.0454066368175036	0.06810845583917	0.376789826102845	0.77698754723698	0.313180801721756	0.251324756157568	0.395704366628254	0.311602368554562	0.548788792996529	0.468587342121334	0.228705190715916	0.117797487777087	0.14530832629899	0.300801481018835	0.10801019661747	0.116859297275065	0.0734411392305194	0.131040995656419	0.728967754132286
"TMEM151A"	0.00305418594417797	0.00685295164223442	0.00627740397825556	0.00265478822742166	0.0163002781076232	0.0201309439883458	0.006222170584421	0	0.0104913503898977	0.000354191751841212	0.00213817886881443	0.000253855417249597	0.291553153371439	0.306733926671779	0.0245140104560355	0.000212557616909882	0.0476838147666787	0.00262260418772189	0.000664810640614552	0.000751704386190563	0.00205910641435159	0.00419807504318316	0.401774678739943	0	0.0102814744003841	0.0792205094058764	0
"C1QL1"	4.26028758049313	2.37434603631564	1.61523722556172	2.81709125580507	0.993877782737714	6.13128199971197	1.54614505521218	1.01305040654904	5.34955713935796	4.0492154591077	5.47512090596952	3.92566949991374	3.04847090500171	8.5399012986019	0.647162896098766	2.31207882603793	3.79887074780269	5.89254656682571	2.70423337173053	2.16472048493277	1.57432300485061	1.81228777341505	3.91369084925787	6.32360567041215	4.57581123211571	4.24765724045598	2.59499337464726
"KCNH5"	0	0	0	0	0.0100481152438619	0	0.0150050326472666	0.0385176537396249	0.000832078419058953	0.0109647306692134	0.0143215842395807	0	0.0433986059542012	0	0	0	0	0	0.000870598613487906	0	0.00337025592209055	0	0	0	0	0	0
"GALNT9"	0.000904545034832373	0	0	0	0.000412894881202251	0.00237841884762574	0	0.00129197487627506	0.08103574232206	0.0105705728418644	0.00332639374024268	0.00036443379806314	0.00119159807797875	0.00143101326251022	0	0.00172851217948423	0.0020116547832518	0.00748045560076032	0	0	0	0	0	0	0	0	0
"ISM2"	0.00175194979025863	0	0.0022236134166787	0.000696962324031928	0.00158156968120991	0.0399485795305894	0	0.00139499181292297	0.0162115897577497	0.00212814033955474	0.00142880084390077	0.000683902146908351	0.00120967559998324	0.0840134611295719	0.00184330036736521	0.00173252442745782	0.0290945360423773	0.00169596771538338	0.000929172376295048	0	0.00203585449366194	0	0.00804074757633579	0.00821132100121443	0.0366890031187039	0	0.00366645707024333
"NPFFR2"	0.0792706035651963	0	0.0344303985419343	0.224271613428259	0.0210628450029969	0	0.0126265755106209	0	0	0.0120846174950538	0.00324010862459051	0.387460304853074	0.0100359849161568	0	0.0285577515169007	0.00535863961430264	0	0	0	0	0	0.0141739865533928	0.403804939075776	0.0249884683159172	0	0	0.0349313454483277
"SMTNL2"	0.0534692276767671	0	0.0246670302617155	0.00219558620566569	0.00522187000508439	0.00664279692930649	0.00610539076236236	0.0141657935094004	0.0176245991505904	0.0141111020298445	0.0172954253333971	0.0186154026216223	0.0389759082782061	0.529609683707636	0.0158455799588075	0.0701793418261668	0.055348166853832	0.338659061818552	0.0192032324706031	0.00152804466416853	0.00280151960833912	0.0225729702667921	0.0280262544541198	0.0343145566405922	0.0523397139549354	0.0209586451100206	0
"FGF9"	0.00531265406414775	0.000816662910651613	0.000479044280805411	0	0.00040147053743588	0.00235100591353692	0.000661792772003939	0.00354837993108944	0.00192921565117711	0.000974850688508585	0.00148753843246689	0.00159446504696502	0.00454938696432313	0	0.00108126049330026	0.0117976044468465	0.00127529975098814	0.302126293336376	0.00204318763668023	0.00078189256799222	0.0028853755375687	0.00511224282309697	0.0466921490091311	0	0	0.00187647037045707	0.00436143740282781
"FZD2"	0.834045999277368	0.71007536465426	1.29247579696957	2.19698276186607	0.374881683767746	0.603892545906705	0.541967297836639	0.293653577001261	1.01292853098266	0.606746476889959	0.653209715663723	1.76674242736998	0.568519643020898	1.43718079886579	0.814396022698684	1.08329751807322	0.567414541909219	1.67064538265809	1.32671838564435	1.30879749229316	0.182539259406487	0.693351905921808	1.56680901050291	2.55422093797686	1.1049032367473	1.27234745692255	0.592411216043606
"CARNS1"	0.0544740698183349	0.0375759336931058	0.0204165020475054	0.0185166078246901	0.0200594606712391	0.0659417534837427	0.113638864818732	0.13383660449256	1.52166850887501	0.711107393684036	0.203598797998654	0.0144101942772254	0.129428782523117	0.386698122639799	0.242471811545812	0.159360392652133	0.171356042610926	0.0762570349933442	0.0820607565169278	0.073760585578115	0.117337077158483	0.0808918285067764	0.0298360413689327	0.207103007678528	0.0435102426612651	0.116607251985524	0.52378049346123
"P2RX6"	0.448124021245878	1.1304785571654	1.86348373271911	0.0552582589338871	0.0489634869712906	0.0591729177155353	1.31931094315115	1.33767700773255	2.29457612211365	2.82137769626558	0.331299786659743	0.0711577148518032	0.82688335302717	0.325319504048042	0.229697811424651	0.720457049600252	0.30595824089328	0.716949775772612	0.377331927050173	0.492538993285604	0.0794654276925711	0.982733282297788	0.32812138300643	0.486250344946247	0.81057204690666	0.571538269031875	0.705952583783919
"MMP24"	0.029147292985415	0.032197752408779	0.53659388690678	0.0115494844652039	0.107395815762661	0.0603920586093492	0.0214633995853747	0.0339176771175106	0.0781463390247355	0.0256266235018473	0.281102336921059	0.0441754107601032	0.0121738057630379	1.50673211087054	0.0615607543694687	0.195906645320528	0.0384286377589969	0.00975084156812151	0.0245017978991768	0.0131541162113563	0.0169103751992735	0.0688659280476554	0.323235968520385	0.0354445145694737	0.0677650314635446	0.0269873590516184	0.0305817785409563
"SLC7A4"	0.00542542481289908	0.0638967168038947	1.92322480566118	0	2.45520327262473	0	0.16317755952537	0.0610936698079876	0.0610771033118073	0.0272351889128502	0.0218939298990947	0	1.37668551913838	0.368421563495046	0.0308705637739939	0.0606144408155426	1.00754299745174	1.4423615267572	0.00531550947819183	0.0151369606351444	0.472871053128634	0.17587284272948	3.2186384903712	0.0330244605576048	0.213147866324748	0.0284705262713948	0.0223674818032428
"FBXO2"	0.141657302596983	0.488903762696636	0.0687922740118221	0.163526275785297	0.00747643650478077	0.155414205846351	0.125133208253548	0.509781208006918	0.645596384049654	0.104976754002455	0.119282219635518	0.0172653451940172	1.11329661488567	1.43244457093945	0.623545393840743	0.0298470002389264	0.403604900803341	0.99257943104939	0.0183061656886388	0.00549809145680678	0.991565622949206	0.0665658734395903	0.335149735919037	0.774383276083499	0.467330026064713	1.27346382200353	0.400015816320562
"INHBC"	0.00294457405724566	1.47765899771895	0.000451161708559756	0.00159829666805114	0.000764999076928825	0.0192158122797902	0	0.00870248906274674	0.00285824294165705	0.0026280060248556	0.00117579570318803	0.000874568609863168	0	0	0.00228222550160401	0.00121716766896365	0.000465663070154932	0.00132504722697964	0.0149321159498978	0.018041672074808	0.0381649282718706	0	0.00204760853768664	0	0.00450465724323271	0.0043162359727316	0.00325440148953911
"SLC22A7"	0	2.89549315796816	0	0	0	0.00172738726950849	0	0.00271126464565095	0	0	0	0	0	0	0	0.00171574300439457	0	0	0	0	0.175497482054746	0.00118620503973591	0	0	0	0	0
"BTN1A1"	0.0555703047353996	0.373962946786138	0.133999028930301	0.703200198500114	0	0	0.219267000896023	0.188823077251481	0.131988870635561	0.041155300444408	0.197666036639666	0.11055921727789	0.206084723191634	0.0695057389160511	1.60066537435459	0.517341505882861	0.0729746248998781	0.0560322557840218	0.262938749833329	0.20345885637034	0.0648347909963534	0.0780619236945884	0	0.391146191578895	0	0.16242265885936	1.7097029330349
"CCDC64"	0	0	0	0	0	0	0	0	0	0	0	0	0	0	0	0	0	0	0	0	0	0	0	0	0	0	0
"MAT1A"	1.22984497669052	4.91173717188096	0.0394574350675645	1.61669447891085	0.0650004634747588	0.00331953747812955	0.700587506871573	0.229291464328217	0.00598175846533862	0.0113442819317886	0.00347008630537185	0.0469277552851061	1.67230197599889	0.1523335547973	0.220074733730122	0.0180207176599089	1.24439048994571	0.0151341377254173	0.221918969144202	0.251892530638294	0.632453916626903	0.78039737795046	0.939015110420867	0.0155338499110262	0.393749822418913	0.215276069163619	0.0689399941474744
"CRB1"	0.00146328986027196	0.00123205319449879	0.236877319138347	0	0.00204205701464598	0	0.896230793056539	0	0.0023602808584407	0.00321112800147273	0.0151989240708103	0.00111411096739007	0.0058315016502863	0	0.00423400506647798	0.0179639845271157	0.0248419840565147	0.00245933693670126	0.00308052574566695	0.00169934765240465	0.00307558318836555	0.0178139670996439	0	0	0.00552988038192193	0.0120584665534201	0.00661344299863687
"DCDC2"	0.0894241103554238	0.120748757996818	0.4228524020329	0.00196054981225553	0.576102411713656	0.176073226917126	0.0676828871928085	0.0219420004600068	0.0115505847628449	0.0250447795889297	0.0159194960595424	0.000246663946198647	0.208488710532565	0.104181756529605	0.135577156155223	0.0102316068381244	0.0844257523620241	0.015764928250555	0.00146395814810309	0.00125046157535271	0.000661450268276844	0.127081433367543	0.0216706521281951	0.0134539049417007	0.0500626698276309	0.0809770323675088	0.00458383269024518
"CRB2"	0.00260784567305884	0.0265496042254038	0	0	0.0008778713115585	0.0288660804326529	0.0507997395824485	0.0408113427977155	0.117871317071926	0.00446643162946235	0.0142415380820425	0.0289656473608014	0.00170666428694136	0.00501918108448371	0.122189677467208	0.00136747026457086	0.00426426180180377	0.00201885514905928	0.00445873124299154	0.00337674706398593	0.0198656679707555	0.0327773252604961	0.0019820499135803	0.00901795730329997	0.00142427666723575	0.0019665840345344	0.0603404673311228
"CLDN15"	0.383175332447871	0.358095870155422	0.327062268894834	0.140609599136073	0.3233421440306	0.230958751369074	0.656594546200682	0.265757486243385	0.377003271007291	0.392282843157644	0.149372943312821	0.123808033263656	0.425067475478088	0.456653034448242	0.25879714167317	0.248602225093586	0.29376071292132	0.232050928401211	0.222227340513671	0.232953753070555	0.370497242958081	0.389927345050996	0.246610543224035	0.648368071584641	0.128976635930768	0.188212272672269	0.399459010969636
"ASIP"	1.85385887436337	3.41920799557834	1.42000372088031	3.77177664265461	2.34186737911655	3.1906353166662	4.98269859972976	2.04747803011875	1.59461205657035	1.107650918512	0.597629544232611	0.192531011137093	1.54641317685382	2.25167969752975	1.85589946798578	1.80929356054956	2.71964264286597	1.897275364282	0.715250578370677	0.777380773530719	1.17896134053537	0.745253882067651	2.44769139690055	2.09515353651147	1.40143971414198	5.73074284405347	2.55485460340422
"MEDAG"	1.29804700384152	0.0307213759714163	0.0275155116452931	0.0329520493647051	0.174270338569172	0.355174981913381	0.985031841381934	0.715673180912148	0.911484502597561	0.704578457677932	2.2059816064932	0.581997543977466	0.0710570224697566	0.227671827255546	0.167088516667801	0.879807417759196	0.308060410290606	0.237251658480664	0.539268751376125	0.211617208579379	0.283055681510227	0.0648263939960957	0.209156782972598	0.281021229165997	0.0801121437863545	0.0301565609013446	0.0502369122290958
"CCDC80"	3.00806427482401	0.689549505303176	1.03745938686387	1.21161020716249	0.646416475911168	0.700686025241181	1.55255358083225	2.16656275614296	0.805186469591366	1.24502842874571	2.82823728141595	2.05691671742703	0.663244882703315	0.868391168940684	2.21933908679407	3.5209344218834	0.950634118271214	0.854163417025323	1.93243243239633	0.98926038034528	0.538709609725547	0.651855199008159	1.54823012463798	3.21315196710277	1.9077893103579	0.461321641654842	1.03089477734809
"GAS1"	1.19956070315688	0.821263407637307	1.38080467773306	0.415043365600199	0.840225871122156	0.800201779327099	0.909842547320977	0.573363932141241	1.24482097843456	0.736911659301921	0.716683434965633	0.599484555029787	0.760138873191394	1.07900889163731	1.11888684879439	1.42242804985027	0.807485806859312	0.563102293919146	1.35491635570165	1.28032842750969	1.24403091580969	1.40846416410265	0.898231040473054	1.07399017177855	0.918018853675758	0.706113271138488	1.92904428196779
"GFPT2"	0.97737923013033	0.375227830364714	0.442088606100703	0.0368318355745659	0.347331601945041	1.54346517464379	0.71853559296443	0.42586428778872	1.83536105656893	1.82938182565162	1.14090091904856	2.06129409165548	0.35827330275325	0.554922442059926	0.469154949068791	0.655757036826267	0.706820199875625	0.681110925596903	0.351879395047166	0.16582731498764	0.551560161740593	0.199037295483375	0.595360361401753	0.205734198750652	0.154337879510527	0.294403968136835	0.152604076150054
"CPXM1"	2.09948884969258	0.0425251931817018	2.59638545974788	0.253090527353429	0.916756933617255	3.54793886785329	1.99887907551176	1.49505364635466	1.2673624337191	0.861699889125823	0.828242583004729	1.31375982331365	0.649610957911401	3.18131366969355	0.832002359065704	2.55229390395471	1.59241681210535	3.0973517640617	1.11089640530272	0.608863428484098	0.706900829180533	0.657379649156235	1.31065463491443	3.92342576670324	1.15708087378199	0.207415108017503	0.340853008386277
"C1R"	9.44149735633392	10.851831421834	6.5387915526573	4.13802015043087	6.21355951156768	6.12198650125138	9.79444025762547	8.6747272105603	8.24324192674802	8.37327697734669	10.3067625253193	8.21637436042238	7.89759243251922	9.46040464839133	10.8479442891446	9.53168863983318	7.50128676773134	7.90349555618005	8.80635629432747	7.48073797579063	9.75574569242982	7.97442872422009	7.81518298102911	9.78901026284329	7.24071982212138	5.04684080491584	8.76626681261771
"RARRES2"	2.46077165293189	5.34294688471253	3.59762904240563	0.352189303251711	1.01061837136989	1.3472288166752	4.11968222934656	2.66985788726669	2.22765060276781	3.14852596945121	3.28327825975077	2.97271109774636	1.77178277333898	3.72349077910594	2.67632319190398	4.19205860014842	2.35819120995834	2.02004263303197	1.41042758236662	0.957909469918529	2.47866437772756	2.17626228273076	3.3095414043796	5.22447864473645	1.3044382043867	1.07922950564194	3.35953590399048
"HSPB2.C11orf52"	0	0	0	0	0	0	0	0	0	0	0	0	0	0	0	0	0	0	0	0	0	0	0	0	0	0	0
"PCDHGA12"	0.148553807204337	1.43519521708079	0.685732019876676	1.38689280683092	0.0536533756805708	0.296757052087319	0.0909680433923973	1.71918919530739	1.69803590884046	0.346381521255748	0.0767649337214726	0.953279438691442	0.318413575835076	0.157136249726727	0.855478680888602	1.18801367748798	0.155977237818611	0.0580636032447641	0.198859502854923	0.11602307795307	0.105403228623802	0.0523622635675974	0.107751592465087	0.0540517998758957	0.0434826159041813	0.0318971022772897	0.451415261962672
"LIMS3L"	0	0	0	0	0	0	0	0	0	0	0	0	0	0	0	0	0	0	0	0	0	0	0	0	0	0	0
"AQP1"	8.78970791758259	5.13630516138148	4.59923325813669	5.78290228449697	6.37333249433404	7.8350852172155	6.91649728404735	7.93212677908949	8.29972092825876	8.01932059147591	12.393954816172	6.39710408079114	5.80458549409632	6.41504265432872	6.58158353108054	8.55940220449906	7.13673161745025	7.60815344974705	6.35562926007171	5.20773030762683	7.64329641051362	6.5967456857448	6.57939919113822	6.15845826234214	6.0234981129993	5.49677595321055	6.46559890366821
"HAS1"	0.134778140206381	0.0064232469983379	0.00156285958930481	0.00529102927692716	0.385919570627217	0.0126561422664487	0.323640365146772	0.033755819590404	0.582692472352231	0.0280049460063031	0.16230436260018	0.0948808025085148	0.00786718293800399	0	0.0101992437297764	0.214877876733651	0.0199129016627164	0.0199845135110538	0.0416740237191562	0.0110771416994132	0.00500765539070844	0.00248863441795076	0.0540787964728121	0.0890835110697895	0.00959116348959837	0	0
"GYPC"	2.13034360486111	2.17651441484324	2.08924470833597	2.87977678798687	2.95266904178529	3.21225232701142	2.19686426289026	1.31643531294206	2.29022536867932	2.27265784886407	1.13872078088854	1.28714061412282	2.94020712647008	0.814680373450477	2.81420260985771	2.09358869309544	3.0563040315257	3.24530535443007	3.08444745306334	3.17011481835062	0.464641020857093	2.7813464042725	3.58386776414114	1.68799583900002	3.47038551961032	2.91027947967172	2.47592722541985
"ELFN1"	0.500692571356414	1.45650752988179	0.668139244024755	0.116667220280402	0.626996916913467	0.756201331335773	0.391836666198359	0.364731527317669	1.58125314028113	0.794387000375442	0.457559654099383	0.235763707937734	0.436750418203142	0.6618896218719	0.644827090929651	0.669961550733767	0.852013740470198	3.09526885080617	1.90442082265497	1.80675189830944	0.346350729715875	2.16163663059337	1.44265781470836	0.389344069693996	0.567804832444654	1.73941760605706	0.216687167430687
"SH2D3C"	0.363388110863534	0.125235326199152	0.123135111215433	0.0820329443353994	0.143329899068348	0.116952280673432	0.226772407706647	0.213683972735509	0.173054253755987	0.121316262314694	0.298597732364125	0.18426342195504	0.199378989532791	0.285277487497213	0.4963017531972	0.539474278832988	0.610959630492724	0.389937746840193	0.187608756001289	0.119124456716938	0.342972029416607	0.130521961351238	0.383275852975865	0.189137114071308	0.241703124917119	0.129536762843248	0.937766647947479
"EFEMP1"	4.71626191507118	1.30970090801393	1.77984684420411	0.19526999439341	1.63828450469787	1.30682453652087	2.9651597329277	3.32573438679344	2.03518302892581	2.91907797305586	3.12362682290375	3.27174240211238	0.781833507615589	1.53150819746136	1.66642177059771	4.48523835209912	1.2840292711519	1.28811845760617	2.97055251490266	1.20304862623815	2.35871126366553	2.60081136167053	1.13045411309795	1.02607372995726	0.882420110776351	0.601939109921979	1.75993199455714
"SERPING1"	2.79731798429465	4.45569044665438	1.91188792238859	1.41490853382877	0.905021114163624	0.941020934710532	2.43864695906206	1.78427040413803	1.27021203680479	1.15482285983225	3.44335207907096	1.90780177896163	1.48398385539057	3.23264239394508	4.1290189804702	3.11706393859514	2.00727804928671	4.05650643551319	3.65165594851981	2.64936846146692	1.29155557919298	1.82643155649706	2.08541509124705	3.22898551258028	1.56298867493199	0.704034445464539	1.96588249446332
"C1S"	9.52040544178132	11.0725147890044	6.93194758794939	4.24340283729723	6.360053082825	5.79132958681628	9.01265469348626	8.5045132994699	8.11478815555043	8.59453155770539	9.00647574647542	8.09346916548239	8.03083274463228	7.35150507962766	9.93312237040751	9.87870420998228	7.39617723243953	7.46366064039295	8.8207555793278	7.50532333133426	8.25332198672098	7.91731151404378	6.73345504879925	7.9988866488058	8.03883019618036	4.99564799052354	8.66575509523371
"GPR1"	0	0	0	0	0	0	0	0	0	0	0	0	0	0	0	0	0	0	0	0	0	0	0	0	0	0	0
"CCDC184"	0.0542536685560331	0.0636238547794885	0.023206893365242	0.0038826172822052	0.00583664439340179	0.42163458262856	0.0231472854050711	0.00773315657242913	0.0244424619915366	0.107430919166135	0.182226112384507	0.0168203165167852	0.0874053509948116	0.261332083077395	0.00759023240511143	0.0236655744726941	0.0896011769918566	0.0369925986314441	0.15870090407938	0.213193055432069	0.0156053943881813	0.0187322474332174	0.0915869072653509	0.43063886313127	0.0979068826117348	0.256481286382932	0.0199494410372458
"NNMT"	3.88912097569197	5.75821177819376	0.673801745940071	0.755769492105946	3.072361908491	2.34265095236801	3.23928275793681	4.34411601558474	3.33467939438866	3.08599537009746	4.37134887649247	3.46165171024405	5.15811217350615	4.07945450331936	1.45794483495827	3.77924335154812	3.52423507071912	1.80114336368511	2.61271787604405	1.5108887752325	3.05779140437505	1.9387360945044	3.51521893789178	4.54956732325065	1.6262782370348	0.980089236066132	4.60527637548136
"MGARP"	0.0283738340284377	0.00427080059778467	0.0260890044035931	0.0409921254072487	0.00797189339183867	0.0247633290024024	0.0363701475615763	0.0115082577027468	0.0198507608108266	0.0425867583035838	0.0126128733367762	0.0362996004828293	0.0177883083482457	0	0.0122894664548108	0.0211039210026055	0.0258655302366926	0	0.0114261395007957	0.0103095034680268	0.013502790441183	0.0107560094524235	0.02412386542171	0.0202482807202079	0.0421518271703072	0	0.0181114081175711
"FOXS1"	0.201257575537241	0.0317769406381361	0.0651458129103866	0.0466810250135902	0.0471664253953226	0.12476791281555	0.0590829132366295	0.0919197874765864	0.163108002189105	0.422584664986158	0.128501793163839	0.221249015001982	0.225537850752971	0.470440263174632	0.127532379891421	0.594704799165373	0.679917001132792	0.145432374325979	0.259871347588865	0.193043859402987	0.239833147467067	0.249286636726297	0.618515364014293	0.202030362329563	0.17976162563192	0.0538318777322131	0.362152459376935
"PRG4"	0.263505371382721	1.87253140454317	0.00174424460079327	0.00286602250245316	0.00141359958420596	0.0697245027159146	0.183246899030398	0.168114381221819	0.154535223796778	0.0949572341562517	0.0133597552212538	0.0336763427185085	0.00592084155270144	0.0667646027502238	0.059080113412262	0.261050149089134	0.0138940809156121	0.0569566588326595	0.135457758470907	0.00919421351775091	0.0883862474534376	0.0328484891836633	0.00420414392291217	1.10804009610374	0.00464101030464554	0.00462041781417296	0.0134580053879929
"C3"	5.43429340012587	8.0825158671242	0.569832257625327	0.183915592985438	4.10805964353417	1.26558233360307	3.11487150231726	3.79188936334462	1.91112614381825	2.95374074738347	2.44073192756809	4.04094555115639	2.01410660714085	3.04263975824554	3.07469695406712	4.90451371003395	3.11182155040904	1.87193023989775	4.28021297329468	3.38188115896686	2.91967390223002	2.89144441634572	1.51752721225099	0.798112629001894	1.50607630106233	1.18849601408827	5.62413812327068
"PROCR"	1.04171979216567	0.290520108633439	0.288862765191453	0.158491945999612	0.349596096840048	0.403431190859715	0.974255765926839	0.367081561400967	2.0397692773749	1.80875548067128	0.480721317205286	2.42755256973737	0.181871541740143	0.978076764871516	0.132945955595063	0.66111944407084	1.50041004028699	0.253016743220745	0.371858152751215	0.370325582533618	1.07189745951253	0.531271525699465	0.40557094730108	1.6717249089883	0.808126208758112	0.079229437630218	0.238554304483252
"TNFRSF8"	0.372443068923653	0.15634637407657	0.115043749530582	0.0337408409250728	0.0722658059830125	0.0738973821436216	0.407917376847818	0.288069577585114	3.15662863717416	2.05281035264801	0.508603237839054	0.287061501234202	0.138960347848808	0.475311060497605	0.665100587354865	0.397769371516422	0.344210606336719	0.308795897556012	0.307679790528879	0.168035468977504	0.394292193329724	0.158142389908267	0.297958512753218	0.2873677256499	0.10848293326312	0.136967117750869	0.886690580964672
"BDKRB1"	0.0510043247999403	0.00645083545976708	0.0014614556884598	0.00120344774184121	0.0447303355146102	0.00447635149770224	0.0211596837249185	0.0237660013748931	0.0719536351310501	0.0987421211002197	0.188419893094374	0.0794821987831456	0.00410587450840583	0.0094212342764521	0.00529795064534783	0.0284153184005346	0.0372815903744363	0.0321787434269691	0.00573260825891551	0	0.336013858517474	0	0.0742428311418464	1.33605745849985	0.027145628708459	0.00758252693645749	0.0116816333909676
"IFFO1"	0.275688066942387	0.267622913999608	0.265603986027986	0.390146795037417	0.302047045693314	1.27475763230561	0.627337843118989	0.532412631446895	0.185637225328473	0.8283491727152	0.339241084472707	0.590101696672319	0.604419006305783	1.07940998263859	0.693330706767238	0.428574315480801	0.65585921316532	0.392024390135915	0.445599926522863	0.511882840113253	0.137389858347915	0.491978756820854	0.2315550708598	0.416914635029545	0.663125659119552	0.143500906471508	0.454041098005029
"ADGRG3"	0	0	0	0	0	0	0	0	0	0	0	0	0	0	0	0	0	0	0	0	0	0	0	0	0	0	0
"UBAC1"	0.848696134688464	0.945883970096039	1.36340860286871	0.839906557662645	1.0404034492594	1.74996011546691	1.13681989529716	1.0327337258043	1.19641383425757	0.864616477734325	1.06530479465827	1.35970042726967	1.56179101317919	1.14977909306168	1.41566653534836	1.01255748754545	1.61446839319205	1.90514640617041	1.25997443084026	1.22413536497424	2.27770018868367	1.76834910777576	1.62117198979835	1.04001679680122	1.12743565650147	1.70484518697669	1.26261561840487
"PRAMEF9"	0	0	0	0	0	0	0	0	0	0	0	0	0	0	0	0	0	0	0	0	0	0	0	0	0	0	0
"PRAMEF25"	0	0	0	0	0	0	0	0	0	0	0	0	0	0	0	0	0	0	0	0	0	0	0	0	0	0	0
"OR52A1"	0	0	0	0	0	0	0	0	0	0	0	0	0	0	0	0	0	0	0	0	0	0	0	0	0	0	0
"PRAMEF27"	0	0	0	0	0	0	0	0	0	0	0	0	0	0	0	0	0	0	0	0	0	0	0	0	0	0	0
"OPN1MW2"	0	0	0	0	0	0	0	0	0	0	0	0	0	0	0	0	0	0	0	0	0	0	0	0	0	0	0
"NEUROG1"	0	0	0	0	0	0	0	0	0	0	0	0	0	0	0	0	0.079581500785698	0	0	0	0	0	0	0	0	0	0
"OR4N2"	0	0	0	0	0	0	0	0	0	0	0	0	0	0	0	0	0	0	0	0	0	0	0	0	0	0	0
"DDI1"	0	0	0	0	0.00090726147279636	0	0	0	0	0.000627229862038773	0	0	0	0	0	0.000477486564284637	0.000558130222531072	0	0	0	0	0	0	0.00240472024214091	0	0	0
"DAO"	0.00781269174317051	2.59073745166821	0.0212700460215729	0.00460680393063318	0	0	0	0.0203405554625928	0	0	0.0143840724781583	0	0	0	0	0.0345399404580398	0	0.0109112390213885	0.0266631675461195	0	0.083657693741359	0	0	0	0	0	0
"GDF2"	0	0.124984187558946	0	0	0	0	0	0.00104151323406152	0	0	0	0	0	0	0.00114191261452306	0	0	0	0	0	0.0025904226577087	0	0	0	0	0	0
"GDF5OS"	0	0	0	0	0	0	0	0	0	0	0	0	0	0	0	0	0	0	0	0	0	0	0	0	0	0	0
"DPYS"	0.0101043768541255	1.06489920095408	0.00196768756936049	0.00113056903610975	0.000656683136931498	0.000633009678970198	0.0258804905059231	0.0422918912369764	0.0132626851544769	0.00701780891351888	0.00413311224765861	0.0011524045218941	0.00106685213206793	0.0119600974163095	0.00564254444384403	0.00378980791714406	0.0133501714525024	0.00216602893124229	0.00768146532151973	0.00110205831630106	0.027519960224399	0.00521518159689868	0	0.309572876049515	0.00140101528087183	0.00200235677222197	0.00149304230233656
"AC064829.1"	0	0	0	0	0	0	0	0	0	0	0	0	0	0	0	0	0	0	0	0	0	0	0	0	0	0	0
"C20orf141"	0.430586745930653	0	1.40712461850793	0	0.187642562908166	0	0.508352436139983	1.02272285025094	0.550368686778892	0	0.670924971999034	0.923751791113862	0	0	0.399753275451906	0.209955577413369	0	0.395897635569343	0	0	0	0	0	0	0	0	0
"RP5.860F19.8"	0	0	0	0	0	0	0	0	0	0	0	0	0	0	0	0	0	0	0	0	0	0	0	0	0	0	0
"CPA4"	0.0327294151088077	0.00557233010906997	0.00756834964539417	0.468407173076163	0.0749511812965147	0.0297399726907037	0.0308563743883788	0.0687130556549914	0.059619870559817	0.291857731803129	0.0144540727673242	1.2318134089738	0.0450205096156138	0	0.0116157787665595	0.00901496524512667	0.00963202093361753	0.0015690639481522	0.0971785017811533	0.0313131451170419	2.56912892195918	0.00357282500332605	0.0350677765909259	0.0479962858174962	0.0144158490992128	0.0343290136828365	0.0040575139323118
"CCL7"	0.10581296539646	0.0372082505726046	0.0265443322692433	0	0.0226549133716426	0.2883291223917	0.545342834221787	0.0650883711695968	0.536450450873861	0.217450451882994	1.18186824483258	1.22361097907057	0.041739414329086	0.0226227470381171	0.116238980896494	0.319678671458373	0.865128906028607	0.0552329704971415	0.046708016607385	0.0108058792446297	0.832807271926994	0.0802623931843169	0.922504050823181	0.197137656937341	0.0350464735239227	0	0
"LETM2"	1.98982081559348	2.26353382245724	2.74791727226206	3.04462277983777	2.31941307885605	2.63921464722278	2.79077355731697	2.58673760704902	1.9458563259422	3.87748312841376	2.00452537241841	4.87656405925286	1.75135981572526	1.42608546890513	1.39800097082377	2.54110101534084	2.86361989794773	3.2246234380442	1.84319940763847	1.71531942551218	1.78752099691631	2.2604555624791	2.16801460111288	3.15566886366317	2.47809225273363	2.09905930675695	2.12122984055924
"KRT9"	0	0	0.000456617029475696	0.0120184887947208	0	0.0032609836211494	0	0.0049340745887126	0	0	0	0	0	0	0	0	0	0.00221686169467451	0	0	0.0471115104775073	0	0.00270654671324993	0	0	0.00559029366570634	0
"ARL14EPL"	0	0.352566937926315	0	0.191110080656041	0	0	1.61179940254391	0.15693041552464	0.642684000514103	0	0	2.97177854718965	0	0.766473147290213	0	0	0	0	0.371086988311835	0.58433235356945	0	0	0	0	0	0	0
"IFNK"	0	0	0	0	0	0	0	0	0	0	0	0	0.00312452458381692	0	0.00215771404385331	0	0.00137527923104454	0	0	0.00140554015677751	0.0301995319810322	0.00309496461458931	0	0	0	0	0
"ALPP"	0	0	0	0	0	0	0	0	0	0	0.00904962131696138	0	0	0	0	0	0	0	0	0	0	0.0340370930900663	0	0	0	0.0318958827428542	0
"XDH"	0.00201926860730562	0.481227977859132	0.000405084256491368	0.00467335878477606	0.010541294302848	0.000308447950058877	0.000863644279784445	0.0121165386055807	0.00407459700246797	0.000724532238059983	0.00017315932131322	0.0820447677209931	0.00127324507598546	0	0.000347192504190319	0.000359795573552162	0.000438639883419462	0	0.00190410250392674	0	0.49356737286213	0.00274909525602659	0.00197626822448495	0	0	0	0
"AQP9"	1.78044041893955	8.29794974406776	4.15084103469242	1.40777872950182	4.00367299456719	3.5674752502283	4.12043201338764	0.642321927451307	4.42642800516933	3.18580672108627	4.47710611793797	4.47982072340239	1.64312456430654	1.30853022794902	1.84963448606465	3.88560326887973	4.86647725380872	0.32729870224226	1.58546190470258	0.783336209332279	4.21712410020941	1.48449340701016	3.41595598108806	1.14047696088582	0.510676996549308	0.768522144016262	0.244187202761704
"IFNE"	0	0	0	0.00322996402944089	0	0	0	0.00203878003600965	0.050169253323337	0.00356219063599869	0	0.131788621263319	0.0142345645966003	0	0	0.00660781938761688	0.00505961568162299	0	0.00249956899984796	0.00572520166824625	0.112893508598096	0	0	0.147208871736616	0	0	0.00991849006543827
"KRT86"	0.0171008940817968	0.0484228813623011	0.000847235103435591	0.00903587295584326	0.0262962777594982	0.0101289577228704	0.00361112681537215	0.0248738290871249	0	0	0.122333592679399	0.0433069609542675	0.0391315385281287	0.00709800726213496	0.0333802197696191	0.0251242141878525	0.266510189590591	0	0.013256139472311	0.0108070260355439	0.0230565021834093	0.00374112545439789	0	0.0130706860913579	0.0176689256742503	0	0.0275684541602717
"OLAH"	0.00280863844092197	0	0.0119912323058368	0.142285209427543	0.013436993516965	0.00420591766555623	0	0	0.0322844181675032	1.14485348970812	0	0.143319577145758	0.00757393302850975	0	0.0053831508470437	0.00347237145737617	0.0131262780073151	0	0	0.00342410767518139	0.108719206487968	0	0.0316921630785109	0.0262799061438093	0.0109386277501084	0.0323853916532855	0.0121115904994665
"SERPINB12"	0.00550422257935046	0	0.00336872191674542	0	0.00280066853607548	0	0	0	0	0	0	0	0	0.00622325013770642	0	0	0	0.00236118117946278	0.00253336608096281	0	2.10234880105292	0.00163310854602384	0	0	0	0	0
"PAEP"	2.42860773338235	0	0.873757699301536	0.595243923010138	10.0495638835338	0.0536080238394042	0	0	0.723162145245546	1.73235086461218	1.50048627374161	3.4565602788021	9.32680853811388	2.69959797027691	0.021492511953102	2.84587079053697	6.67983167677402	0.702842612269608	0.0199989668836792	0.0332523990275171	0.500523442028433	0.0465077081544204	8.14168532998104	0.423241539140707	1.2266103218243	0.389049114870205	0.17609197108995
"SLC12A8"	0.260019006649231	0.0943385927055637	0.0986001374180737	0.0136510059014825	0.115208632316073	0.0814050986975328	0.125692366002762	0.03592784322109	0.710976363399327	0.205878806085448	0.0812155360596587	0.4392022820932	0.123199160289235	0.089682845687525	0.0540431860178873	0.1605750991523	0.119890241487781	0.0341181842172015	0.031136400394688	0.0241331124888031	0.133239538517623	0.126884222284789	0.286866167281586	0.150520352902843	0.0765664527514348	0.0291962060413498	0.0870930894537182
"CTD.2287O16.3"	0	0	0	0	0	0	0	0	0	0	0	0	0	0	0	0	0	0	0	0	0	0	0	0	0	0	0
"CD14"	2.26578190842539	3.20770667773834	2.19745276148694	0.603901869143868	3.01774222269714	1.25303291992816	2.94023866146258	3.00322224422145	1.70826095079108	2.3817784762212	4.00528471691395	3.01752712751568	3.48304107402538	2.89419170581289	4.01387481607212	3.57685098995637	3.14956492711191	3.6069887377539	3.44717715391508	2.83449375427831	2.51100008646214	3.3984561463326	2.29520863990786	2.49420682358211	1.79140541072588	1.80904156192678	2.36489162169409
"CYP2C9"	0.0178382627210438	5.18949962131318	0	0.00224968952117589	0	0.00600660508909293	0	0.0506401620362262	0	0.00266704368744729	0	0.00276701404102737	0	0	0.00698634374158423	0.00900891166475926	0.00443161424026721	0	0.00401544647703769	0	0.543009002691149	0	0	0	0	0	0
"CD300LD"	0	0	0	0	0.00762406066319874	0	0.00980121678811053	0	0.00279150690976621	0	0.0037434582135498	0	0	0	0	0	0	0	0	0	0	0	0	0	0	0	0
"CYP2C8"	0.00422732177948755	3.34518139645637	0.000926866776253711	0	0.0126440219042867	0.00199430772083974	0.00149041931653002	0.00830916031811221	0.00060133631205787	0.000946206037372699	0.0163678217592012	0.00144905507516343	0	0	0	0.00160733796489395	0.00677846271213624	0	0.00133921025768872	0	0.165220590139473	0.00874786233617105	0	0.0455536568168828	0	0	0.00984895439424738
"FAM153B"	0	0	0	0	0.00548516084278465	0.00906699880159611	0	0.00163213855506432	0.00676163075642224	0	0.00587127010642928	0	0.00276428347316234	0	0.00351307569204219	0.00305836651650667	0.00229708710380374	0	0	0	0	0.0206934230435904	0	0	0	0	0.00634446631658162
"NRG4"	0.0556382991341791	0.191033179515058	0.0675379084400348	0.013440955077487	0.150519628665652	0.107547280449155	0.157349251498982	0.149723261734655	0.0696747871997597	0.138245410275381	0.122097644881816	0.0405845761097502	0.190933763262731	0.0511112942359124	0.134459816914392	0.0845017650628613	0.212878196404036	0.10327273517904	0.0865716374067045	0.109205571197324	0.336635998382435	0.127628647685768	0.03613945300947	0.201664167320193	0.0689365188994573	0.0622156224284683	0.169488113557292
"RIMKLB"	0.181324070386391	0.237941649683514	0.398318364090458	0.149313991818357	0.179612304092064	0.223544914920716	0.139649639913368	0.0947187073681078	0.116114999340631	0.105151496517755	0.135005386954571	0.02782877138507	0.118249085939408	0.0997267490082584	0.224999289905615	0.305629073539864	0.120095661200313	0.126644188782665	0.20510823469945	0.266908215688356	0.0525370576739076	0.12451374035141	0.0595311111056321	0.0819954318872212	0.123925615153857	0.0402259234664611	0.0662557873620944
"PLG"	0.00479723868779706	4.8692158275532	0	0	0	0.00163992254054422	0.00135557576684012	0.0493777449381625	0.00310136922296824	0.00596327068883691	0.00140358067691689	0.0244618546842763	0.00197906373561671	0	0.0018817506747438	0.0176576189110636	0.00508554316861259	0.00265715880691109	0.00193493939119308	0.00164641244743504	0.517916791917732	0.0293239429553416	0.00237750580406756	0.00435092180772805	0.00174612449531623	0	0.0301036683316836
"SLCO1B1"	0	5.51444366747011	0	0	0	0.00832135698366811	0	0.0263841469733992	0.00829945897222323	0	0	0.0130470651741147	0	0	0	0.0472764892844536	0.00610443367603725	0	0	0	0.47219089260613	0.00913139397227619	0	0	0	0	0
"METTL25"	0.13072681746688	0.196745271900784	0.109011577703975	0.119921804783936	0.209745213888622	0.0709182642328849	0.0614776151744119	0.0770388465724606	0.0729649362953973	0.215649529264307	0.124483020692153	0.0440454983110375	0.0601249790896691	0.048254380196153	0.150850290182045	0.139725758049332	0.0617926909515096	0.0570825041950493	0.132124437803633	0.190967452490934	0.108325527444292	0.113919420122117	0.056864268313085	0.190242172975286	0.144651409882566	0.130956419764695	0.194365363871859
