"Pt1.baseline"	"Pt2.baseline"	"Pt4.baseline"	"Pt5.baseline"	"Pt6.baseline"	"Pt7.baseline"	"Pt8.baseline"	"Pt9.baseline"	"Pt10.baseline"	"Pt12.baseline"	"Pt13.baseline"	"Pt14.baseline"	"Pt15.baseline"	"Pt19.baseline"	"Pt20.baseline"	"Pt22.baseline"	"Pt23.baseline"	"Pt25.baseline"	"Pt27A.baseline"	"Pt27B.baseline"	"Pt28.baseline"	"Pt29.baseline"	"Pt31.baseline"	"Pt32.baseline"	"Pt35.baseline"	"Pt37.baseline"	"Pt38.baseline"
"RP13.512J5.1"	0	0	0	0	0	0	0	0	0	0	0	0	0	0	0	0	0	0	0	0	0	0	0	0	0	0	0
"NPFF"	-0.510374180989232	-0.47376657131906	-1.11834042595913	-1.12007649665432	-1.02660060667966	1.61967282607954	0.675406732858766	0.656325653003416	-0.721898572989163	-0.0353241243936813	-0.152085130521785	-0.286334390596748	-0.124694216503142	-1.20351524427344	0.265393412057239	-0.750508632782723	0.0174984930845975	0.524637177218273	-0.341057900736544	0.3011131259919	1.55299783202152	-0.580479185758233	-0.936896503207321	3.2793580799835	-0.44332659261353	0.130659788673698	0.802215655005258
"DNAAF1"	-1.03317015992481	0.414458104553714	-0.410925712122027	0.768628331850279	-1.03492135076907	0.73118419423566	-0.0392459588186482	-1.00343851497936	-0.566968724241551	-1.13178330445521	-0.482102713512061	-1.0265368443357	-0.0587269055567655	-0.247802043171166	-0.856459523111356	0.475316078816796	-0.949526829005552	0.643460630366181	0.263850049437976	0.588377538911372	-0.516014105520376	1.58411897909275	1.70897740092819	-1.13178330445521	-0.63838534647204	2.50335844360031	1.44606158865767
"SPHAR"	0	0	0	0	0	0	0	0	0	0	0	0	0	0	0	0	0	0	0	0	0	0	0	0	0	0	0
"H2AFB3"	0	0	0	0	0	0	0	0	0	0	0	0	0	0	0	0	0	0	0	0	0	0	0	0	0	0	0
"PDIA2"	-0.382328438531682	-0.408438382066035	-0.174256422663397	-0.398575702355555	-0.40026940685118	-0.408438382066035	-0.0858602607522983	-0.253179682119362	4.5907154453345	1.03031269844	0.119439822998065	-0.377560320268599	-0.133827961983866	-0.221572593010112	-0.408438382066035	-0.141958202097644	-0.354357431028137	1.16854808338961	-0.408438382066035	-0.408438382066035	-0.408438382066035	-0.363432628271723	-0.0737334138407935	0.026075961299024	-0.358973954006916	-0.408438382066035	-0.356136919217682
"RNASEK.C17orf49"	0	0	0	0	0	0	0	0	0	0	0	0	0	0	0	0	0	0	0	0	0	0	0	0	0	0	0
"C7orf61"	0	0	0	0	0	0	0	0	0	0	0	0	0	0	0	0	0	0	0	0	0	0	0	0	0	0	0
"FTCD"	-0.230636252466586	4.98122326867768	-0.205550304720719	-0.237328835638298	-0.237328835638298	-0.211109932246608	-0.208565369676212	-0.163787734464927	-0.18440563770371	-0.229688195864699	-0.227334752105985	-0.234552431487349	-0.194061158719264	-0.237328835638298	-0.237328835638298	-0.235072448381962	-0.221900623142866	-0.159892172153182	-0.237328835638298	-0.233208481157727	0.184782468391589	-0.214695186131012	-0.237328835638298	0.0584683003129988	-0.237328835638298	-0.199136794180771	-0.209574713310603
"LCAT"	-0.562529329791428	4.56163123094132	-0.468384460562663	-0.732370486375556	-0.549473023332031	0.12147469809796	-0.127265384110591	-0.434971372570764	-0.303086677933293	-0.17422935521866	0.58930717325428	-0.0401861725150377	-0.255673494301085	-0.161773071100808	-0.154166529980053	-0.279126946517208	0.194929126813801	-0.059138074737182	-0.164006501059031	-0.0835027643009881	0.584510903987611	-0.237415991264815	-0.467434217830982	1.03271618821684	-0.717206339172375	-0.699814530868811	-0.41281459776846
"TEX40"	0	0	0	0	0	0	0	0	0	0	0	0	0	0	0	0	0	0	0	0	0	0	0	0	0	0	0
"SLC22A1"	-0.20734218219961	4.99207148359678	-0.219859391716765	-0.215077360396518	-0.219427399225193	-0.14173755721524	-0.200839546756474	-0.209760615115233	-0.215399364515177	-0.199336493658845	-0.227160956207615	-0.206079885165977	-0.171003434430068	-0.214803514837411	-0.20847975439009	-0.204508355888558	-0.184726668294875	-0.199759683234762	-0.227628834275482	-0.229394148601549	0.131242603653825	-0.216510306722608	-0.203376490191229	-0.222946965808396	-0.147088029420411	-0.213236703763444	-0.217830445219078
"UTF1"	-0.284381825651153	-0.604248545451531	-0.449705160284084	-0.604248545451531	-0.604248545451531	-0.604248545451531	-0.604248545451531	-0.604248545451531	-0.604248545451531	-0.604248545451531	-0.424936021679648	0.118948070181197	-0.604248545451531	-0.604248545451531	0.653315796690155	-0.146415161869691	-0.604248545451531	-0.604248545451531	2.46934802463137	2.45144057416096	-0.00376774665563233	-0.604248545451531	1.21572887411261	1.65545762292891	-0.604248545451531	-0.604248545451531	1.80869513520798
"UROC1"	-0.206658999759516	5.00118868620874	-0.200621031748878	-0.208123467811396	-0.208123467811396	-0.174895818441075	-0.189106922822268	-0.198004370602564	-0.206691103115635	-0.208123467811396	-0.208123467811396	-0.208123467811396	-0.204636690050324	-0.185360067418458	-0.203654820094793	-0.187897864548229	-0.208123467811396	-0.203804012447488	-0.208123467811396	-0.205594771577819	-0.0754619334837099	-0.176164445417817	-0.208123467811396	-0.208123467811396	-0.101946936298522	-0.208123467811396	-0.199454220267687
"VAC14"	-0.267999089675368	-0.844576554477379	-0.437932532796389	0.507259185297741	0.845016788276608	0.180968824364997	-0.431044696642291	-0.28287847287511	-1.1420402188592	1.67274897021032	-1.35382519473874	0.19983067676997	-0.561900264550307	2.1212848303695	-0.459881167203336	-0.905792992851838	-0.798230533891609	0.344277693287135	0.224972068768616	-0.169787232133294	-0.133694063233793	-1.36347626224661	2.27526006479804	-1.0359404046336	0.470465825974779	1.63262497503752	-0.285710222346373
"TMEM100"	-0.193278082422148	-0.232712990007553	-0.415837501834644	-0.415752805690138	-0.401162836201627	-0.398040193418265	-0.341395437493036	-0.186685048084046	3.26143754272362	-0.278817088872647	-0.296851510332133	-0.134917811960617	-0.400700182730882	-0.331458404564082	-0.257786116394687	0.129886428860984	-0.3624121103355	-0.233740226930587	-0.196045054066639	-0.348557475768736	-0.363554540300338	0.324258335830935	-0.363804685390284	3.57304812048923	-0.404992728372463	-0.411716581273711	-0.318411015460009
"ADH1A"	-0.208737931040392	4.98509977490796	-0.21101505654534	-0.21101505654534	-0.21101505654534	-0.21101505654534	-0.207625610698826	-0.19318795433615	-0.21101505654534	-0.207540949376314	-0.208505634071008	-0.210087976159661	-0.21101505654534	-0.21101505654534	-0.21101505654534	-0.201690806807468	-0.21101505654534	-0.21101505654534	-0.207149081393929	-0.209548096351024	0.238570669062301	-0.20437055555539	-0.21101505654534	-0.21101505654534	-0.21101505654534	-0.21101505654534	-0.21101505654534
"ITLN1"	-0.493961673130763	0.966848995606547	-0.393102783410723	-0.506451930150572	-0.248089046080265	-0.422242947799193	-0.407999378454093	-0.481459444858173	-0.556119588190519	-0.556119588190519	-0.532558822440216	-0.34454492639166	4.12213440756289	-0.194866949826501	0.846012275233685	-0.221761494139853	-0.21975784558241	-0.504595040558924	1.25910585598556	0.490693417036961	-0.496972074333405	-0.2171609160827	-0.556119588190519	-0.556119588190519	1.19692341129994	-0.41559514853354	-0.556119588190519
"ITLN2"	-0.384282675857232	-0.364430078829339	-0.351075075895277	-0.266757116088119	-0.244427987678647	-0.385883710719406	-0.389599515646257	-0.378730465969722	-0.389599515646257	-0.389599515646257	-0.389599515646257	-0.389599515646257	1.35355609943364	-0.128087270823777	-0.329033215182444	-0.374551272543675	-0.319976128517221	-0.362254160896183	3.48944095339853	3.03438847783962	-0.379279082037481	-0.0134429662629448	-0.296156790244652	-0.389599515646257	-0.265008189864014	-0.306812733737851	-0.389599515646257
"STX11"	-0.583771566724641	0.50637271095977	-0.538616405080966	-1.90193127565031	0.965406473970776	-1.13710792263202	-0.656247067723104	-1.05763090737525	-1.41430490856181	-0.26355883461899	1.14263228410158	-0.216961881689947	-0.0785596469674281	-0.0807823342549436	1.59202080874005	0.647705284858442	0.431388620409554	-0.251247096196998	0.415977638607682	-0.510785979520798	0.268111647839251	1.7955593784075	0.446026101746257	-1.6903831967232	-0.556708451195022	0.998154672842235	1.72924185243233
"PRX"	-0.251996409728836	-0.563554477860748	-1.14581507226503	-0.48382302729544	-1.0996450958769	-0.392791599861735	-0.346379414447686	-0.456761631492969	0.100016753636598	0.537742952957184	0.173866840079956	-0.284565797951061	-0.489517620855262	1.78647193016285	0.0591186908190131	0.0212858206666153	-0.340554457146515	0.271094086589683	0.0908314317452632	0.0586653573869226	-0.260412561874126	0.241741158240017	-0.201220491674448	4.10841865611384	-0.81153208828325	0.376949973395368	-0.697633905179296
"CLDN5"	0.641149553865642	-0.44396121748035	-1.46917689608108	-1.36741211281313	-1.0822610028928	-0.456838928561177	0.196283516239271	1.45574528388684	-0.76611194246892	-0.948628366425977	-0.111592213261008	0.297602832665311	0.310309640689184	-0.576838840710033	0.211978484365638	1.33724376727343	0.555372071293281	0.410486269712932	-0.268634188561976	-1.18848738493748	1.47778027692624	-0.364360087215155	2.11630298112264	-0.662247742245581	-0.438540809139816	-0.83686596102793	1.97170301578199
"HBG2"	-0.110378473732664	-0.26104972132055	-0.0182954263766062	-0.184389200236469	0.075863790045789	-0.26104972132055	4.97792163038775	-0.26104972132055	-0.25115705167804	-0.224486416777941	-0.248647435549824	-0.210081367045043	-0.26104972132055	-0.113872073626986	-0.26104972132055	-0.26104972132055	-0.035880816284767	-0.26104972132055	-0.246952155514642	-0.26104972132055	-0.202358886882054	-0.19786154568979	0.0616943857269724	-0.199572022239633	-0.26104972132055	-0.26104972132055	-0.26104972132055
"RXFP2"	-0.354029665871753	-0.354029665871753	4.49752187924762	-0.354029665871753	1.04369365865002	-0.354029665871753	-0.354029665871753	-0.354029665871753	-0.354029665871753	-0.354029665871753	0.865254976720079	0.358144753053626	-0.354029665871753	-0.354029665871753	-0.354029665871753	1.02403738150722	-0.354029665871753	-0.354029665871753	-0.354029665871753	-0.354029665871753	-0.354029665871753	-0.354029665871753	-0.354029665871753	-0.354029665871753	-0.354029665871753	-0.354029665871753	-0.354029665871753
"RSPO1"	-0.0474025536460837	-0.421432563477787	-0.401221301111151	-0.494445642237165	-0.150530928878898	-0.151610001344052	-0.392166091962137	4.33575038417672	-0.267996874205185	-0.421309171260332	-0.411540239592356	-0.243382481842067	-0.182511225078275	1.35270136053564	-0.452641066470656	-0.254394031000168	-0.0447000619668207	-0.133436311229939	-0.452280824410317	-0.446890447761886	1.27942827894542	-0.399530135064904	-0.494445642237165	-0.494445642237165	-0.494445642237165	-0.494445642237165	0.779324497831063
"SLC39A8"	0.808890902255086	-0.114704054750465	-1.0652381053991	0.387718894727722	0.240998961062689	2.02294672489412	0.203256999752083	0.462622726567243	0.00922698073089969	-0.576714209441972	0.447995335531912	0.495953123280431	-1.09255888515155	-0.104937219500688	0.322554548379315	0.654915285519787	0.892900216077368	-1.3201675087126	0.309237962104807	-0.0211741113927363	-0.415339705871493	1.07213563674351	-1.03049545772006	1.13406796338406	-1.5305881431645	-2.83889377771741	0.645388917811531
"HBG1"	-0.148203217049329	-0.0114683268463	-0.243432106628766	-0.251020557602693	-0.0758524044585217	-0.29820639158946	4.91592147337032	-0.29820639158946	-0.29820639158946	-0.29820639158946	-0.29820639158946	0.30048372816269	-0.29820639158946	-0.29820639158946	-0.29820639158946	-0.29820639158946	0.43982656067502	-0.209551873651312	-0.29820639158946	-0.29820639158946	-0.07403490951393	-0.117816751994466	-0.0517557406208094	-0.29820639158946	-0.29820639158946	-0.29820639158946	-0.29820639158946
"OTUD1"	-0.0243491162799302	0.78568459694609	-0.149592162757865	0.0370156257664621	0.0476782569427699	2.62884170767001	-0.945754185283696	-0.389616652516024	-1.22185676414757	-1.121550327472	-0.563407589141322	1.2252653995518	1.31981905607763	0.385034640968764	0.781987493465479	-0.164093847115866	-0.0320273995667894	-0.551752800592115	0.474801370871755	0.816667876720914	0.394625346546418	0.0353170964319766	-1.54499147606079	-0.668807163358057	-1.90779092960548	-0.921269514990345	1.27412146092777
"GYPB"	-0.445408864067779	-0.445408864067779	-0.445408864067779	-0.445408864067779	-0.445408864067779	-0.445408864067779	-0.445408864067779	2.0226555199249	-0.445408864067779	-0.445408864067779	0.737391308474445	-0.445408864067779	-0.445408864067779	-0.445408864067779	1.41683262161227	0.81765734586255	0.594861509130206	-0.445408864067779	-0.445408864067779	-0.445408864067779	-0.445408864067779	-0.445408864067779	-0.445408864067779	3.76418784041899	-0.445408864067779	-0.445408864067779	-0.445408864067779
"RASGRP4"	0.625163498884136	-0.334919499813031	0.478357440860807	-1.40725745603837	0.72361487295921	-1.59563269362396	-0.604449802637857	-0.413924927045874	-0.687535075152142	-0.904760238428769	0.246927383877697	-0.128781433467264	-0.49931950506276	0.05545344963829	0.355315078648772	2.22702680627066	2.51658006119264	1.54777542972201	0.734816446416737	-0.0997321829912085	-0.616284269513947	0.92526127299059	-0.67019596972163	-0.341370219776797	-0.232512113839436	-1.08335445638804	-0.816261897960466
"USP2"	-0.693786655560062	-0.129347602703974	-0.558941064717886	-0.718171438286258	0.209152120471911	-0.466652227289173	1.13345933327595	0.788053124398437	-0.0725360125289375	-0.959553111793129	-0.395851986440252	-0.842892558498313	-0.825094947746841	3.03080128652859	-0.907886809839689	-0.360133054721699	-0.487010944954993	-0.82006464188549	0.474336200938607	1.09742593694132	2.47285002049701	-0.125669043913844	-0.244182443860909	-0.772822433622222	0.16360121958323	0.613449775062485	-0.602532039333877
"RXFP1"	2.1739271148401	0.029652089135036	1.66676293870255	-0.484717456498889	-0.432051526142536	-0.436387719102022	-0.410461937190833	-0.703768569503663	-0.268953455182707	-0.276463129902547	-0.243322109679102	-0.5001500593578	-0.263786488556734	-0.703768569503663	-0.158890349406958	-0.156930482474396	3.45617789357861	-0.500101449222964	-0.379056144466065	-0.366709751579157	-0.703768569503663	1.19372529977964	-0.55782744026005	0.680083541326355	-0.603124921816371	-0.703768569503663	-0.346320178508506
"RGN"	-0.0601550656053172	4.98621667890564	-0.0511992785291513	-0.270469890146035	-0.270982434166118	-0.220868031176714	-0.227123450797557	-0.163929648628644	-0.14738567615726	-0.262442929323657	-0.235915158684469	-0.220706474868119	-0.224083834739525	-0.265740162023216	-0.210413081591793	-0.151459310323608	-0.184166192337898	-0.239156893718278	-0.247307562752305	-0.243446509097563	0.00805055337962661	0.0193005272766455	-0.274545845156053	-0.23903775903135	-0.144922781581215	-0.274545845156053	-0.183563943970012
"CFP"	-0.21264694415409	1.19854274172816	0.134379094016882	-0.81347846447556	-0.510924266989242	-0.710116892602043	-0.229826743840075	-0.166136025601169	-0.684539765340336	-0.609786531110851	-0.500998284607151	-0.617732916721547	-0.493292060669248	0.0544588245585294	0.0413627009671308	0.288229520666066	-0.14638436361408	3.44710969291449	-0.482919570202253	-0.679021890510207	0.323728210667598	-0.322773702072761	-0.170759031636958	-0.57526075482418	-0.271352124409975	-0.106987132234276	2.81712668009715
"HBD"	-0.275924609355281	-0.264695246039997	-0.211492156615717	-0.561352369882092	1.23912460809338	-0.62593101715009	1.77625728914961	0.134472427311832	-0.427928210212885	-0.62593101715009	-0.62593101715009	-0.62593101715009	-0.375130835629578	-0.62593101715009	0.985066660404224	1.46568133993485	3.57660770490818	-0.311619683439341	-0.62593101715009	-0.62593101715009	-0.62593101715009	-0.552487705474645	0.342294074700293	-0.332549129008041	-0.62593101715009	0.0529860126561064	-0.62593101715009
"C10orf105"	1.14566030052109	0.49820517790859	0.199026675483917	-1.39090672723055	-0.456675778914515	-0.217890692903217	1.36835883156077	0.649495068312682	2.35914514495218	-0.693165540976952	-0.366991245074615	-0.544666304229895	-0.847806990414955	0.403667220565441	-0.0306493953177887	1.8823908905665	0.238288740065263	-1.24829976022243	0.213124318895055	0.217668269000328	0.581877823393704	0.445722642761251	-1.12694409475391	-1.5346796974545	-1.23184128648372	-1.11988589951693	0.607772309507198
"RRAD"	-0.322202750307169	-0.445051230414662	-0.498220134800309	-0.487475524998283	-0.398823457059987	-0.42797216203989	0.241009754764185	-0.263673299455503	-0.454819328244901	-0.487119228784402	0.141657529757905	0.713757279625144	-0.272444806384982	4.64512120321579	-0.416163148735864	0.031381776429944	-0.199620245469058	-0.356568887499157	-0.435255166719718	-0.482523005861433	0.312712569831675	-0.17025296817579	0.681251502732512	-0.371828382779803	-0.478217288698743	-0.332835079506217	0.534174479578714
"UPK3B"	0	0	0	0	0	0	0	0	0	0	0	0	0	0	0	0	0	0	0	0	0	0	0	0	0	0	0
"FAM179A"	0	0	0	0	0	0	0	0	0	0	0	0	0	0	0	0	0	0	0	0	0	0	0	0	0	0	0
"ADGRE1"	0	0	0	0	0	0	0	0	0	0	0	0	0	0	0	0	0	0	0	0	0	0	0	0	0	0	0
"AHSP"	-0.0489644750460314	-0.573525498242064	0.345565999900479	-0.573525498242064	0.919028128643106	-0.573525498242064	0.263510463671811	1.01281771202286	-0.573525498242064	-0.573525498242064	-0.296845563501798	-0.460663771708511	-0.360200398516222	-0.573525498242064	-0.27644284718634	-0.439311488821373	3.3336553018693	-0.00952377630927048	-0.573525498242064	-0.405478554163258	-0.573525498242064	-0.573525498242064	2.78215265248219	-0.573525498242064	-0.573525498242064	-0.573525498242064	0.523006595567825
"PGM1"	0.0322700955457964	1.92661475484806	-1.99007390606619	-0.447229005066221	0.189091083115081	0.920473190621649	-1.12968780640174	-0.0260458844648378	1.12066093217328	1.49082183707724	0.543250914739209	0.0627320527286547	0.699935008181009	0.650796655597368	-0.697591148654439	-0.904569793735528	-0.183419189959085	-2.10268746585459	0.804898959749367	0.356820954215088	-0.049323233834255	-0.514737370669433	-0.531380347428669	-1.28970456760443	1.41411860211494	0.310811663047504	-0.656846984014824
"TRPV2"	0.500018350778341	-0.891308832876092	-1.69261052932155	1.05485729741908	0.918601894496238	1.16422713929243	0.76075615507721	0.896032698642474	-1.25386863111663	0.140275228906529	-0.79344483682581	-0.11186190974012	1.3888872189997	1.61436229851198	0.0449313117411142	-1.02269380834162	0.992291742982057	0.414123095457709	-0.368472359584821	-0.486538463948084	-1.51503324451568	-0.883082034410338	1.43434663752338	-1.57902591600687	-0.377479404846348	0.15930733585953	-0.507598434153799
"LRRN4"	-0.485163554110466	0.200472379470764	-0.485163554110466	-0.485163554110466	-0.342474916291128	3.36713736519305	-0.485163554110466	-0.12542603694168	-0.437837822933223	-0.306201466302181	-0.485163554110466	3.10491399945447	-0.485163554110466	-0.485163554110466	-0.313805895496091	-0.319049167854291	-0.37259641280004	-0.485163554110466	-0.485163554110466	-0.305708824617345	-0.133896823374383	1.13154868391023	-0.0749431930691723	0.450515363619997	-0.185848136753855	-0.485163554110466	-0.485163554110466
"DOCK11"	0.373260842539178	-0.359994142646725	0.172546127701453	-0.29754363738231	-0.402650852492193	3.2010223404493	-0.684171122764714	0.184424116440676	-0.0125533120633576	-0.388192332140107	0.409518965402766	0.371719644503931	-0.814614426984314	-0.901134720805648	0.497666281297509	1.32137464827856	-0.0461102231414362	-1.12317567996367	0.220546874683655	-0.45832675237329	-0.240207037946204	0.60089861689487	-1.24675314646715	-0.834706566167544	-0.371856039919562	-1.33217088759097	2.1611824226573
"LILRA1"	-0.856583832131419	1.0402834275494	0.79087269539277	-1.20135894148957	1.32457203591147	-1.15163966863763	-0.499283847467393	-0.67790672228203	-0.800328018291579	-0.413723998666229	1.20979611254079	-0.747050394179301	0.371254657700435	-0.390305962245378	0.497490291968917	2.64441167663951	0.593892997383935	0.018229597650149	1.61018142486097	0.485071670924159	-0.762166818391473	0.543508661354134	-0.807954399035004	-1.18588813261526	-0.791795949259959	-1.07851173312683	0.234933167942415
"RTKN2"	-0.395900010415083	-1.01508313861551	1.78400130285961	0.883777428365957	0.403695328089655	1.92927587128914	-1.38595703836465	-0.261234160460407	0.0701137517301531	1.33613563000811	-0.908429128029511	0.73293284281899	-0.178194721865839	-0.0139568575667791	-0.970262858002962	-0.125442680042144	-0.99570367767725	-1.08667028977387	1.43386374426592	0.569495999811147	-0.801574467947063	1.65164418025067	-1.22493296836128	-0.967322619714941	0.299382455768498	-0.597282009648679	-0.166371908771873
"APOH"	-0.277508574682842	4.66588969841503	-0.277508574682842	-0.277508574682842	-0.277508574682842	-0.255487236880245	-0.268151477874837	0.0429176979517606	-0.2554273785738	-0.236605855759377	-0.277508574682842	-0.277508574682842	-0.277508574682842	-0.277508574682842	-0.251747450207446	-0.125992591226262	-0.277508574682842	-0.277508574682842	-0.277508574682842	-0.277508574682842	1.59547371206562	-0.208261720254198	-0.277508574682842	-0.262470202730783	-0.277508574682842	-0.277508574682842	-0.277508574682842
"AMBP"	-0.276293636898141	4.68082951463983	-0.260869564881147	-0.276293636898141	-0.276293636898141	-0.271839094994428	-0.268004722167395	0.0362382342780964	-0.276293636898141	-0.23930275811223	-0.273899440395431	-0.276293636898141	-0.276293636898141	-0.276293636898141	-0.232338150939688	-0.191716103380867	-0.265508717336269	-0.276293636898141	-0.276293636898141	-0.276293636898141	1.55819009015832	-0.240970810133873	-0.276293636898141	-0.276293636898141	-0.162697560160941	-0.276293636898141	-0.276293636898141
"GC"	-0.215099980169432	4.97267151845405	-0.215099980169432	-0.215099980169432	-0.215099980169432	-0.21390077133604	-0.214281020256845	-0.189420164973089	-0.215099980169432	-0.213562683160936	-0.215099980169432	-0.215099980169432	-0.215099980169432	-0.215099980169432	-0.211018666148115	-0.209172696277834	-0.215099980169432	-0.215099980169432	-0.215099980169432	-0.215099980169432	0.364162639333677	-0.213678512585093	-0.215099980169432	-0.215099980169432	-0.215099980169432	-0.215099980169432	-0.215099980169432
"CFHR5"	-0.200033817433794	5.00038068722021	-0.200033817433794	-0.200033817433794	-0.200033817433794	-0.200033817433794	-0.200033817433794	-0.200033817433794	-0.19524240474339	-0.200033817433794	-0.197318210342613	-0.200033817433794	-0.200033817433794	-0.200033817433794	-0.200033817433794	-0.200033817433794	-0.200033817433794	-0.200033817433794	-0.200033817433794	-0.200033817433794	-0.0102614708100765	-0.196814617780657	-0.200033817433794	-0.200033817433794	-0.200033817433794	-0.200033817433794	-0.200033817433794
"APOC3"	-0.355622980498092	4.2494120260943	-0.355622980498092	-0.355622980498092	-0.355622980498092	-0.281237727868401	-0.355622980498092	0.770826819356941	-0.355622980498092	-0.102667559934626	-0.355622980498092	-0.355622980498092	-0.355622980498092	-0.355622980498092	-0.130840374203591	0.190798196547074	-0.355622980498092	-0.355622980498092	-0.355622980498092	-0.355622980498092	2.187717064182	-0.127171814709954	-0.355622980498092	-0.355622980498092	-0.355622980498092	-0.355622980498092	-0.355622980498092
"APCS"	-0.296701372912075	4.54987705606145	-0.296701372912075	-0.2671852035647	-0.268170113414444	-0.222899458296542	-0.296701372912075	0.242337048525437	-0.296701372912075	-0.193667264495428	-0.296701372912075	-0.296701372912075	-0.296701372912075	-0.296701372912075	-0.206859003003395	-0.16000042265924	-0.296701372912075	-0.296701372912075	-0.296701372912075	-0.266240961442756	1.83673166179489	-0.296701372912075	-0.296701372912075	-0.296701372912075	-0.296701372912075	-0.296701372912075	-0.296701372912075
"CFHR2"	-0.207778310864601	4.99121173700794	-0.207778310864601	-0.207778310864601	-0.207778310864601	-0.207778310864601	-0.207778310864601	-0.176798255071672	-0.207778310864601	-0.207778310864601	-0.207778310864601	-0.207778310864601	-0.207778310864601	-0.207778310864601	-0.207778310864601	-0.198620919053579	-0.206324863701588	-0.207778310864601	-0.207778310864601	-0.207778310864601	0.159771022708101	-0.205894193732565	-0.207778310864601	-0.207778310864601	-0.207778310864601	-0.207778310864601	-0.207778310864601
"AHSG"	-0.226491311369742	4.93877530757005	-0.221402608481052	-0.226491311369742	-0.226491311369742	-0.22194121227944	-0.226491311369742	-0.15208013333205	-0.226491311369742	-0.224335359511711	-0.22570766823816	-0.224564603446254	-0.226491311369742	-0.226491311369742	-0.224777459375295	-0.214809054846947	-0.224360774167106	-0.223354414452449	-0.226491311369742	-0.226491311369742	0.609756129730063	-0.223510960706399	-0.226491311369742	-0.226491311369742	-0.223300140656602	-0.226491311369742	-0.226491311369742
"APOA1"	-0.453889368047602	4.12912205383946	-0.124571787676962	-0.542868392467708	-0.571729168468872	-0.340827855473046	-0.308191370350395	0.811787190534647	-0.378759704342563	-0.274747860319742	-0.486679784259019	0.025691516895666	-0.340060890618458	-0.125011158231865	0.0156006444227059	0.0112312876753276	-0.459444336690554	-0.335811998419401	-0.571729168468872	-0.525137693454012	2.20921982361496	-0.17606577128144	-0.571729168468872	0.356545393114411	-0.159126774545025	-0.382088024028756	-0.430727634484015
"RP4.608O15.3"	0	0	0	0	0	0	0	0	0	0	0	0	0	0	0	0	0	0	0	0	0	0	0	0	0	0	0
"AFM"	-0.212579618294625	4.98307418215752	-0.205338687069386	-0.212579618294625	-0.212579618294625	-0.212579618294625	-0.212579618294625	-0.180083970887092	-0.212579618294625	-0.205757416723619	-0.212579618294625	-0.202624497863064	-0.212579618294625	-0.212579618294625	-0.204382822091203	-0.206534691774457	-0.212579618294625	-0.212579618294625	-0.212579618294625	-0.212579618294625	0.26066065184917	-0.212579618294625	-0.212579618294625	-0.212579618294625	-0.212579618294625	-0.212579618294625	-0.212579618294625
"SERPINA7"	-0.200804098958552	4.99954347467133	-0.200804098958552	-0.200804098958552	-0.200804098958552	-0.200804098958552	-0.200804098958552	-0.194586898992191	-0.200804098958552	-0.200804098958552	-0.200804098958552	-0.200804098958552	-0.200804098958552	-0.200804098958552	-0.200804098958552	-0.197883687704736	-0.200804098958552	-0.200804098958552	-0.200804098958552	-0.200804098958552	0.0114213880722825	-0.200804098958552	-0.200804098958552	-0.200804098958552	-0.200804098958552	-0.200804098958552	-0.200804098958552
"VTN"	-0.303855256029515	4.85813967607872	-0.249332877477102	-0.31140788544668	-0.295032099774994	-0.297715365382023	-0.166416508525107	-0.145549069109129	-0.28324234367684	-0.218689001035174	-0.284700914815078	-0.30335363872365	-0.0515484409925485	-0.27396611230793	-0.296485768995171	-0.257399303805164	-0.297863305696635	-0.111677647889017	-0.282580891032505	-0.301665504153292	0.917528098080068	-0.277318140696729	-0.270195743336903	-0.285746761690035	0.0455613556413942	-0.195818966500659	-0.0596675827083053
"G6PC"	0	0	0	0	0	0	0	0	0	0	0	0	0	0	0	0	0	0	0	0	0	0	0	0	0	0	0
"HAO1"	-0.211300144619057	4.98566726429336	-0.207393564741	-0.211300144619057	-0.211300144619057	-0.211300144619057	-0.211300144619057	-0.192201377870749	-0.205214211049871	-0.202931299132832	-0.208126051026245	-0.206743256162278	-0.211300144619057	-0.211300144619057	-0.205450348547451	-0.201477022895176	-0.211300144619057	-0.211300144619057	-0.211300144619057	-0.211300144619057	0.231817348425876	-0.207145167388722	-0.211300144619057	-0.211300144619057	-0.211300144619057	-0.211300144619057	-0.211300144619057
"SLC17A2"	-0.196499227297523	5.00299333166206	-0.196499227297523	-0.196499227297523	-0.196499227297523	-0.196499227297523	-0.196499227297523	-0.196499227297523	-0.196499227297523	-0.196499227297523	-0.196499227297523	-0.193309125169962	-0.196499227297523	-0.196499227297523	-0.180498345927581	-0.196499227297523	-0.196499227297523	-0.196499227297523	-0.196499227297523	-0.196499227297523	-0.109703632721489	-0.196499227297523	-0.196499227297523	-0.196499227297523	-0.196499227297523	-0.196499227297523	-0.196499227297523
"SERPINC1"	-0.22379080345048	4.95510615445977	-0.225027496301332	-0.226305985170238	-0.22449363080492	-0.218465105700092	-0.207143943798989	-0.172408125105002	-0.223930618170831	-0.217728799973791	-0.219340163244672	-0.225824287742504	-0.211795678736968	-0.227398281857152	-0.221097705732355	-0.210450527918703	-0.220710990995889	-0.198586888124971	-0.224206607632203	-0.223775987580618	0.502199555191378	-0.222041715972436	-0.211311780633156	-0.227398281857152	-0.223542552364758	-0.227398281857152	-0.223131468924788
"ITIH2"	-0.220371649421616	4.97268207601585	-0.218848791286924	-0.220900702146308	-0.21850163378318	-0.216320645677367	-0.217678258620005	-0.190468494403049	-0.221083429358357	-0.195959488687621	-0.219367641519921	-0.221745802340126	-0.220615889084927	-0.217927243696252	-0.218659029733182	-0.210671883179525	-0.219800907519042	-0.218607804713415	-0.220948201616658	-0.219947915016895	0.354238791827096	-0.112693956531323	-0.221745802340126	-0.221745802340126	-0.218818290146746	-0.221745802340126	-0.221745802340126
"C8B"	-0.259965773901477	4.74850210148443	-0.259965773901477	-0.259965773901477	-0.259965773901477	-0.234362995740214	-0.259965773901477	-0.0757778716114754	-0.259965773901477	-0.237031074960299	-0.243635801058867	-0.259965773901477	-0.259965773901477	-0.259965773901477	-0.228014868593959	-0.194430351438245	-0.259965773901477	-0.259965773901477	-0.259965773901477	-0.259965773901477	1.38284527582231	-0.2387104836771	-0.259965773901477	-0.259965773901477	-0.259965773901477	-0.259965773901477	-0.259965773901477
"CPB2"	-0.217248040145286	4.98865879128548	-0.168598604103582	-0.1247108839261	-0.187475696527551	-0.160992732112571	-0.216083766895094	-0.199404241887109	-0.263127871866065	-0.208240308439426	-0.247603925153722	-0.265446248509887	-0.193934780478073	-0.0961374182674437	-0.230840290847979	-0.241006613624766	-0.220292856729092	-0.266638193043065	-0.157413545890632	-0.104384306556964	0.0794441444480608	-0.0642878948655841	-0.222669999963458	-0.266638193043065	-0.228354388837699	-0.257077670091012	-0.259494463928315
"MBL2"	-0.213675811872196	4.9980917830755	-0.217793584856304	-0.217793584856304	-0.161817852427697	-0.217793584856304	-0.217793584856304	-0.047191477534242	-0.213677839058998	-0.163688272369443	-0.197855122997142	-0.217793584856304	-0.0571679044395658	-0.217793584856304	-0.214913343027033	-0.212878085542629	-0.157107757675749	-0.217793584856304	-0.217793584856304	-0.217793584856304	-0.118759550014191	-0.21514121611607	-0.208621572619605	-0.2020729591053	-0.217793584856304	-0.217793584856304	-0.217793584856304
"PRODH2"	-0.200138943656367	5.00165936639285	-0.200138943656367	-0.200138943656367	-0.200138943656367	-0.191681296774991	-0.200138943656367	-0.200138943656367	-0.200138943656367	-0.200138943656367	-0.200138943656367	-0.200138943656367	-0.200138943656367	-0.200138943656367	-0.200138943656367	-0.196622422008597	-0.200138943656367	-0.200138943656367	-0.200138943656367	-0.200138943656367	-0.0548041517137717	-0.195033142509542	-0.200138943656367	-0.200138943656367	-0.200138943656367	-0.200138943656367	-0.160600536602255
"BAAT"	-0.481091377195458	3.75226173902409	-0.428062118298061	-0.48180679275426	0.708630795398652	-0.477581746947552	-0.458040206111681	1.64581205126853	-0.441702236309179	-0.232113857384883	-0.47195152331112	-0.388745073246269	-0.248294003720467	-0.170327838852835	-0.473360931743455	-0.41048894174675	-0.430254998474339	0.213087188059236	-0.478380313823936	-0.474395104190196	-0.226426854820536	-0.322130681555959	-0.403980948795002	-0.47081592364851	2.25128316143998	-0.149538690352989	-0.451584771907045
"SLC25A47"	-0.224887541575961	4.96333790116303	-0.228310309916271	-0.228310309916271	-0.225038940793895	-0.209853174491015	-0.214377723457029	-0.186335970674616	-0.214680228003707	-0.210935278294077	-0.216655989515074	-0.22015408485348	-0.219555055052466	-0.228310309916271	-0.195804374769346	-0.202390974154107	-0.220928416480495	-0.228310309916271	-0.196230252512492	-0.222207921529649	0.44003770495047	-0.222513517931625	-0.228310309916271	-0.19557848740086	-0.228310309916271	-0.228310309916271	-0.207075505209707
"LIPC"	0.0371278765226647	4.93699468372897	-0.290396236906688	-0.336902533045653	-0.288375623868507	-0.30086197688269	0.110869614441475	0.235052071875327	-0.256403054086882	-0.242119240068003	-0.174806367560289	-0.289631711029712	-0.213875103858988	-0.306491018097678	-0.211682043031376	-0.180416913963663	-0.0997023924821513	-0.255488203270765	-0.256739402000607	-0.321555181294115	0.110281588979071	-0.168576428287377	-0.336902533045653	-0.336902533045653	-0.31121703420368	-0.336902533045653	0.0856222275282795
"SLC17A1"	-0.195717831133013	5.00334558220878	-0.195717831133013	-0.195717831133013	-0.195717831133013	-0.195717831133013	-0.195717831133013	-0.195717831133013	-0.195717831133013	-0.195717831133013	-0.195717831133013	-0.195717831133013	-0.195717831133013	-0.195717831133013	-0.195717831133013	-0.195717831133013	-0.166244332211826	-0.195717831133013	-0.195717831133013	-0.195717831133013	-0.139873302804636	-0.195717831133013	-0.195717831133013	-0.195717831133013	-0.195717831133013	-0.195717831133013	-0.195717831133013
"ASGR2"	-0.393129509902162	4.43051133919462	-0.096445765065097	-0.915014952065997	-0.472627509789612	-0.495015730255729	-0.224772825945245	0.0155543609850394	-0.369807027910859	-0.394455248120411	0.105870185385395	-0.333371760114773	-0.0700379023408048	-0.244077063864804	-0.0558752484725945	0.669872731245037	0.480245420812781	-0.281329150296034	-0.384580711808405	-0.382359327536071	1.38490201552443	-0.404546888539197	-0.667344587086882	0.154882900719138	-0.852572590824187	-0.19344415218386	-0.0110310017437103
"PON1"	-0.200963901771902	5.00157530589427	-0.199883465390388	-0.200963901771902	-0.199156641139226	-0.19874132320382	-0.197198249526263	-0.172930438878079	-0.200963901771902	-0.195572373934174	-0.200140513907484	-0.200963901771902	-0.19920723692746	-0.193871066456161	-0.198304320085409	-0.196358073237917	-0.200963901771902	-0.200963901771902	-0.200963901771902	-0.200104516095801	-0.0491264460123808	-0.196849112586889	-0.19690231214364	-0.197590198650155	-0.200963901771902	-0.200963901771902	-0.200963901771902
"IGFBP1"	-0.276189229264849	4.62962168489874	-0.278156812241254	-0.278156812241254	-0.274318704506912	-0.275008096607712	-0.272551750048298	-0.253139326619615	1.66515466228735	-0.241529049354266	-0.27406548400746	-0.237484319569682	-0.265171351954968	-0.278156812241254	-0.278156812241254	-0.26771906191437	-0.271190656010294	-0.271186978821688	-0.278156812241254	-0.273081973002759	0.19296969009403	-0.272593541577561	-0.278156812241254	-0.267623121433483	-0.269638894656174	-0.278156812241254	-0.278156812241254
"ANGPTL3"	-0.198893422803252	5.00006045101772	-0.202637391033523	-0.202637391033523	-0.202637391033523	-0.197304858043772	-0.200749854471378	-0.191201661798998	-0.202637391033523	-0.192985879075785	-0.198565155099149	-0.20196339912843	-0.191501389113782	-0.202637391033523	-0.201076447542485	-0.196500724672727	-0.201715234476833	-0.201200762677274	-0.200658681395928	-0.200357820934905	-0.00236819691526125	-0.196643052532534	-0.202637391033523	-0.202637391033523	-0.202637391033523	-0.202637391033523	-0.202637391033523
"HPR"	-0.199983016076672	5.00267005314646	-0.199983016076672	-0.199983016076672	-0.199983016076672	-0.199983016076672	-0.192049186714557	-0.172844354482969	-0.197564317242188	-0.193754037831018	-0.199983016076672	-0.197680433418094	-0.197956220776293	-0.199983016076672	-0.196976612293165	-0.19538366208399	-0.199983016076672	-0.199983016076672	-0.198467336571046	-0.198264882688492	-0.0967869289708733	-0.18864797762808	-0.199983016076672	-0.199983016076672	-0.199983016076672	-0.199983016076672	-0.176514893448959
"C9"	-0.234586883993029	4.68457831803992	-0.284022491774342	-0.258310666418201	-0.23864275370522	-0.255015421701205	-0.264502699643096	-0.0801588209070943	-0.284022491774342	-0.243904574819173	-0.262641278954962	-0.238526241527128	-0.284022491774342	-0.284022491774342	-0.284022491774342	-0.20585475882819	-0.208774712606149	-0.253722293728354	-0.264758003907898	-0.272954603476517	1.5650930540154	-0.259144472414544	-0.234452811277153	-0.284022491774342	-0.249457644767937	-0.236105286959073	-0.284022491774342
"SERPINF2"	-0.24237726263944	4.94842425767961	-0.285931062501257	-0.319507197646813	-0.239743503094302	-0.220921753425698	-0.234590562975845	-0.120157938844505	-0.233114605248642	-0.229235675164954	-0.255288048865761	-0.277071647066805	-0.247901783115723	-0.15847944740283	-0.187236789059015	-0.191717486255863	-0.190655824526676	-0.222409936136957	-0.203481966118033	-0.247488373989363	0.301916852848428	-0.146091874214519	-0.283012458095662	-0.231462097294388	-0.268974718136826	-0.307129182650195	0.293640083942033
"HPD"	-0.212436486131617	4.98853045196888	-0.209915972562886	-0.212436486131617	-0.194626576615189	-0.212436486131617	-0.212436486131617	-0.189547013269589	-0.20885019097956	-0.207421611389982	-0.210158074054308	-0.211406775796192	-0.2107926061707	-0.210178101562973	-0.206882589656496	-0.193143878303444	-0.206989399660576	-0.206644589691733	-0.208616245138316	-0.209543445794613	0.196116221442309	-0.209367358899746	-0.212436486131617	-0.206182103925288	-0.208783021250749	-0.205891632429583	-0.207523055601188
"UGT1A4"	-0.199166585554981	5.00078487522961	-0.199166585554981	-0.199166585554981	-0.199166585554981	-0.199166585554981	-0.199166585554981	-0.199166576649299	-0.199166580160634	-0.199166576497342	-0.199166585554981	-0.199166585554981	-0.199166585554981	-0.199166585554981	-0.199166585554981	-0.199166583166699	-0.199166585554981	-0.199166561248369	-0.19916657434555	-0.199166585418551	-0.0216203010876269	-0.199166582220865	-0.199166585554981	-0.199166585554981	-0.199166585554981	-0.199166585554981	-0.199166585554981
"HP"	-0.316260520963983	4.63719509036263	-0.317894564374059	-0.324445660364946	-0.322912511828904	-0.310889018345147	-0.304753148075482	-0.0285312208538686	-0.322258578915909	-0.303114807467854	-0.323140843233453	-0.107988825036675	-0.324935378135099	-0.323877185203119	-0.290381851323684	-0.217255204151324	-0.318980704061598	-0.320005191729841	-0.224645888289762	-0.320346748484252	1.20753507994704	0.981997329525386	-0.324935378135099	-0.324935378135099	-0.324935378135099	-0.315271677021914	-0.214031837568883
"ACOT12"	-0.2305085961413	4.94706695573501	-0.177967842804528	-0.268721490620746	-0.268721490620746	-0.268721490620746	-0.164107143769711	-0.23352791865422	-0.124910009598435	-0.21462265480328	-0.268721490620746	-0.268721490620746	-0.268721490620746	0.128191440644645	-0.268721490620746	-0.228283574757859	-0.268721490620746	-0.201921719803332	-0.154692431740406	-0.181027543262889	0.428925116461879	-0.268721490620746	-0.268721490620746	-0.0992346994358703	-0.268721490620746	-0.268721490620746	-0.268721490620746
"CPN2"	-0.183423315874342	4.99762447889249	-0.215815858497211	-0.210371841124184	-0.183855781911358	-0.215815858497211	-0.199482118649192	-0.19047869382799	-0.188563570249036	-0.196458893473609	-0.201340786642752	-0.195141157358182	-0.215815858497211	-0.215815858497211	-0.209839196386714	-0.150076303669465	-0.196180884083141	-0.215815858497211	-0.209457126227025	-0.201382022548202	0.0419345339590782	-0.215815858497211	-0.182185193624659	-0.215815858497211	-0.215815858497211	-0.198979400726819	-0.215815858497211
"CYP2E1"	-0.29291770024071	4.669011091904	-0.300811171222412	-0.241881400196563	-0.298515011107938	-0.278142470916005	-0.281281621301047	-0.145963521964663	-0.30094230176681	-0.28914744957553	-0.28911182182247	-0.269648496604073	-0.25766484263715	-0.281200175390254	-0.174565684810947	-0.199280565349806	-0.290318379315367	-0.13494567219487	-0.251379711121116	-0.213378576391129	1.60085839227939	-0.254713737986972	-0.278446276051131	-0.144992354632065	-0.292889305082673	-0.238970869291597	-0.268760367210086
"RTP3"	-0.202490416738403	4.99585742386156	-0.209541826345689	-0.200972862210406	-0.209541826345689	-0.196122648945839	-0.209541826345689	-0.209541826345689	-0.209541826345689	-0.209541826345689	-0.209541826345689	-0.209541826345689	-0.0405270620568158	-0.209541826345689	-0.209541826345689	-0.201106293092045	-0.209541826345689	-0.209541826345689	-0.209541826345689	-0.209541826345689	0.0361983860957199	-0.209541826345689	-0.209541826345689	-0.209541826345689	-0.209541826345689	-0.209541826345689	-0.209541826345689
"KIR2DL4"	-0.326225161005651	-0.708651107663484	-0.708651107663484	-0.708651107663484	-0.708651107663484	-0.293198597610198	0.0539739511670627	-0.708651107663484	-0.352827817045076	-0.708651107663484	1.67546891757277	-0.11589384755993	0.784420295653105	-0.132033731240109	3.391803926649	0.26776641094653	2.04621431924472	-0.251509859920807	0.0242239904113994	-0.138689206384591	-0.708651107663484	0.882449726254287	-0.708651107663484	-0.708651107663484	-0.708651107663484	-0.708651107663484	0.279218867165809
"PRF1"	-0.263647225052047	-0.599700427095052	-0.27860177131447	-0.978446498816099	-0.69172549999558	-0.666183142137338	-0.536724617934932	-0.232034546822727	-0.947322856214281	-0.709528387018636	0.230297327141619	-0.240876269338932	-0.129732957238006	-0.15877080261525	3.6408027516392	-0.0102935373250131	0.944493268224026	1.91579443003411	0.141907902986315	-0.582078065331963	-0.796129484042161	-0.242422939309601	0.862856840997717	-0.665445604428485	-0.240203950284208	-0.0320763923495878	1.26579245364138
"ZNF683"	0.0771937754153537	0.461656244176567	-0.239689391212608	-0.660172365174219	-0.646047577335961	-0.616151575796404	-0.676033092993357	1.73218791420687	-0.660287853266421	-0.622858769898616	-0.368026064175749	-0.0367852938779132	-0.40997099092484	0.118762986250017	4.20952200375379	0.918047357517936	0.313672554380005	-0.289295556910928	0.0717846072762448	-0.61426224256418	-0.580665320444049	-0.227193992914077	-0.142293973183773	-0.323270376691938	-0.121414730203583	-0.408712094990897	-0.259696180417271
"KIR3DL2"	-0.103954857650033	-0.145541224672593	-0.326894732088764	-0.603973841474675	-0.603973841474675	-0.335206427333691	-0.117984461343531	0.844774263081966	-0.603973841474675	-0.603973841474675	-0.603973841474675	-0.344748185453615	-0.0839691457175584	-0.0269172205636539	4.1855259674567	-0.0377419428741689	-0.0678756483368798	1.09035426723549	-0.520264449808264	-0.603973841474675	-0.603973841474675	0.223807574593158	-0.180349503824761	-0.199892424849554	-0.603973841474675	-0.603973841474675	1.58264272542183
"CD7"	-0.400753503817041	-0.454488815141288	-0.674168059717021	-1.13578264747817	-1.0644765194158	-0.855952272085144	-0.484602198327555	-0.011186503857334	-1.13798965943277	-1.12110347469857	0.379206256784338	-0.811154150428506	-0.180840618284398	0.86034257047497	2.40585181088896	-0.0447439630891918	0.400853980867408	2.01261244075304	0.0897045083552218	-0.609305152360903	0.0912551021251712	0.0583919542971068	0.407557034525153	0.0223220409738874	-0.552947649396099	0.213167051116016	2.59823043636851
"GNLY"	0.29159137535245	-0.341959646796166	-0.222717447540391	-0.629809806098044	-0.390563207251705	-0.55874367378994	-0.259148350397694	0.904608296687225	-0.622284374353572	-0.639159448691427	-0.48209589630025	-0.446521151151568	-0.374862482118699	0.440162053084981	0.628274752209956	-0.10993914072787	-0.228452674819127	0.205810315816173	-0.0582186210828469	-0.502509782246738	-0.401545907896409	-0.56323267245964	1.02577572740361	-0.259667372610853	-0.278431541720954	-0.563608486468231	4.43724916396773
"KIR2DL3"	0.756722039194469	-0.453459669059216	0.12798806644268	-0.453459669059216	-0.218655863528581	-0.453459669059216	-0.453459669059216	-0.453459669059216	-0.453459669059216	-0.453459669059216	-0.453459669059216	0.347334427591483	-0.453459669059216	-0.453459669059216	3.83051227224549	-0.182916733985784	-0.453459669059216	2.50481285965854	-0.197206013981083	-0.453459669059216	-0.453459669059216	-0.106164020938137	-0.453459669059216	0.846387341307593	-0.453459669059216	-0.453459669059216	-0.453459669059216
"NCR1"	0.49513937219678	-0.36649915315538	0.496684840864264	-1.1615897490811	-0.683131209678567	-0.273550576081293	-0.819026256015734	-0.0715800049021145	-0.801124368489579	-1.1615897490811	0.902203928420295	-0.532362190894786	-0.621057904175414	-0.90767870641004	2.47702352375993	1.59638600875652	0.086297370061598	-0.500637558696648	0.408013030698945	-0.257821394824038	-1.1615897490811	1.36417845566556	0.385728729837867	-0.280702944466659	0.470005568483157	-1.1615897490811	2.07987043536975
"CD244"	-0.485579489165223	0.394278899265446	-0.267148500421263	-0.630244598743128	-0.646417747380007	-0.899515528627089	-0.586188244194638	-0.38593926032452	-0.914409010957421	-0.789832566534201	0.0159624016403536	-0.53483217656965	0.53005441692329	-0.678293712342571	2.70481531708872	0.57133557969921	-0.500348020710355	0.180046659567811	1.68349515166907	2.92694272680886	-0.471917834988935	0.484221429274858	-0.622936843338398	-0.519527649939089	-0.410064350782358	-0.469396828411199	0.321439781492429
"KLRD1"	-0.221222830031254	-0.256621868666865	-0.167308815730924	-0.583606884741335	-0.311533445919702	-0.360858657678981	-0.461509574453881	0.0708737936227927	-0.504077431351734	-0.480233700131918	-0.200174372876986	-0.346276191773954	-0.28416488587586	-0.509918447479835	4.807283235942	-0.0696058842438269	-0.143808184309582	0.0968134091444685	0.373522640708616	-0.237045206047171	-0.592078674368368	0.00479635061047598	-0.13865567460576	-0.263037583329648	0.0718088252437539	0.192903359096749	0.51373669924873
"KIR3DL1"	0.464260226215572	0.880609940326691	-0.80226522202896	-0.424392969730615	-0.0684319405714951	-0.80226522202896	0.294946290927143	2.09373866372054	-0.80226522202896	-0.225988057060115	-0.80226522202896	-0.466496187399264	-0.123621619318896	-0.80226522202896	0.99654509240204	-0.80226522202896	1.97295548447647	0.861529736421717	-0.384232699392153	-0.330335266423033	-0.80226522202896	-0.80226522202896	-0.80226522202896	-0.80226522202896	0.716402516635692	-0.80226522202896	2.56742823108826
"CD247"	0.123372292087214	-0.15218897949633	-0.270655089301082	-0.951161272309231	-0.8287448827285	-0.768047614853028	-0.553069443254	0.273343040529182	-0.91928152397164	-0.861336578241603	0.28580500315309	-0.468354579963011	-0.0769123793536052	-0.258436949100593	3.07987142769805	0.363337011060843	-0.0745103775679515	0.769389538518674	-0.162634196370424	-0.596017802270115	0.415856043763518	0.50957389512689	-0.362337890416026	-0.601860306907821	-0.548575524179021	-0.425891376396841	3.05946851474336
"IL26"	-0.351704947352242	-0.189421924719172	-0.351704947352242	-0.351704947352242	-0.351704947352242	-0.255046168329469	-0.351704947352242	-0.119728212579748	-0.351704947352242	-0.351704947352242	-0.261079429178211	-0.351704947352242	-0.273692802053236	-0.351704947352242	0.36353926829177	-0.0562816491300603	-0.210845344483582	-0.351704947352242	-0.1998887231775	-0.351704947352242	0.534857157156022	-0.351704947352242	-0.351704947352242	4.78521775977881	0.777809365366389	0.0284299659893775	-0.351704947352242
"IL18BP"	-0.165675570271077	-0.186757442789748	-0.166737206395154	-1.29659625777649	-1.18251187716255	-0.992662905649942	0.508424484767628	-0.191010915582919	-1.0038128420745	-1.29994081713218	1.44896868964981	-0.720831848280485	-0.453706225561274	0.972231097172692	2.56213144851638	0.504361958304628	0.335972547777311	1.75534676020436	0.564361083324013	-0.101021433300823	-0.884517216568201	-0.180887990426588	-0.326178056310377	-1.00568276731044	-0.651446363273596	0.914048390021767	1.24413127612775
"KIR3DL3"	-0.266612056052955	-0.266612056052955	2.33019648626227	-0.266612056052955	-0.266612056052955	4.33510491506161	-0.266612056052955	-0.266612056052955	-0.266612056052955	-0.266612056052955	-0.266612056052955	-0.266612056052955	-0.266612056052955	-0.266612056052955	-0.266612056052955	-0.266612056052955	-0.266612056052955	-0.266612056052955	-0.266612056052955	-0.266612056052955	-0.266612056052955	-0.266612056052955	-0.266612056052955	-0.266612056052955	-0.266612056052955	-0.266612056052955	-0.266612056052955
"CCL8"	-0.294191201974519	-0.623931943349265	-0.419112293047451	-0.935671623909982	-0.962886866967609	-0.638943592446339	0.433721447364996	0.0849370909444303	-0.615873344589565	-0.516518761027321	0.648836411932215	2.7496417420622	0.259846487892224	-0.820451068803334	2.6852290901789	1.04722059157627	1.1776460912485	-0.106580841819478	-0.109699333168673	-0.482436203306107	-0.899921076877599	0.609738127129142	0.575425587678835	-0.772930388137407	-0.641994577114987	-0.912471064923119	-0.518628486544962
"TVP23A"	-0.369100061395579	-0.179553681127836	-0.346348139089605	-0.456136498995716	4.78059073671865	-0.431710446800761	-0.163296405449133	-0.296216801817727	-0.352053247242794	-0.415311323453707	-0.234109476412423	-0.357177311120853	-0.145629552846889	-0.255214240914148	-0.0827673570711529	-0.291250142202245	-0.246682134058277	-0.279965492548656	0.233167334326711	-0.00961282727524087	-0.251983484199133	-0.235067345116774	0.801085373798602	-0.313515962273216	-0.369433106907452	-0.349661196698564	0.616952790173922
"CCL3L3"	-0.576776587404218	-0.2841555604243	-0.768754381212287	-0.771106509225308	-0.649757820115992	-0.32953525276844	-0.0600483472431439	-0.31390846429143	-0.226014348559873	-0.468729464531657	-0.771073935847875	1.14774056681461	0.0342632451703924	-0.270471776797511	3.59171952170938	1.10525348424497	1.56696585118009	1.71282341697347	-0.769375650641647	-0.470207127417962	-0.345988336250813	-0.140543592305132	-0.211529591650744	-0.771106509225308	-0.46103418242306	-0.0606601092675528	-0.43798853848866
"FCGR1A"	-0.64921464682892	0.406387478472179	-0.872118580008193	-1.45304851100784	0.325687813177434	-0.778305924421517	-0.379927031783502	-0.401184312574872	-1.02110217546781	-0.240244150001958	1.56885251090648	0.0151657875755034	0.629082982023878	-0.41927280117448	2.24047244471084	0.296342572387288	1.44989094816585	1.2073500288014	1.38944027932412	0.51497842793409	-1.43041502807089	1.25768746053277	-0.920407798946737	-0.339914970235413	-0.677745003910868	-0.884731288556092	-0.833706511022731
"FCER1G"	0.053753386774967	-0.54484473325983	-0.589062948510779	0.598564020118052	-0.53188782913208	-1.05119327200201	-0.265992843729605	-1.30624462506084	-1.34684077779728	1.16138846668056	0.937451504608545	-0.266332755681009	-0.41958702929123	1.4266106759805	1.7700473932995	0.698617432783482	1.1330791991779	1.06350969836102	0.840365671526665	0.0461027703272111	-2.25505694276529	0.392995306859071	-0.0317741013916935	-0.252263270954568	-1.00161631015337	-1.23000075705603	0.970212670288132
"GNGT2"	-0.549667494152945	0.0288106115150543	-0.460167253246082	-1.06482309681695	-0.458560211723125	-1.0903945053517	-0.589941798836265	-0.460607091452695	-0.978903404818677	-0.865291266241677	0.679516688621518	2.68232179019939	0.361182845600619	0.0516218534282882	0.7741752442748	0.353283515262613	1.54029222573492	1.13892093728385	-0.0615786438999577	-0.616620568228458	-0.478941504029373	0.29923005239726	-0.66560144850323	-0.621315779181621	-0.838603644255658	-0.550342916600793	2.44200486302089
"TMEM151A"	-0.406204498735157	-0.370428032094477	-0.375848493222415	-0.409965993974836	-0.281453879172773	-0.245376979204085	-0.376368676837052	-0.43496857376148	-0.336161888360509	-0.431632824625745	-0.414831378932358	-0.432577784071178	2.31085533186005	2.45382662114942	-0.204097615397727	-0.432966723398745	0.0141137187245445	-0.410269100645319	-0.42870744117347	-0.427889082938985	-0.41557607688273	-0.395431444157947	3.3489127007177	-0.43496857376148	-0.338138483374346	0.311123746032581	-0.43496857376148
"C1QL1"	0.407946909461835	-0.566090056508091	-0.958148890542767	-0.337424321018792	-1.27906396255738	1.37426409626382	-0.99383309729208	-1.26916182938441	0.970524694290698	0.298933960810364	1.03537492819306	0.235125868972815	-0.21792309247516	2.61824975494475	-1.45813267085379	-0.598249358987832	0.169637799007798	1.25096380764355	-0.39571231585571	-0.674355891517196	-0.979279960871809	-0.85637769918939	0.228939225183519	1.47359398550209	0.5709062022708	0.401423686021037	-0.452131771511723
"KCNH5"	-0.44923979501863	-0.44923979501863	-0.44923979501863	-0.44923979501863	0.438254201619683	-0.44923979501863	0.87607107877394	2.95280980621307	-0.375746947482051	0.519213731589493	0.815705891461448	-0.44923979501863	3.38391710177889	-0.44923979501863	-0.44923979501863	-0.44923979501863	-0.44923979501863	-0.44923979501863	-0.372344673475896	-0.44923979501863	-0.151563880143225	-0.44923979501863	-0.44923979501863	-0.44923979501863	-0.44923979501863	-0.44923979501863	-0.44923979501863
"GALNT9"	-0.213742108666016	-0.27193433919629	-0.27193433919629	-0.27193433919629	-0.245371511270156	-0.118923165016076	-0.27193433919629	-0.188817526937791	4.94135014837046	0.408103898772494	-0.0579369549725938	-0.248489165353902	-0.195275082461748	-0.179872749715225	-0.27193433919629	-0.160733707553254	-0.142518252228316	0.209306925780182	-0.27193433919629	-0.27193433919629	-0.27193433919629	-0.27193433919629	-0.27193433919629	-0.27193433919629	-0.27193433919629	-0.27193433919629	-0.27193433919629
"ISM2"	-0.397353333410172	-0.491375206516487	-0.37204056595604	-0.453971335952172	-0.406497121138503	1.65254483975844	-0.491375206516487	-0.416510193861285	0.378652030297057	-0.377164318698459	-0.414695764910114	-0.454672236356446	-0.426455557338277	4.01737443086946	-0.39245082283786	-0.39839583417501	1.07004098878423	-0.400357722902049	-0.441509321236174	-0.491375206516487	-0.382117022332027	-0.491375206516487	-0.059852481090348	-0.0506983186831697	1.47761318276535	-0.491375206516487	-0.294607489013989
"NPFFR2"	0.285147278528571	-0.437953015910542	-0.123881592159461	1.60783523863367	-0.245819378239093	-0.437953015910542	-0.322774373906404	-0.437953015910542	-0.437953015910542	-0.327718072869259	-0.408396996464706	3.09642981860764	-0.346405540283074	-0.437953015910542	-0.177451422613019	-0.38907192117145	-0.437953015910542	-0.437953015910542	-0.437953015910542	-0.437953015910542	-0.437953015910542	-0.308659010451067	3.24552430366748	-0.210010147001248	-0.437953015910542	-0.437953015910542	-0.119311993352086
"SMTNL2"	0.0107153747552272	-0.455340982279975	-0.240334580239733	-0.436203490435971	-0.409825349883091	-0.397440057357088	-0.402124276136688	-0.331867006605313	-0.301718855474897	-0.332343716534186	-0.304588048779874	-0.293082668338654	-0.115613430311391	4.16092094189582	-0.317225404561977	0.156366532710806	0.0270928611338849	2.49652900885315	-0.287958939235464	-0.442022014333129	-0.430921964471858	-0.258587134373243	-0.211054415599226	-0.156243389962564	0.00087014090220684	-0.272658153056801	-0.455340982279975
"FGF9"	-0.166256357650534	-0.243672181491089	-0.249485588030632	-0.25773418247589	-0.25082131914004	-0.217252550409299	-0.246338868093082	-0.196635139731785	-0.224515296160727	-0.240948368937592	-0.232120472548022	-0.230279318580132	-0.179398943862557	-0.25773418247589	-0.23911611384157	-0.0545929314333026	-0.235774979822738	4.944534928828	-0.222552828964676	-0.24427088701125	-0.208051316850906	-0.169707209932748	0.54625120339769	-0.25773418247589	-0.25773418247589	-0.225423509549329	-0.18263522028012
"FZD2"	-0.326501009140053	-0.540289175322929	0.464064160346747	2.02389230765558	-1.11833285938308	-0.723402137268976	-0.830192630562551	-1.25841125811765	-0.0180169190836543	-0.718480514715561	-0.638354357077029	1.28194005090169	-0.78440293849511	0.713608877827085	-0.360387521627989	0.103334857100883	-0.78630869255397	1.11622007191628	0.523115727360101	0.492211030150506	-1.45002862191891	-0.569128888739865	0.937153572388972	2.63995186719102	0.140594059559899	0.429352706944578	-0.743201765336019
"CARNS1"	-0.46467396629159	-0.519246056382335	-0.574661993544281	-0.580797652407602	-0.575815049361048	-0.427639380850746	-0.273602803233458	-0.208374729501474	4.27359222564063	1.65590623504105	0.016920455762101	-0.594059207907058	-0.222609675642146	0.608234951385848	0.14245983961326	-0.125946321032108	-0.0872066822105862	-0.39432644812955	-0.375583480769159	-0.402388666434885	-0.261659522892719	-0.379358503304594	-0.544241836868257	0.0282372095703195	-0.500081360274035	-0.264016474262624	1.05093889428704
"P2RX6"	-0.407358795328521	0.574804272735117	1.62987253158122	-0.972839380768657	-0.981899909010348	-0.967204724476346	0.846604613769875	0.873040241274297	2.2503755128006	3.00863976267851	-0.57551250813514	-0.949954124523032	0.137817367175834	-0.58412036872462	-0.721755703519998	-0.0153698385860413	-0.611988458728659	-0.0204181157524749	-0.509255062986811	-0.343429059523786	-0.937996222431438	0.362143632529456	-0.580087418272544	-0.35248077358418	0.114339304643639	-0.229719591853575	-0.036247182982377
"MMP24"	-0.360314454925037	-0.350104921752577	1.33805032062697	-0.419212274864424	-0.0984257430570705	-0.255741855578177	-0.386031553130148	-0.344348533638237	-0.196320342390451	-0.372097726522243	0.482949795478554	-0.310017091267232	-0.417122744037792	4.5849902089494	-0.251830366692251	0.197809716943403	-0.329250872624891	-0.425232123606723	-0.375862387089677	-0.413841758896747	-0.401269996608167	-0.227380799382229	0.623966163765517	-0.339238386132134	-0.231065372305521	-0.367543502778787	-0.355513398483328
"SLC7A4"	-0.567071072524671	-0.498768368347821	1.67318870830586	-0.573408732826178	2.29461448188139	-0.573408732826178	-0.382794361276496	-0.502042722021838	-0.502062074022612	-0.541594196355845	-0.547833539149992	-0.573408732826178	1.03475384673068	-0.143040457952932	-0.537347566509683	-0.502602528979909	0.603543391149477	1.11147267347725	-0.56719946911615	-0.555726630905836	-0.0210287433329692	-0.367964482482896	3.18641433887713	-0.534831511710327	-0.324422005087241	-0.54015114833542	-0.547280363830617
"FBXO2"	-0.667546003937284	0.150512190270251	-0.839204582366423	-0.616026133265396	-0.983655078112119	-0.635136897659179	-0.706474178397655	0.199696176783157	0.519655428859086	-0.753959623062932	-0.720258189851137	-0.96059394463568	1.62148381368512	2.3733463396255	0.467706754636136	-0.930953538788988	-0.0504385491796526	1.3370930631197	-0.958141934803585	-0.9883157487407	1.33470469025199	-0.844449632902518	-0.211708180418981	0.82305714620006	0.0996878506172139	1.99881263134534	-0.0588938692713189
"INHBC"	-0.199852799095574	5.0014588219002	-0.208647054048986	-0.204601113831735	-0.207540150959812	-0.142464209754479	-0.210238299513212	-0.179544656888315	-0.200157288580155	-0.20096933322536	-0.206091272972491	-0.207153699674183	-0.210238299513212	-0.210238299513212	-0.202188899688565	-0.205945354221769	-0.208595907807127	-0.205564863470629	-0.157572788842058	-0.146605397359933	-0.0756307566900674	-0.210238299513212	-0.203016392741679	-0.210238299513212	-0.194350392205943	-0.195014953241067	-0.198760039034213
"SLC22A7"	-0.204724749009229	4.99453248580114	-0.204724749009229	-0.204724749009229	-0.204724749009229	-0.201622986971354	-0.204724749009229	-0.199856299472198	-0.204724749009229	-0.204724749009229	-0.204724749009229	-0.204724749009229	-0.204724749009229	-0.204724749009229	-0.204724749009229	-0.201643895855035	-0.204724749009229	-0.204724749009229	-0.204724749009229	-0.204724749009229	0.11040517998167	-0.202594754290421	-0.204724749009229	-0.204724749009229	-0.204724749009229	-0.204724749009229	-0.204724749009229
"BTN1A1"	-0.521240403787928	0.219285550555381	-0.338828820849707	0.985034182372092	-0.650487275456441	-0.650487275456441	-0.140510336138077	-0.21131761191437	-0.343504099712956	-0.55476719869341	-0.190750425128969	-0.39334574932434	-0.171170023229419	-0.488829005618209	3.07238221767505	0.552759162331088	-0.480760979651478	-0.520165985927837	-0.0389374374952551	-0.177277333126069	-0.499692818750458	-0.468928806738443	-0.650487275456441	0.259250791796236	-0.650487275456441	-0.272720397163951	3.32598463034679
"CCDC64"	0	0	0	0	0	0	0	0	0	0	0	0	0	0	0	0	0	0	0	0	0	0	0	0	0	0	0
"MAT1A"	0.644529964747867	4.30571707432921	-0.539163443899242	1.02920402248567	-0.51376405646844	-0.575098120366587	0.118248769257699	-0.350396944489816	-0.572450870353683	-0.567118502986752	-0.574948418149237	-0.531735132956126	1.08449881134471	-0.426922081951194	-0.359561844891383	-0.56047961213121	0.658993681448132	-0.563349959410997	-0.357727980517549	-0.327922975060364	0.0504983276073077	0.197609830288509	0.355335577454671	-0.562952495003048	-0.186863416405781	-0.36433352421351	-0.509846679708852
"CRB1"	-0.258434842942875	-0.259751538730954	1.08204747100508	-0.26676703191177	-0.255139257133008	-0.26676703191177	4.83650370769546	-0.26676703191177	-0.253327243482881	-0.248482393961358	-0.180222109459875	-0.260423119222532	-0.233561598701443	-0.26676703191177	-0.242657980611027	-0.164477446110623	-0.125313099139564	-0.252763203517189	-0.249226062529481	-0.257090694947983	-0.249254206182043	-0.16533166753883	-0.26676703191177	-0.26676703191177	-0.235279074830597	-0.198104339217703	-0.229109108969956
"DCDC2"	0.00693157529832578	0.241170561667766	2.50023671837734	-0.647102142827866	3.64620737189207	0.654875056277806	-0.155644621386904	-0.497685147000745	-0.57538992145542	-0.474483231167325	-0.542720141242981	-0.659918213182879	0.897271079744062	0.117286083371741	0.35205413788132	-0.585252955053343	-0.0304450721037143	-0.543875966116641	-0.650815548621995	-0.652412030132877	-0.65681653016458	0.288524947799315	-0.499714231539038	-0.561157302000746	-0.287404821931803	-0.0562338594201847	-0.627485796960703
"CRB2"	-0.582262438793779	0.145172428531862	-0.661497966419693	-0.661497966419693	-0.634825147058645	0.215555126561296	0.881976868252223	0.578494228327829	2.91984739333111	-0.525792057737444	-0.228789928596424	0.218580320178937	-0.609643500239765	-0.508997584365796	3.05105437690913	-0.619949408142113	-0.531934688465196	-0.600158043360375	-0.526026022573339	-0.55890050904778	-0.057909073271059	0.334392506706102	-0.601276315918717	-0.387500692571495	-0.618223429747693	-0.601746223743041	1.17185774767356
"CLDN15"	0.510278459208551	0.32604415616638	0.0980706122178559	-1.27161496009603	0.0707424899638752	-0.607908023400271	2.51882225080546	-0.352275721895617	0.464938354840324	0.577182440980495	-1.20723923353956	-1.39503964689458	0.818019099104116	1.05004733699882	-0.403406572145663	-0.478298662283431	-0.146563378872435	-0.599884865966988	-0.672049167048488	-0.593252695317301	0.417144924134279	0.559878898068167	-0.492929602805185	2.45839038030891	-1.35707097360433	-0.921924632623354	0.62989873369599
"ASIP"	-0.178360133036732	1.0389275022586	-0.515745900011308	1.31310113474874	0.201137776218122	0.861178850513665	2.25476986901238	-0.0277929521675769	-0.379962409175727	-0.758645837807726	-1.15526196914382	-1.47028526249751	-0.417444079889849	0.131003677592029	-0.17677327336974	-0.213016175406694	0.494913235794624	-0.144597469085542	-1.06379443096563	-1.0154791271642	-0.703191566412109	-1.04046247893439	0.283431410666746	0.00928171932375765	-0.530182127404828	2.83648355634772	0.366766459997003
"MEDAG"	1.74792826871645	-0.80987394782069	-0.816344239826902	-0.805371852049682	-0.520153731769176	-0.155039756677129	1.11617991711527	0.572542067740298	0.967741708318664	0.550149947628251	3.5803832337724	0.302748864691786	-0.728465820540645	-0.412375238914151	-0.534648570012901	0.903808875247832	-0.250129568701576	-0.393040576217525	0.216510728239558	-0.444777755151885	-0.300595801918883	-0.74104089593554	-0.449743552364734	-0.304701871109843	-0.71019016283653	-0.811013895760188	-0.770486373862532
"CCDC80"	1.74741322827242	-0.862086033185551	-0.470511827611609	-0.274504261506924	-0.910632460330439	-0.849551827695265	0.10922910671919	0.800299317081859	-0.73193608681724	-0.236891896174155	1.54501710267624	0.676892185580106	-0.891692009455201	-0.660798900873497	0.85969932508137	2.32465098736244	-0.568234075167212	-0.676812302471544	0.536784538166726	-0.524760035803646	-1.03185704404246	-0.904511151943085	0.104363036468437	1.97824038907853	0.509048588581812	-1.11895756554053	-0.477900326450772
"GAS1"	0.602031015576832	-0.498835981854882	1.12946145839886	-1.68095978572658	-0.44365411698904	-0.560126537704709	-0.241065565059502	-1.22023778537407	0.733741032904452	-0.744304445462461	-0.803169747573277	-1.14422526286617	-0.676711910395326	0.251218275559149	0.367265436030985	1.25058787729838	-0.538929596532863	-1.25009974577421	1.05412494481338	0.837069762220643	0.731441904996507	1.20995216259059	-0.274855721189944	0.236613510663106	-0.217272040935817	-0.833929535318438	2.7248703977044
"GFPT2"	0.569339644380515	-0.51216486399872	-0.392078403317318	-1.11994688381214	-0.562268370881536	1.58606816375243	0.104439021930473	-0.421218372777854	2.11033284602712	2.09959374420617	0.863035621591044	2.51612380845454	-0.542616338588625	-0.189421227173374	-0.343465426652777	-0.00831549714793677	0.0833973861426799	0.0372217963318471	-0.554100227877902	-0.888262306478124	-0.195460109297054	-0.828614942636897	-0.116791997888704	-0.81658685289309	-0.908898107162249	-0.657329969349465	-0.912012134883059
"CPXM1"	0.605739593967045	-1.31262886877815	1.06915603934654	-1.1162511179395	-0.49730158058134	1.95659517467065	0.511908758783605	0.0420303479693297	-0.170319364764622	-0.548648962179457	-0.579851964093448	-0.127048163219491	-0.746447652327063	1.61467264455149	-0.576345516228155	1.02803530790374	0.132833326436132	1.53636796895535	-0.316242941710128	-0.784449672995097	-0.69301788854414	-0.739202404102224	-0.129944128579447	2.30678231708695	-0.273170314967875	-1.15884899452296	-1.03440194413773
"C1R"	0.718780938517611	1.56910680238516	-1.0313333645	-2.47881879825986	-1.22742393840163	-1.28263560846546	0.931579086685607	0.256475941040569	-0.00367738410350819	0.0747240169816785	1.24047106165246	-0.0198765152914523	-0.212078153797221	0.730180620228068	1.56676315236428	0.773159530746848	-0.451020802216389	-0.208519012137667	0.335838424797015	-0.463410185473765	0.908249160548352	-0.165751621867532	-0.261764883872999	0.928305206321437	-0.60812316437379	-1.93086797793305	0.311667468425225
"RARRES2"	-0.12021430824341	2.14236306966687	0.772246282969241	-1.77550253334546	-1.25861976436741	-0.994372410383464	1.18207068150478	0.0439234508428369	-0.303219980001291	0.419689491136399	0.525473303408293	0.281670557716504	-0.661087269543395	0.871050795291233	0.048998871605713	1.23888788590853	-0.200742440998399	-0.466197265566261	-0.944759848319737	-1.29999752888476	-0.106168085825895	-0.343561056117198	0.546090508169038	2.04936263138153	-1.02796407763649	-1.20475836185276	0.585337401484976
"HSPB2.C11orf52"	0	0	0	0	0	0	0	0	0	0	0	0	0	0	0	0	0	0	0	0	0	0	0	0	0	0	0
"PCDHGA12"	-0.586666354896037	1.73594334143558	0.383032984666387	1.64874915854876	-0.757978004553202	-0.319133932147359	-0.690618592383184	2.24860146238961	2.21041613127851	-0.229553204851344	-0.716257655440325	0.866002228775625	-0.280040170933653	-0.571173565632691	0.689454989865236	1.28973802252892	-0.573265782061674	-0.750016783015487	-0.495855896285059	-0.645389932893568	-0.664560592905286	-0.76030868463984	-0.660321391068305	-0.757258780150652	-0.77633798045198	-0.797251831102399	-0.0399491840765819
"LIMS3L"	0	0	0	0	0	0	0	0	0	0	0	0	0	0	0	0	0	0	0	0	0	0	0	0	0	0	0
"AQP1"	1.21125247577284	-1.16815880272889	-1.51794639233367	-0.747038934470087	-0.362499809110884	0.589519759304117	-0.00874400582990393	0.652721602138029	0.892130647023655	0.709509740334857	3.55864921609993	-0.3470176997738	-0.732916956435437	-0.335334552022542	-0.226868755361542	1.06125751278	0.13469160523781	0.441722200973534	-0.374029683608916	-1.1216405812554	0.464610330968505	-0.21699385127294	-0.228291386109281	-0.502444459394273	-0.590342159955639	-0.933389103113184	-0.302407957856889
"HAS1"	0.361719797186332	-0.545837096458361	-0.580203360093532	-0.553842650220207	2.13746149866388	-0.501766263422251	1.69710491504008	-0.35257711191872	3.52878051252924	-0.393239721931338	0.556349018286601	0.0796183286659295	-0.535627481668676	-0.591253846433568	-0.519138216670098	0.928079725098239	-0.450456010645764	-0.449949665893329	-0.296589992435186	-0.512930877515764	-0.555846297432159	-0.573657498796771	-0.208879763823731	0.0386275126698874	-0.523437759913597	-0.591253846433568	-0.591253846433568
"GYPC"	-0.312569836258547	-0.257038845598108	-0.362000687481979	0.588795487609255	0.676465144400312	0.988673593701466	-0.232563485034192	-1.29148126914234	-0.120275338137324	-0.141404310732029	-1.50522376193179	-1.32671486472278	0.661476832450658	-1.89495668725871	0.509927495588624	-0.356776049291728	0.80110999359393	1.02842744158922	0.834958914138409	0.937993573125628	-2.31595930833409	0.470410371106823	1.43562640601974	-0.844594499984533	1.29913797396482	0.625481971726068	0.103073744893194
"ELFN1"	-0.581008174765251	0.737985292368331	-0.349937228058642	-1.11095063356963	-0.406712297540901	-0.228414419873488	-0.731225773351385	-0.768629980923672	0.91013016591601	-0.175719442093317	-0.640530193721944	-0.946601365149587	-0.669246260527938	-0.358561502786866	-0.382107238961901	-0.347422504238029	-0.0961964203627774	2.99942246408327	1.35609102689418	1.22131109694574	-0.79399488209123	1.71104045229097	0.718873137162476	-0.734665475226869	-0.488395443451105	1.12839196986703	-0.972926368833484
"SH2D3C"	0.470975303412568	-0.761727109247993	-0.772598030120007	-0.985346918821841	-0.668067807034272	-0.804600973679695	-0.236161113766605	-0.303908150147512	-0.51421160170009	-0.782012572265151	0.13561388403649	-0.456191836353388	-0.377952160726307	0.0666669766643546	1.158949486923	1.38241475770236	1.75243002158025	0.608398850106799	-0.438876055831324	-0.793357575231393	0.365299642755618	-0.734362961833064	0.573916227319	-0.430965123011554	-0.158878241957905	-0.739462446936546	3.44401552816421
"EFEMP1"	2.36226638459173	-0.606724642968289	-0.196968568352074	-1.57800781579868	-0.320347340951106	-0.609231546891964	0.836091847762893	1.15035098179136	0.0255698919542652	0.795929252315397	0.974203969438607	1.10329422345175	-1.06678790685152	-0.41340831871854	-0.295824283878693	2.16091760962541	-0.629098779039319	-0.625534845245796	0.840791931297016	-0.699677526244157	0.30754118914067	0.518543727260245	-0.762947333453489	-0.853920141618665	-0.979121570725924	-1.22357501606641	-0.214325371824713
"SERPING1"	0.488599058376225	2.03911758541804	-0.339246161286701	-0.803903991183029	-1.28063036528805	-1.24697182958809	0.153254567100186	-0.458563944784518	-0.939190004745086	-1.04707472954416	1.09261767047138	-0.343066558230967	-0.739321053227984	0.895611703458429	1.73369152940782	0.787550010193245	-0.250059828053721	1.66589491136774	1.28737428647028	0.350271582843386	-0.919234561286683	-0.419144785736807	-0.177004507878324	0.892192651082679	-0.665454392266757	-1.4685456621104	-0.28876318097814
"C1S"	1.06620597602385	2.10963903292129	-0.673930758482774	-2.48135268580868	-1.05839699004849	-1.44073145445429	0.724861523467491	0.383254452391459	0.121254807200724	0.443770824214934	0.720707616669969	0.106922737738953	0.0648142920951781	-0.391875788019955	1.34366225656246	1.30707868235436	-0.361844140410806	-0.316477221658154	0.595853937977129	-0.28846873820611	0.214386634027627	-0.0115023700444094	-0.807370890949807	0.0433379621679034	0.070190720844305	-1.97564253003163	0.491652111457477
"GPR1"	0	0	0	0	0	0	0	0	0	0	0	0	0	0	0	0	0	0	0	0	0	0	0	0	0	0	0
"CCDC184"	-0.391986070063006	-0.314434662436122	-0.648941594841615	-0.80887703004766	-0.792704720405076	2.64860526314416	-0.649434934152785	-0.777008427337075	-0.63871553487827	0.0481301176193573	0.66716504173749	-0.701799458357207	-0.117609491303973	1.32187768379448	-0.778191324890557	-0.645145366603831	-0.0994359574046916	-0.534845586178825	0.472461011820626	0.923459843779787	-0.711854639650663	-0.685975553653636	-0.0830012597151922	2.72312828872764	-0.0306946168597492	1.28173055087776	-0.675901572721373
"NNMT"	0.609608885963896	1.97808740251893	-1.74452783328602	-1.68451410921852	0.0116083847737038	-0.522658738799172	0.133821599950809	0.942739270212183	0.203667456214845	0.0215902964549002	0.962678154426197	0.296631846287693	1.5387168723612	0.748963990161928	-1.17040753383872	0.529160591055112	0.342453046728735	-0.919130381948979	-0.324925818286119	-1.13164395705044	0.000940405544782041	-0.818390120476231	0.335851770824908	1.09316304864104	-1.04716010035288	-1.52027556605211	1.13395113718833
"MGARP"	0.716950410798355	-1.1741202653211	0.537687733513195	1.70695363499228	-0.883740713196696	0.433678174531441	1.34432347913359	-0.606285393405752	0.0482489430509072	1.832065003987	-0.519619694670937	1.33878851141726	-0.113566514082259	-1.50919783127398	-0.544993483107135	0.146569119138768	0.520154444804462	-1.50919783127398	-0.612728205848098	-0.700336998473436	-0.449798767559717	-0.66530512681156	0.383507276773986	0.0794374756465056	1.7979412695352	-1.50919783127398	-0.0882168210243237
"FOXS1"	-0.156862802502283	-1.08764657492634	-0.904385491242106	-1.00579368425378	-1.00312787645389	-0.576942281564439	-0.937682797648396	-0.757343434995685	-0.366379387205223	1.05866051306436	-0.556435896050661	-0.0470702739797359	-0.0235160860809894	1.32148236430415	-0.561759891581338	2.00394035519405	2.4719238203906	-0.463453531352712	0.165042693654805	-0.201972343740506	0.0549933566726865	0.106911703571223	2.13470743301872	-0.152618675105275	-0.274918067970365	-0.966521364596432	0.726768221379562
"PRG4"	0.220675364568187	4.23119307972344	-0.431767550874212	-0.428971505282433	-0.432591687755234	-0.26232589869907	0.0206301082909749	-0.0170878835223728	-0.0509341049554951	-0.199432996808317	-0.402815743909082	-0.352176392904177	-0.421357330206874	-0.269703486757216	-0.288857173513473	0.214555691983567	-0.401483930365532	-0.294149910879627	-0.0984849282938747	-0.413198409230103	-0.215811264179121	-0.3542398282984	-0.425636220736888	2.32568883529783	-0.4245473257613	-0.424598652803957	-0.402570854127249
"C3"	1.40695364977761	2.91517375264915	-1.36346242220467	-1.58325032858202	0.651634775428792	-0.967217671531051	0.0859925987672408	0.471568946951439	-0.599566477575892	-0.00577485914480531	-0.297944502986304	0.613411844926705	-0.540916871312933	0.0448550546854882	0.0631123226387355	1.10523263175629	0.0842555850389419	-0.621889394543712	0.749679828650993	0.238060386439255	-0.0251766659575371	-0.041253970124769	-0.823729601503829	-1.23345180206543	-0.83025114365754	-1.01112000156467	1.51507433504452
"PROCR"	0.475761560490613	-0.695350077122892	-0.697933856422834	-0.901180459034349	-0.603251293258975	-0.519323002951403	0.370585922134311	-0.575991655794695	2.03170919021636	1.67156134710657	-0.398828587924092	2.63625886790307	-0.864731939080652	0.376542815393875	-0.941006363268569	-0.117589989975636	1.19085436392317	-0.753817391004014	-0.568545005002597	-0.570934264285625	0.522808195627305	-0.320021396242439	-0.515987147352585	1.45793226721641	0.111591859680706	-1.02474979487507	-0.776364166095971
"TNFRSF8"	-0.14215762257972	-0.46811248266965	-0.53041233049824	-0.653047608275932	-0.594937512680457	-0.592476483928797	-0.0886490620513376	-0.269424490701019	4.0574383870015	2.3924664412157	0.0632229772487386	-0.270945047904145	-0.494337130624587	0.0130058880188444	0.299279672618227	-0.103956059968763	-0.18474276437946	-0.238161427047622	-0.239844935025992	-0.45048094371572	-0.109200948744852	-0.465403417223025	-0.254508267750739	-0.27048314663978	-0.540308501978556	-0.497343669147356	0.633520487432745
"BDKRB1"	-0.162036000390656	-0.334395943335828	-0.353697893092183	-0.354696024453321	-0.186307599568928	-0.342034445910772	-0.277493189245931	-0.267410370411772	-0.0809913507597012	0.0226427749084382	0.369570835836439	-0.0518662963419266	-0.343467675803274	-0.32290463753351	-0.338856001656254	-0.249423989790602	-0.215123867528795	-0.234864777202739	-0.337174482148249	-0.35935169087122	0.940553890949005	-0.35935169087122	-0.072135350934444	4.80932961173695	-0.254335920284156	-0.330017873711144	-0.314160041584211
"IFFO1"	-0.800984853726596	-0.831135679779196	-0.838683254700213	-0.373091517359713	-0.70244425705324	2.93394403025464	0.513625211099104	0.15875611370723	-1.13763157086321	1.26508741848144	-0.563397793658502	0.374421332096683	0.427945265909527	2.20365496485414	0.760333409528579	-0.229433797197257	0.620249707019995	-0.36607230227307	-0.165785129824122	0.0820073934054081	-1.31799987629369	0.00759782456730073	-0.965971965255271	-0.27302243086718	0.647414641093913	-1.29515428982053	-0.134228593346184
"ADGRG3"	0	0	0	0	0	0	0	0	0	0	0	0	0	0	0	0	0	0	0	0	0	0	0	0	0	0	0
"UBAC1"	-1.28349277902471	-1.01350830027361	0.14636083223812	-1.30790992302022	-0.750936423796174	1.22018769752028	-0.483094838299669	-0.77224265291946	-0.317544916547866	-1.23926661120494	-0.681761338976955	0.136059647403363	0.697460374855244	-0.447094630672718	0.291531579193859	-0.828291551905946	0.843796332695063	1.65128989903754	-0.140975755751964	-0.240535453487637	2.6862315494692	1.27127168845847	0.862418694515541	-0.752010531084841	-0.509163932328822	1.09485997104871	-0.133638627139863
"PRAMEF9"	0	0	0	0	0	0	0	0	0	0	0	0	0	0	0	0	0	0	0	0	0	0	0	0	0	0	0
"PRAMEF25"	0	0	0	0	0	0	0	0	0	0	0	0	0	0	0	0	0	0	0	0	0	0	0	0	0	0	0
"OR52A1"	0	0	0	0	0	0	0	0	0	0	0	0	0	0	0	0	0	0	0	0	0	0	0	0	0	0	0
"PRAMEF27"	0	0	0	0	0	0	0	0	0	0	0	0	0	0	0	0	0	0	0	0	0	0	0	0	0	0	0
"OPN1MW2"	0	0	0	0	0	0	0	0	0	0	0	0	0	0	0	0	0	0	0	0	0	0	0	0	0	0	0
"NEUROG1"	-0.192450089729875	-0.192450089729875	-0.192450089729875	-0.192450089729875	-0.192450089729875	-0.192450089729875	-0.192450089729875	-0.192450089729875	-0.192450089729875	-0.192450089729875	-0.192450089729875	-0.192450089729875	-0.192450089729875	-0.192450089729875	-0.192450089729875	-0.192450089729875	5.00370233297676	-0.192450089729875	-0.192450089729875	-0.192450089729875	-0.192450089729875	-0.192450089729875	-0.192450089729875	-0.192450089729875	-0.192450089729875	-0.192450089729875	-0.192450089729875
"OR4N2"	0	0	0	0	0	0	0	0	0	0	0	0	0	0	0	0	0	0	0	0	0	0	0	0	0	0	0
"DDI1"	-0.365092797080127	-0.365092797080127	-0.365092797080127	-0.365092797080127	1.43262449550451	-0.365092797080127	-0.365092797080127	-0.365092797080127	-0.365092797080127	0.877748438023958	-0.365092797080127	-0.365092797080127	-0.365092797080127	-0.365092797080127	-0.365092797080127	0.581035611685653	0.740829125809055	-0.365092797080127	-0.365092797080127	-0.365092797080127	-0.365092797080127	-0.365092797080127	-0.365092797080127	4.39980386473961	-0.365092797080127	-0.365092797080127	-0.365092797080127
"DAO"	-0.193955330847496	5.00049301180731	-0.166891618921953	-0.200402602906267	-0.20966721851323	-0.20966721851323	-0.20966721851323	-0.168760891604037	-0.20966721851323	-0.20966721851323	-0.180739809320341	-0.20966721851323	-0.20966721851323	-0.20966721851323	-0.20966721851323	-0.140204902284992	-0.20966721851323	-0.187723928360014	-0.156045661811793	-0.20966721851323	-0.0414255510255035	-0.20966721851323	-0.20966721851323	-0.20966721851323	-0.20966721851323	-0.20966721851323	-0.20966721851323
"GDF2"	-0.200039965806467	5.00233131555987	-0.200039965806467	-0.200039965806467	-0.200039965806467	-0.200039965806467	-0.200039965806467	-0.156687773470223	-0.200039965806467	-0.200039965806467	-0.200039965806467	-0.200039965806467	-0.200039965806467	-0.200039965806467	-0.152508725994048	-0.200039965806467	-0.200039965806467	-0.200039965806467	-0.200039965806467	-0.200039965806467	-0.0922156025468465	-0.200039965806467	-0.200039965806467	-0.200039965806467	-0.200039965806467	-0.200039965806467	-0.200039965806467
"GDF5OS"	0	0	0	0	0	0	0	0	0	0	0	0	0	0	0	0	0	0	0	0	0	0	0	0	0	0	0
"DPYS"	-0.228633715091694	4.80226294916074	-0.26744206155444	-0.27143474026341	-0.273694962758762	-0.273807874500428	-0.153388752059742	-0.0751137555323205	-0.213570005704917	-0.243355255244905	-0.25711396025755	-0.27133059482196	-0.271738641223745	-0.219782763065036	-0.249914647910541	-0.258751367430725	-0.213152735431259	-0.266496062509815	-0.240189912817224	-0.27157072356737	-0.14556921924694	-0.251952976381632	-0.276827045821341	1.19969626835919	-0.270144833373893	-0.267276705057572	-0.269705905892709
"AC064829.1"	0	0	0	0	0	0	0	0	0	0	0	0	0	0	0	0	0	0	0	0	0	0	0	0	0	0	0
"C20orf141"	0.476158490378787	-0.649276035970215	3.02855809039543	-0.649276035970215	-0.158830333901448	-0.649276035970215	0.679416471619657	2.0238383072749	0.789235316680849	-0.649276035970215	1.10433606475863	1.76515536332721	-0.649276035970215	-0.649276035970215	0.395568336195234	-0.100510292357194	-0.649276035970215	0.385490761151382	-0.649276035970215	-0.649276035970215	-0.649276035970215	-0.649276035970215	-0.649276035970215	-0.649276035970215	-0.649276035970215	-0.649276035970215	-0.649276035970215
"RP5.860F19.8"	0	0	0	0	0	0	0	0	0	0	0	0	0	0	0	0	0	0	0	0	0	0	0	0	0	0	0
"CPA4"	-0.300855801902999	-0.351609247694837	-0.347878918414752	0.513375455682979	-0.22194821217221	-0.306442723463856	-0.304356298022929	-0.233606546326734	-0.250600655849444	0.183425002704804	-0.335010299591713	1.94009327208913	-0.277885170158849	-0.362023287129763	-0.340314742270687	-0.345175361445241	-0.344022155847634	-0.359090888382356	-0.180407925159602	-0.303502646446675	4.4393810415807	-0.355346091100374	-0.296485675185586	-0.272323789172917	-0.335081735199308	-0.297866337477179	-0.354440263641962
"CCL7"	-0.476059347117898	-0.654589379710755	-0.682340091701247	-0.7514164010679	-0.69246152554641	-0.00109759644602247	0.667729122936845	-0.58203694870578	0.644588475927242	-0.185545143360942	2.32415904315875	2.43278615024838	-0.642797933376415	-0.69254523198827	-0.44892772953427	0.0804833274163464	1.49990833932157	-0.607683655463277	-0.629868140883827	-0.723296264154695	1.41579775881072	-0.542549594931215	1.64921566457603	-0.238405124675787	-0.660214971595374	-0.7514164010679	-0.7514164010679
"LETM2"	-0.597263046929929	-0.235307314994331	0.405237203223834	0.797598020835045	-0.161413065752777	0.261489784494117	0.461909986891766	0.192094596799004	-0.655401310848184	1.89896540020482	-0.577817867143474	3.22014145145751	-0.91260182726184	-1.3427418327814	-1.37988053209115	0.131745159466625	0.558241362751308	1.03562934691824	-0.791153938860396	-0.960261330068414	-0.864782591502322	-0.239377979579261	-0.361621113785876	0.944444409357645	0.0484229123831997	-0.45280700343509	-0.423488879748681
"KRT9"	-0.314134677307898	-0.314134677307898	-0.264669948539501	0.987812578403297	-0.314134677307898	0.039123436003282	-0.314134677307898	0.220367203916178	-0.314134677307898	-0.314134677307898	-0.314134677307898	-0.314134677307898	-0.314134677307898	-0.314134677307898	-0.314134677307898	-0.314134677307898	-0.314134677307898	-0.0739849339441102	-0.314134677307898	-0.314134677307898	4.78939396312671	-0.314134677307898	-0.0209379929362529	-0.314134677307898	-0.314134677307898	0.291454562820454	-0.314134677307898
"ARL14EPL"	-0.436968156145259	0.106862889706781	-0.436968156145259	-0.14218273001502	-0.436968156145259	-0.436968156145259	2.04921662324645	-0.194904528447428	0.554365614989582	-0.436968156145259	-0.436968156145259	4.14697112319967	-0.436968156145259	0.745309160497111	-0.436968156145259	-0.436968156145259	-0.436968156145259	-0.436968156145259	0.135429885890905	0.464358771546616	-0.436968156145259	-0.436968156145259	-0.436968156145259	-0.436968156145259	-0.436968156145259	-0.436968156145259	-0.436968156145259
"IFNK"	-0.26381250088436	-0.26381250088436	-0.26381250088436	-0.26381250088436	-0.26381250088436	-0.26381250088436	-0.26381250088436	-0.26381250088436	-0.26381250088436	-0.26381250088436	-0.26381250088436	-0.26381250088436	0.274318769487395	-0.26381250088436	0.107806722575011	-0.26381250088436	-0.0269506232243014	-0.26381250088436	-0.26381250088436	-0.0217388382085415	4.93739877898745	0.269227708954541	-0.26381250088436	-0.26381250088436	-0.26381250088436	-0.26381250088436	-0.26381250088436
"ALPP"	-0.312792438724475	-0.312792438724475	-0.312792438724475	-0.312792438724475	-0.312792438724475	-0.312792438724475	-0.312792438724475	-0.312792438724475	-0.312792438724475	-0.312792438724475	0.706479194683928	-0.312792438724475	-0.312792438724475	-0.312792438724475	-0.312792438724475	-0.312792438724475	-0.312792438724475	-0.312792438724475	-0.312792438724475	-0.312792438724475	-0.312792438724475	3.52085344050826	-0.312792438724475	-0.312792438724475	-0.312792438724475	3.27968589419521	-0.312792438724475
"XDH"	-0.299089730543614	3.39606033481845	-0.311536610774005	-0.278624197878174	-0.233376893531397	-0.312281767627661	-0.308000681507007	-0.221230277712807	-0.28324121463166	-0.309073366247803	-0.313324970256705	0.317982168550731	-0.304842273949646	-0.314660191560315	-0.311983010658167	-0.311885829134382	-0.311277865315831	-0.314660191560315	-0.299977769567555	-0.314660191560315	3.49120868118938	-0.293462080343069	-0.299421303956874	-0.314660191560315	-0.314660191560315	-0.314660191560315	-0.314660191560315
"AQP9"	-0.472460184054785	2.92114068106745	0.761783325086182	-0.666501338211313	0.685154422330068	0.458030690132922	0.745949656753779	-1.06506691534629	0.905278659695231	0.259299766083058	0.93166623794868	0.933079705424208	-0.543959153957434	-0.718179024261274	-0.436431536554165	0.623676716162025	1.13440783103702	-1.2290963069854	-0.573983514760849	-0.991642211964458	0.796296243635321	-0.626556785319589	0.37913614665225	-0.805682652417733	-1.13361309289843	-0.999355745212287	-1.27237162006419
"IFNE"	-0.437404307128706	-0.437404307128706	-0.437404307128706	-0.36033258445867	-0.437404307128706	-0.437404307128706	-0.437404307128706	-0.388755997708449	0.75970833668248	-0.352405165871082	-0.437404307128706	2.70726726707181	-0.0977465261385569	-0.437404307128706	-0.437404307128706	-0.279731955779254	-0.316674387824152	-0.437404307128706	-0.377760890980741	-0.300792520996375	2.25640191071513	-0.437404307128706	-0.437404307128706	3.07521726810825	-0.437404307128706	-0.437404307128706	-0.200734453018507
"KRT86"	-0.224594318337093	0.360466603422504	-0.528195128167098	-0.375240209726558	-0.0528344742943205	-0.354822565864083	-0.476568613599301	-0.0794042804806737	-0.54402056561856	-0.54402056561856	1.74103893121998	0.264906730967162	0.1869143458897	-0.411437449667108	0.0794859179278098	-0.0747273569983086	4.43410217556679	-0.54402056561856	-0.296410185434561	-0.34215698151032	-0.11334998590174	-0.474140379308329	-0.54402056561856	-0.299874254461604	-0.213984101172607	-0.54402056561856	-0.0290715919774425
"OLAH"	-0.282331491479081	-0.295117777442245	-0.240527865448151	0.352633584770133	-0.233946058402219	-0.275970397976887	-0.295117777442245	-0.295117777442245	-0.148143429719311	4.91681120994608	-0.295117777442245	0.357342528877519	-0.260637556650071	-0.295117777442245	-0.270611060910033	-0.279309856501818	-0.235360586275116	-0.295117777442245	-0.295117777442245	-0.279529576673633	0.199824840870389	-0.295117777442245	-0.150839662463498	-0.175478884039663	-0.245319832495093	-0.147683749382712	-0.23997993650887
"SERPINB12"	-0.181160967224059	-0.194771123690481	-0.186441367450104	-0.194771123690481	-0.187845979142444	-0.194771123690481	-0.194771123690481	-0.194771123690481	-0.194771123690481	-0.194771123690481	-0.194771123690481	-0.194771123690481	-0.194771123690481	-0.179383045377365	-0.194771123690481	-0.194771123690481	-0.194771123690481	-0.18893268877351	-0.188506931381474	-0.194771123690481	5.0036553056241	-0.190732976156001	-0.194771123690481	-0.194771123690481	-0.194771123690481	-0.194771123690481	-0.194771123690481
"PAEP"	0.135748558210331	-0.678971782842958	-0.3858539767074	-0.47928645478493	2.69233598419051	-0.660988002726766	-0.678971782842958	-0.678971782842958	-0.436373976077874	-0.0978233874719413	-0.175606553503928	0.480593811265912	2.44987464577646	0.226657129071779	-0.671761731409853	0.27572698929294	1.56189843554364	-0.443190530521248	-0.672262768086799	-0.667816664828569	-0.511062151415308	-0.663369931902458	2.05230365436097	-0.536987761966768	-0.267483189605063	-0.548458228432056	-0.619898549742714
"SLC12A8"	0.814657993569144	-0.313160628232783	-0.284151469153518	-0.862416637315685	-0.171094232150023	-0.401201423399919	-0.0997294292960197	-0.710773897139723	3.88441194018989	0.446115177128045	-0.402491812939053	2.0343932051789	-0.116701162796484	-0.344853198648065	-0.58745925505113	0.137724081888309	-0.13922561305274	-0.723092595983576	-0.743390175167328	-0.791062910441775	-0.0483543662960789	-0.0916162330684976	0.99741180847675	0.0692794794895768	-0.434139022192805	-0.756597453381601	-0.362482170213817
"CTD.2287O16.3"	0	0	0	0	0	0	0	0	0	0	0	0	0	0	0	0	0	0	0	0	0	0	0	0	0	0	0
"CD14"	-0.545614877170103	0.601526061772541	-0.628830824270956	-2.56956699179813	0.370174248526741	-1.77901043425407	0.275785067031	0.35249081744531	-1.22460234586926	-0.404346257816919	1.57287159864309	0.369912290781854	0.936847276555233	0.219705909055387	1.58333321376879	1.05109546128203	0.53071702842053	1.08779928884068	0.893169721478833	0.147001626922244	-0.246971269778757	0.833833918657594	-0.509776974311431	-0.26742326337285	-1.12334328894154	-1.10186476782494	-0.424912233772878
"CYP2C9"	-0.198554992595058	4.97648320751297	-0.216404902827791	-0.214153744369567	-0.216404902827791	-0.210394375719829	-0.216404902827791	-0.165731675246535	-0.216404902827791	-0.21373611769147	-0.216404902827791	-0.213636082062147	-0.216404902827791	-0.216404902827791	-0.209413997345993	-0.207390108785047	-0.211970394960523	-0.216404902827791	-0.212386834460914	-0.216404902827791	0.326958658140987	-0.216404902827791	-0.216404902827791	-0.216404902827791	-0.216404902827791	-0.216404902827791	-0.216404902827791
"CD300LD"	-0.363765949601708	-0.363765949601708	-0.363765949601708	-0.363765949601708	2.76145654240589	-0.363765949601708	3.65390711314043	-0.363765949601708	0.780516679615426	-0.363765949601708	1.17073650567754	-0.363765949601708	-0.363765949601708	-0.363765949601708	-0.363765949601708	-0.363765949601708	-0.363765949601708	-0.363765949601708	-0.363765949601708	-0.363765949601708	-0.363765949601708	-0.363765949601708	-0.363765949601708	-0.363765949601708	-0.363765949601708	-0.363765949601708	-0.363765949601708
"CYP2C8"	-0.20287321528046	4.99741998816447	-0.20801047048899	-0.209453165865614	-0.189772374180553	-0.206348967288068	-0.207133284397988	-0.196519713635268	-0.208517168223419	-0.207980368360703	-0.183976170268839	-0.207197669055315	-0.209453165865614	-0.209453165865614	-0.209453165865614	-0.206951297085725	-0.198902289444143	-0.209453165865614	-0.207368645741908	-0.209453165865614	0.0477175383005481	-0.195836861051289	-0.209453165865614	-0.138547560268564	-0.209453165865614	-0.209453165865614	-0.194122978903258
"FAM153B"	-0.553855907074722	-0.553855907074722	-0.553855907074722	-0.553855907074722	0.661557438882762	1.45522854224214	-0.553855907074722	-0.19220325200511	0.94440029677072	-0.553855907074722	0.747112332436853	-0.553855907074722	0.0586597732467998	-0.553855907074722	0.224578710222523	0.123823305537868	-0.0448625698123403	-0.553855907074722	-0.553855907074722	-0.553855907074722	-0.553855907074722	4.03143580297757	-0.553855907074722	-0.553855907074722	-0.553855907074722	-0.553855907074722	0.851964132695763
"NRG4"	-0.922898835029303	1.01964104020654	-0.752172545295702	-1.52831333245034	0.438384291125801	-0.178149359985979	0.536370379294307	0.426958641098045	-0.721514279727364	0.262283403164739	0.0306078916187058	-1.13887788212065	1.01821469355409	-0.987848761537109	0.207970669666521	-0.508788394913321	1.33305626139266	-0.239477193153232	-0.479091485006148	-0.15435750098813	3.10863643501741	0.10996239502751	-1.20265303261627	1.17216614061306	-0.732106376030605	-0.828532543367963	0.710529280442722
"RIMKLB"	0.383678154959134	1.04203705549495	2.90692493447686	0.0114594837665558	0.363773443569173	0.874629360086411	-0.100919253960286	-0.623383826232259	-0.374584081816321	-0.502069568728628	-0.154923422095368	-1.40119144813003	-0.349768557658252	-0.565149461058426	0.891541081285232	1.82911800285069	-0.328296264536251	-0.252148865216671	0.660244487566449	1.37886524179317	-1.1138792670515	-0.276922084140231	-1.03255121691649	-0.771332250746347	-0.283760904578067	-1.25703524231191	-0.95435553067159
"PLG"	-0.21543018873126	4.97578122082992	-0.220549707077704	-0.220549707077704	-0.220549707077704	-0.218799614143113	-0.219103063402044	-0.167854753257708	-0.21723998711808	-0.214185822417562	-0.219051833510465	-0.194444499062359	-0.218437689360294	-0.220549707077704	-0.2185415399362	-0.201705845045227	-0.215122515885493	-0.217714039697634	-0.218484777988879	-0.218792688242703	0.332160860545087	-0.189255774521913	-0.21801247985704	-0.215906489287589	-0.218686277515259	-0.220549707077704	-0.188423667005661
"SLCO1B1"	-0.213168636057739	4.98546194813864	-0.213168636057739	-0.213168636057739	-0.213168636057739	-0.205323844538242	-0.213168636057739	-0.18829551346099	-0.205344488447019	-0.213168636057739	-0.213168636057739	-0.200868778422367	-0.213168636057739	-0.213168636057739	-0.213168636057739	-0.168599678982809	-0.207413804288462	-0.213168636057739	-0.213168636057739	-0.213168636057739	0.231979807539907	-0.204560198499358	-0.213168636057739	-0.213168636057739	-0.213168636057739	-0.213168636057739	-0.213168636057739
"METTL25"	0.21559162854647	1.42921362108125	-0.183601184666282	0.0169623038511024	1.66819248893572	-0.883873303931391	-1.05742143406274	-0.771358198903206	-0.846249184314073	1.77673194282383	0.100811463701595	-1.37787729118991	-1.08228704042109	-1.30050511300795	0.585522873721999	0.381019800017997	-1.05162937340819	-1.13821707506833	0.241284183642476	1.32299955162423	-0.196212895895747	-0.0933799647721465	-1.14222892097086	1.309666686163	0.471568411669712	0.219812424088473	1.38546360074407
