"Pt1.baseline"	"Pt2.baseline"	"Pt4.baseline"	"Pt5.baseline"	"Pt6.baseline"	"Pt7.baseline"	"Pt8.baseline"	"Pt9.baseline"	"Pt10.baseline"	"Pt12.baseline"	"Pt13.baseline"	"Pt14.baseline"	"Pt15.baseline"	"Pt19.baseline"	"Pt20.baseline"	"Pt22.baseline"	"Pt23.baseline"	"Pt25.baseline"	"Pt27A.baseline"	"Pt27B.baseline"	"Pt28.baseline"	"Pt29.baseline"	"Pt31.baseline"	"Pt32.baseline"	"Pt35.baseline"	"Pt37.baseline"	"Pt38.baseline"
"FCRL3"	0.867008439221158	0.259168820212535	0.310098681683947	0.00597540588804509	0.0305387689655446	0.114885302504113	0.0391422551293945	0.310252276425264	0.0109092315980715	0.0348276038466754	0.472249642143161	0.201697212908733	0.497030316516695	0.414123081904103	2.16366617823961	0.518402193418523	0.621393624638003	0.467356700406393	0.291022355472388	0.173486303218639	0.204381145918502	1.21614130294014	0.182261331285993	0.134141671513777	0.165668870560572	0.616002861432659	4.58397632212714
"PLA2G2D"	2.48639388153396	2.13774286011914	2.75503603867278	0.0110541753182296	0.0751164999625153	0.26967832385332	0.998939951141849	1.51211055584345	0	0.453680342381613	2.00357345444714	0.956129900790792	1.99154996276597	2.80835312771457	5.25279219483879	2.12201664861985	0.672626286909351	2.59022713587997	1.58431795297651	0.857240553349418	0.80695709557916	3.24363024099774	1.41396229090851	0.0785829205321517	0.521822648680553	2.14083099751051	6.52013619566249
"BTLA"	0.800767812878511	0.649484403521625	0.497970472289441	0.0365417347631875	0.0383247091398243	0.132234898230364	0.213572495681533	0.563713131676411	0.0714707376720017	0.0845911605611347	0.85660649690915	0.151005413475456	0.575069763244372	0.444361747121579	2.13237613453036	0.956770758425626	0.38744415888889	0.528150200491593	0.48594146834805	0.235257724735548	0.440986737276464	1.09328296819785	0	0.293458773733307	0.348825015117646	0.224758972325818	3.38870616922638
"PVRIG"	1.57001596636207	2.03254874984084	1.79608894198993	0.525454533647005	1.85232250799924	2.22525641783839	2.57080899060107	2.21826815278133	1.88503740229685	2.13105767648874	2.18507046537181	1.44089374511272	2.82181530144014	3.41088784646882	3.65890266804517	2.36507098637065	3.10847427520837	3.10579036507642	2.36168134600478	2.42306311894173	2.01574910563887	3.1797650123092	1.83039325804437	1.71757005037045	1.44532413315363	2.0159649280222	4.32914512889268
"GZMK"	3.93562003834941	3.21476206218338	2.11887962713702	0.144282665017839	0.605135867550575	1.37259555778685	2.01133461478042	3.36683484823163	0.324886047775292	1.17092492340442	4.26761444752368	2.2547799609463	3.31857643077096	2.82864985895874	6.22530289029967	3.72844843876431	2.79959402589387	4.72050010658778	3.39088225810938	2.02008966445002	1.19566571215404	4.25395902073469	1.67892374533685	1.62546221244257	1.89559345795175	3.59477544566228	5.83759765990866
"SPIB"	0.671966322204649	0.548273849919346	0.378381774856784	0.0105649578473117	0	0.0409206882608784	0.912648715338944	0.887712419040238	0.0163781467083276	0.0172101453847604	1.2359047056146	0.0971369215780369	0.670706662906018	1.05664941918324	2.54212553864346	1.21192177052147	0.185399099813267	0.70119904173205	0.578475044537041	0.242514097184922	0.543473611803832	0.453439614948785	0.339584380057535	0.188819935323365	0.353534456899986	0.17328225098279	5.97208834147497
"TTC24"	0.0326592591226114	0.0903516510794944	0.0981080362223915	0	0.0080526812813212	0.0183963163567225	0	0.301756195041837	0.0406986091664489	3.47088822299033	0.417546327322696	0.0998988888185705	0.0618912630454856	0.146613908580514	1.24660570316901	0.316148639268441	0.250874887991653	0.230969664155661	0.136718418484798	0.0705371622085877	0.0296429944933706	0.423752413280609	0	0.148438265722929	0.138122438300761	0.191993373620493	1.69666602361367
"ZNF831"	0.425610763680544	0.165448273070517	0.238500126021258	0.00413213010768275	0.0394080929955855	0.0397114266733286	0.0852949302442666	0.264633708300691	0.0461153727480257	0.0358782238939203	0.331052789714883	0.0929280642621972	0.208899888446639	0.138472951346288	1.35440984391357	0.628389602949916	0.316576748230784	0.462604678838831	0.31004282499621	0.12255034129221	0.317279174131584	0.475987063636465	0.0546947202190951	1.74355805222205	0.170683979954548	0.173527877721165	1.62707448349942
"RTP5"	0.0124059812461066	0	0.0280415526814613	0	0	0.0312783078326455	0	0.118991489363647	0	0	0.0714202116476935	0.0422850195809088	0.0935000062765751	0.0438586314902444	1.06305418745952	0.110394248608486	0.221726402035239	0.296042086366897	0.0725522292200185	0.0204487205038272	0.0420681248101183	0.276236391293804	0	0	0.197291721132182	0.0946198364960366	0.937381306590234
"GPR174"	0.890335008390321	1.02103832313291	0.913787861363332	0	0.0295203101057875	0.0971240409000778	0.475365091462535	0.536055387643308	0.0467195823107836	0.330007030295483	1.41187362876134	0.55227967482469	0.570032001184907	0.227018438548847	2.45416931153283	1.52994584978325	0.486567135979159	0.256546949649678	0.88443889343574	0.46330385703423	0.376561002208884	2.10019892034074	0	0.204120679209952	0.424879102243195	0.220487218642753	2.94016111127294
"NCR3"	0	0.0430300316866735	0.0325136276965765	0	0	0	0.0683612600478019	0.128416216251955	0	0.0636879957676776	0.0250906837178732	0.0394169370364211	0.0422951069162307	0.188638041387572	0.460402356893	0.0246752731726764	0	0.130530285183422	0	0	0	0.0420263674225262	0	0	0	0.172890696911879	0.735583696313951
"PTPRCAP"	4.07973223413814	3.75762068877862	3.0760091723467	0.677611972762741	1.0617139962201	2.65170154709752	3.43547458280299	5.25311756371308	1.09492177827529	1.67499388012003	4.21229306820403	3.2384727641365	5.46811733075873	5.56975689424052	7.93132257461933	4.8603942461241	4.8523784437561	7.04627822864253	4.36053283865776	2.81774705794415	4.8823789386384	4.8858061725891	4.58100770745031	4.28369957423635	3.55729979753581	4.86164774162364	9.18585663665752
"EOMES"	2.58113307879189	1.81729784703965	1.54231253679103	3.06882212235282	1.02278608955896	3.48027675664498	1.679588192021	1.95161949795103	0.386258037311163	0.192115241076378	2.08851308033358	0.721202894924634	1.68033786094656	1.11078149078537	4.0224743465749	1.78395737227228	0.964458519902288	1.87730843134032	1.49807722298479	0.788557511754961	0.280999059717517	2.05250284277499	1.36846665043262	0.425168158221972	1.47073988231532	2.08365589708063	3.16824729408256
"SIRPG"	1.66378863237938	1.62981121597812	1.14506829738099	0.953088267503929	1.78161989978503	0.419152682946266	0.896850748466734	1.40366584032549	0.0557462448850859	0.640643600101618	2.54664015283068	1.34844206510792	2.1054870020044	2.4171598550146	4.63778411029132	2.21548601735578	1.80396679634744	3.63129639603232	1.92909030637539	0.896983234998435	1.72877819477155	2.43852041744227	0.999009249740479	0.71733929335662	1.16673472361321	1.98732086592925	3.84565062023915
"TRAT1"	1.33495149426441	1.80694884931032	0.841643897392961	0.0163906277375483	0.281136787847909	0.119563352429397	0.587547896749358	0.824674996388147	0.0418838507265393	0.156562688486798	1.57089033290767	0.464290816972675	1.1605652776816	0.579165180329871	3.25971087917762	1.83277661894032	1.03834838108761	0.951662389320646	1.17241070627611	0.549815034482129	0.795407060183539	2.20176244347569	0	0.0557298662495234	0.515362255452754	0.378818995528174	2.12354039378783
"IL21"	0	0.0824539448218213	0.0615741024600058	0	0	0	0	0	0	0	0	0.162385237700691	0.120193328097841	0	0.505636911762774	0	0	0	0.0345199313022838	0	0.160657562811011	0.317872466221116	0	0	0	0	0.783796072086988
"PDCD1"	0.704940114698307	1.40542878192573	1.1772289600884	0.0257892169075422	0.331686301422036	0.567113645344441	0.877482381941411	1.46792111529691	0.0342581925011382	0.145729228271734	2.4586930320574	0.985834834487195	2.02847367657167	2.31142609605026	4.63258231651479	1.7653565200849	2.79091484092468	3.49704769451741	1.97731106705671	1.23154607457598	0.960986846423435	2.59079361558347	1.09069086410457	0.71342748380115	1.3961540076986	1.73265126226617	4.01606836862765
"UBASH3A"	0.781634166706738	0.463291823149906	0.383048416916814	0.0139132749282237	0.0604666384261692	0.153023669949676	0.383975182707923	0.922809436669257	0.0276039917546679	0.1322689252016	1.21216775618941	0.413503098771947	0.659277940042285	0.644077309124438	2.90273446209866	1.30293314417412	0.80434727367584	1.22790122950738	0.808675414012033	0.371501990034304	1.19171108147759	1.03323973458864	0.202847723232893	0.423505025968017	0.587777816303756	0.534992876274395	2.37939916252558
"LILRA4"	0.585555326565594	1.03656663158435	0.555910368804303	0.0923339728728007	0.0196715303602063	0.107682714431932	0.269897307358622	0.614970330102279	0.161383376358071	0.21134369481846	1.13056850364957	0.329307330825371	0.769691775343469	0.746228481332155	1.03547752153895	1.17684294277397	1.30648099008195	0.457661001499284	0.726431042489852	0.351311150070683	0.488799817996709	0.563282621557811	0.393507361419588	0	0.45938859945288	0.31173211495836	4.63012585232438
"KLRK1"	2.41006833456379	2.12193213303957	1.67434765410252	0.0938739653892082	0.5160489440091	1.94892037279593	2.02996696963528	3.07160909166108	0.10542471249921	0.580058148066718	3.04865470184035	1.46172499150271	2.32458597472999	1.799112179912	5.84334699878555	2.83726006999269	2.82687995129568	2.95539185560999	2.57581936340975	1.34057935909349	0.830920936223195	2.96312728059279	0.737800961234933	3.85486339769641	2.21864169535653	2.23603945678604	3.59306687683096
"SLAMF6"	2.05185929883525	1.37612643140314	1.55503080118221	0.136204251026328	0.630997619128603	0.37125384324458	0.943120544532385	1.30646057478556	0.150805303739003	0.348968878349821	1.99564189520705	1.03659476306865	1.42450829510102	1.0866506299483	3.92537284914184	2.77736079659366	1.73238426314031	2.19355414019379	1.73977683007604	0.791880319030371	1.01311632885007	2.36671527323656	1.09694997187459	0.623890266838721	1.13683448275949	1.71839012353672	5.25386828044172
"P2RY10"	1.46005839903718	0.835270065932564	0.932482273998766	0.0809913886600036	0.335699335269263	0.168921562729995	0.30447599616063	0.820473089012699	0.0868387831242409	0.188200237399339	2.1857444659506	0.491172240115314	0.840688407647811	0.558926861186115	2.72219166773766	2.30592384051098	0.754217080985683	0.67066633201689	1.36315986078767	0.549364090399932	0.922277023154785	1.95931761947596	0.431680719841333	0.0872186826443822	0.392336108993513	0.531211259252285	4.41997028720838
"TIGIT"	2.131790301929	1.57437282068645	1.65479754405284	0.0478960518311308	0.117971122819186	0.591559267123436	1.04988513355529	1.76169589359749	0.0580117135559342	0.160350223971407	2.86794389428282	0.960331918059592	1.82095091687759	1.19904723786325	4.77349530234493	2.8416883748622	2.45680352136826	2.7402853803545	2.3244909289851	1.37035681306554	1.3175066798419	3.05948161174173	1.30992703184903	0.935032722316496	1.51331387195665	1.6071574759294	4.60537580326534
"CD8A"	3.00017671931867	3.41836133371509	3.07413375408308	0.363465474639067	0.685081674491256	2.0163768629392	2.45893445896669	3.61600474407973	0.889259750826731	0.510640440882942	4.71407788050321	2.22474724387322	3.58444544235301	3.32638130659555	6.79153409866019	4.20430507696962	4.29679876809937	4.84165365840297	4.08265575887989	2.59319120463375	0.913702475750038	4.39777900799834	2.25644006740407	1.8524543531003	3.38372087905223	3.47038067855558	4.9010406452777
"SH2D1A"	1.76557081328816	1.62197448307073	1.06044173560669	0.0357222207698745	0.191131167306775	0.344895518281142	0.51542786069198	1.15020545796015	0.06336184121184	0.149570896750992	2.00759739030929	0.793925422649594	1.32966611986861	0.717822700130103	4.1237158523813	2.30406998866748	1.03694284479826	1.62204478904717	1.41495003324065	0.822031775714171	0.963028669357781	2.5440822457679	0.635340209874633	0.633663696866632	0.883898381311852	0.942930316918233	4.16920347352485
"XCR1"	0.820169157162474	0.452162086716552	0.191881600115769	0.0219337140327193	0.0239803860866694	0	0.0831908977795478	0.125969094255589	0	0.0353932712155863	0.713764869020405	0.0623910174829481	0.0853149202322212	0	0.38536035030769	1.17376067279771	0	0.0494747809587144	0.36463798238717	0.383214349532453	0.237921961458767	0.690990036759856	0	0.297032902197241	0	0	0.59013920978734
"DCANP1"	0	0	0	0	0	0	0	0	0	0	0	0	0	0	0	0	0	0	0	0	0	0	0	0	0	0	0
"SLAMF1"	1.31528798186519	6.06864394258414	0.575478860369152	0.0830658738679691	0.173891123944443	0.295226957751092	6.02217692074835	1.22949871282649	0.0328308244060881	0.198674557817417	1.11957530394806	0.475351082329335	0.827481272527053	0.656624502725806	3.09639680418716	2.35244780940933	1.08410985867543	0.768543868401084	0.923694201305731	1.03848534764056	1.93698273135554	6.03352651945238	0.311215942912196	0.388267801583622	0.385785523865554	0.485972886938071	4.16304781962383
"STAT4"	1.24853180016107	1.21109943806377	0.990548307912495	0.103107429828362	0.555741564818401	0.319545682038339	0.893701194562004	1.39641983037833	0.945374725825884	0.405759876498874	1.92995191929266	0.545536484102245	1.01509787551803	0.301562479695338	2.89557600940792	1.90748101794706	1.19021028001327	0.858391259156834	0.989825305296505	0.680276191182159	1.03516780525651	1.51284378806234	0.287371817160166	1.29895151646805	0.697319236745136	0.594426249687748	2.48309860378182
"GCSAM"	0.443965689348189	0.394015231130471	0.506861374471909	0.092384651336118	0.152903775289442	0.406909948503593	0.206690104559676	0.340769045243928	0.144681407332364	0.0942960063291202	0.578016542335623	0.326922130547592	0.301317811060436	0.225944288731956	1.09881366449446	0.77477904899825	0.281517846308854	0.404533683896402	0.462046558478055	0.51373429035767	1.18020197712425	0.74488312369384	0.27362211111419	0.0882896589125873	0.304906998496004	0.165033355510958	3.44381481947251
"THEMIS"	0.810816942730344	0.683750343854081	0.449088542149829	0.0379952283564931	0.10057659674943	0.0767491845291962	0.171075108216834	0.64337505732143	0.0259135226305997	0.126479058264909	1.43462555906539	0.320250130750032	0.633897540500368	0.303436505640377	2.10736481674056	1.35611281449104	0.585823532668096	0.390324853444142	0.796535460171447	0.400840645191063	0.354606182762788	1.35600291515793	0.0315384705178071	0.121896933325719	0.340384520326661	0.13822862364474	1.81431662024673
"CD3G"	1.57703720781494	1.76530135034588	1.39118205604377	0.0390267650086064	0.378185315322118	0.0702682738289137	0.627671267731602	1.56286516765616	0.101255196896355	0.222374902790303	2.46373230254621	0.501080369493335	0.889004249605714	0.457195545500226	3.33834311381032	2.76505518272631	1.29961393108321	1.25863047675483	1.91003608645283	1.14029440475642	1.02102979225146	2.4635152184634	1.241980481123	0.606144656398795	1.18150333207044	1.45458652894914	3.82673151364181
"KCNJ10"	0.523546901769346	1.36892476059633	1.4056221111786	0	0.0862970121937592	0.199089338999794	1.86105612817289	0.648672973702401	1.00407274476447	0.478505409210707	3.18943478094043	0.487936992531268	1.40929860070032	3.04488018197961	2.28439123834625	4.89311219315706	0.503682017744556	0.953242885916574	1.48884659533303	1.43834874827462	0.0846617706555464	1.03276383669042	0.72424599857258	0.0790335641324131	1.71479501111816	0.494102203025304	1.95607152548049
"IL9R"	0	0	0	0	0	0	0	0	0	0	0	0	0	0	0	0	0	0	0	0	0	0	0	0	0	0	0
"CD3E"	4.04943473605898	3.7609979824718	3.29780402827077	0.581034952533772	1.30390346334619	1.51448841200623	2.60960723436014	3.88722305296587	0.303627631758138	0.989152089682085	4.48206736468845	2.40810449715125	3.36242009141636	4.75656432820846	6.16747635426606	4.65836002984084	3.60848400836598	5.33762903740628	3.8595670874816	2.50223384165598	3.93507780738836	4.19012887614672	3.7200157350828	3.03166691119102	2.97109837649211	4.21218021004443	6.56114739251436
"SLA2"	1.07894109737	0.96523942013775	0.874503479879715	0.0723844315776287	0.234516035608705	0.182965557480307	0.661852189836924	1.23950191675828	0.092968712222931	0.262676092072839	1.44510426121192	0.67721640385773	0.865622329058866	0.925858938778773	2.96377372952542	1.6963054728172	1.53838916849661	1.52141513474625	1.504417002555	0.948559360070531	0.877859660935895	1.48152369923355	1.24025936847575	0.677548833347829	0.887994655140275	0.744969639491295	2.96058955127661
"PYHIN1"	1.6406602569026	1.07686278843678	1.08603301621481	0.321454813291525	0.584847080501015	0.299051777504335	0.753751707626681	1.06684625595214	0.191770449512651	0.360451931300774	1.41888346247529	0.739813114760606	1.23600577017311	0.890532687582588	3.64998327066957	1.94263648415342	1.33295707236286	1.55521490685919	1.76594628007042	1.00518868841318	0.853962921772493	1.76422087145663	0.298658315564515	0.333774059982941	1.20892298023982	1.13273475731557	3.23120965830877
"LY9"	1.25580585731782	1.02709529481736	0.972372836472713	0.220788077125906	0.134106505515416	0.233791141180593	0.547696591316959	1.20060478994975	0.172625377827912	0.151928807164878	0.781989954884548	0.393076767496984	1.28643467102196	1.56669096732078	3.45355247739549	1.93558043881256	1.24563864743999	1.70720891830842	1.05753761107777	0.64440131008513	1.02172702536396	1.78023029711062	1.03159281219816	0.50921140012997	0.756627945134455	1.10566466988576	4.70850179092829
"PLEK"	3.9226450526059	4.23351230941271	3.73132989362918	1.24922687229926	3.14677983978441	2.1509430445869	3.9579610166456	3.61683404650427	2.3804302410877	2.75562789559973	4.47647566059866	3.99547547373918	3.62974128747047	2.57077256718617	5.5724501250394	5.32110552425915	4.27374339088849	4.02563126857068	4.18313314191025	3.56857331799285	2.66146230892088	4.60567507425061	2.60613423079851	1.97692080804241	2.78565516687587	2.09266074664633	6.40570311115709
"CLEC9A"	0.588369486656193	0.73368406179933	0.104558079735731	0.013586531688829	0.0149084104869462	0.0347788763816424	0.0298563952403782	0.682070288873949	0.0120213824735265	0.0548313242739128	0.602661159620769	0.0556360325159736	0.320075639821372	0.103050611947854	0.589607705854353	0.864299871598729	0.0710774666846087	0.915561819553875	0.470349959880173	0.126545268984625	0.110186687847096	0.823538646238484	0.138343976642854	0	0.0915694526138518	0.0667377148154788	1.25787356254275
"CXCR3"	2.52078554819722	1.78887360366516	1.38101197631792	0.134024995980328	0.206305638856177	0.607609651652249	1.34459844263571	2.39259356939911	0.161845771074198	0.320809861510109	2.75041999282667	1.26450940836225	1.87851740579664	3.81090062166475	5.05188321945598	3.01216548491154	1.73085946795303	3.12576762995301	2.74256355710845	1.58430833067954	1.12428048557177	2.06779529860769	2.30936830114496	1.32308755565944	1.70864635281167	1.91448415893242	4.79982297585738
"KLRB1"	2.83762036491527	2.64130093507361	2.36800420272069	0.115397800420942	0.905274256778192	0.514439428800336	1.59260294391665	2.5741293684299	0.22734739184302	0.926531598927755	2.56235844582356	1.17791460391599	1.74089518833897	2.57979803776276	3.98248711695648	3.23418782375806	1.29005867029721	2.58076175509223	1.7574457491589	1.05799224245411	3.47653463365094	2.99694727587169	1.39287241010854	2.29524400553004	0.452180013666712	2.04621513715473	4.05607190516211
"CD2"	3.82495110551803	3.40317635785113	2.67383114304785	0.241960962279753	0.824219178541785	1.69481334823718	2.081547562366	3.33898056171807	0.403132446292181	0.935108177709492	4.22110759317781	2.124397620934	3.19801789137864	2.82113261329115	6.08101786580691	3.99861525009166	3.67175758740136	4.40302566198655	3.70889902543782	2.49707708330697	3.7847342932166	4.06992552994245	2.57853542648614	2.2123670049702	2.51050625941965	3.42965747037614	5.73945930015268
"ZNF80"	0.232088476586737	0.0571794186750164	0.0658025867712216	0.00783079330886861	0.00784621824511992	0.040758918206383	0	0.228549054451063	0.0546038751814212	0	0.268875698529705	0.125535522745443	0.126300498842182	0.058403089332987	0.611086429694086	0.187340828549015	0.125046259545102	0.0122569318847873	0.136553721097762	0.0631103930204775	0.115787430085827	0.378908309848067	0.119480087435052	0.034249528106692	0	0.110084968161815	1.12747480566315
"FUT7"	0.516024731309513	0.299507847958187	0.361088953943647	0.0167837605483177	0.280664183038168	0.0932798577575394	0.13606608035269	0.828685194358904	0.107729241599816	0.163386661440288	0.959154003999919	0.116496177029891	0.28327499187966	0.650918009600304	1.05747869256303	0.647782820076605	0.647810444268122	0.55010376180455	0.486788500684134	0.290578338173395	1.85593390139371	0.356005733194133	0.335771354533289	0.428442586136698	0.376517106498211	0.129232497002083	3.73520804282731
"TIMD4"	1.44226676292805	2.68513618528212	0.0198309151415243	0	0.0462704657003654	0.16943632596808	0.758026808248403	0.4640879359887	0.0358568333944799	0.130119438630846	0.713279660465565	0.821168949828029	0.368152593334046	0.321323190329366	0.440916063778679	0.293575307638369	0.251646993918391	0.512367482369824	1.03596096836593	0.18394111805485	0.158756459506857	0.343154795463011	0.0870452479014942	0	0	0	2.50503725197336
"CST7"	2.89896965462216	2.8297034567466	2.25909769564036	0.450630091630963	7.11072341275487	5.2752529404711	2.43624714026882	3.30330951259071	2.04242546536971	4.47801724034487	4.08372396639301	2.16510316006944	4.77289912228931	3.94744641657907	6.28811950834648	3.71093313738954	3.7061492460905	5.23470823711978	3.20687136178923	2.11190935253964	2.94648384062131	3.6768428367283	3.12580812339673	5.45218027729667	2.74260559190287	3.78814277096489	5.04471322569492
"FCRL6"	0.574833450749628	0.604523044284365	0.411425703359806	0.0370016939543216	0.169194492237124	0.0788846173403887	0.154897609988718	0.666383033187839	0.131834543885382	0.0698675962571597	0.604086035286702	0.610896092837619	0.766369994690294	0.436765235208026	2.67956454747524	0.649557060345151	0.233575810494761	0.522162239432844	0.596759623686028	0.331027558149362	0.0777975436283135	0.556457373909587	0.124756644435226	0.285950190929061	0.303726983957586	0.48671952090748	0.319357809481323
"WIPF1"	6.48816872187741	3.5246341699225	3.9222977677457	5.36058199889817	6.24713286321933	5.37108485594583	3.66839715035349	5.43895981075395	4.91630226843964	7.12953031489847	6.28146365400464	4.04202265403927	3.61143799093099	4.84964654644937	5.33442168193621	5.57514438975786	5.08008627025615	3.66601233281584	4.01579191595125	3.56158275569523	2.80261613865398	4.21354170192656	3.86570110751698	5.54112759907138	3.77542987087574	2.05192192652937	6.54131193845943
"TMEM155"	0.116170565388243	0.328383253565436	0.0706445936295973	0.043943858301551	0.00995293398305093	0.0539831560659185	0.0263660172286543	0.036188983631563	0.193032389566616	0.0264529210879888	0.60915970404753	0.0277495818182162	0.107760102677693	0.100621133574792	0.724746302699898	0.138899770147181	0.265122397462139	0.0468205619097414	0.195637368223513	0.0552266878199542	0.0397274267716503	0.342679326144737	0	0.0498624166775308	0.109669059206547	0.148525472823029	0.876026125760631
"TMEM244"	0	0	0.181524322309102	0	0.158465648813818	0.0851887202888727	0	0	0	0	0.229824763678865	0.260117214495	0	0	0.217902576412165	0.386874390556994	0.19526002596544	0	0	0.0769811020815482	0	0	0	0.579678342313493	0	0	0.305576023433773
"GTSF1L"	0.0805221868969309	0	0	0.0304007068358356	0	0.0546716622344215	0.172713438968423	0	0	0	0.160106604004516	0.876157001436372	0.216189117818593	0	0.648204491808786	0.0364541704962709	0.0427029544579186	0.383348740962369	0.103816659080751	0	0.298230135209471	0.136481405787102	0	0	0	0.159254578943694	1.11372049941945
"DOCK10"	3.58375373738408	3.19202052632839	3.58853475589612	1.84007443433903	2.77955390349489	3.65010393842307	3.6753191431303	2.95433219655232	3.96055341126148	3.23738015765315	3.35940169054018	2.93504573865346	2.20351284502587	1.69508070790453	3.74462935713862	3.38003535854679	3.09699043923274	1.59911304026898	3.6646591842645	3.86321989657642	1.50995421193812	2.55672491387585	1.00619747164426	1.74259696948078	3.49177615054225	2.525961106455	3.95321866966928
"SIGLEC8"	0.419647291816261	2.10685749496069	1.32499200875667	0.207940316151924	1.27713077609628	0.126753793072255	0.0653372427502061	0.151770642121393	0.0362067111704301	0.218534447386633	0.169694151767304	0.625686168833592	1.22286946231861	1.0412135391755	1.68177757320335	1.00893358340447	2.94781387821316	0.773939375498704	1.05825760887717	0.517930238454341	0.120232949616143	0.69460388188507	0.284818512155734	0.126661559899099	0.306473407291298	0.684942584128869	1.75778280899902
"IL10RA"	3.26597540568222	3.33902475907274	2.7561202124632	0.823722054804748	2.66773774519594	1.38311257979125	2.93338756865028	3.33950870280108	1.39917656374326	2.02848782150743	4.47348171881866	3.0966312517564	3.87527385169035	2.94956388000574	5.10281137808169	4.86265223382194	3.92424243739629	3.56808684342661	3.85002927361382	3.15323300757106	2.56205554876072	4.16336991447478	2.51691024818458	2.93878260325451	2.47783790586818	2.69554178691182	5.08347294488805
"IKZF1"	2.37700294092565	1.89432304019369	1.98822476862655	0.355029236008747	1.71599657335078	2.78695280988868	1.33845864540167	1.75660062008711	0.704582068690762	0.850110508774811	2.7217051301052	1.52707033551266	1.71357045327295	1.65322056246844	3.88557436437143	3.11036825502972	2.33558472577368	2.05447343170624	2.7399377284246	2.07373456002101	1.9126747717679	2.47730171174079	1.19883357136583	0.906540459126985	1.29364122163892	1.28413505026476	5.49517388208642
"CCR5"	2.76021988174653	2.44784364436209	1.95365263769896	0.427755261443015	0.679727349209826	1.29366181914652	1.82046083493494	2.23382058561406	0.916616512196545	1.01413458660695	4.09772876920105	2.01780613152758	2.24266195014181	1.7847866313365	4.4096047786123	3.45392181958935	2.87062807986948	1.90342782232582	3.03560455637475	2.38584928909332	1.38112552583192	2.94204525991605	1.49763280205675	1.25225214755871	1.61275351931159	1.64704736171027	3.38318448307007
"SLAMF7"	5.22563933711894	3.56295672490527	2.57948791920815	6.67530785050462	6.16489687301668	1.99439688678461	3.27692836736196	3.28272371961728	0.670735664196835	0.62159289621581	3.06499404929525	3.08468170139589	5.4339442447531	2.10693452559571	6.23203231857203	5.20649671236302	3.85093940614951	3.33044079981706	3.69438992740731	3.28130729724162	2.76101926524048	3.85478861217141	3.43381007933964	0.925147217520578	2.45903023127582	2.93515797610709	4.32652296713685
"WAS"	2.66023840174443	2.71365072991888	2.55114560657765	0.493442903539788	2.47379470292568	1.78004967643529	2.648266397206	2.84441879724475	1.85300158122728	1.48125243558537	4.04285004685287	2.45017265726952	3.06825290163848	3.92301127620128	4.61523088679426	4.28110473161226	3.78476569631639	4.46344263185974	3.70665210732102	2.97961657017615	2.49826618810178	2.96055155790296	3.23147695434902	2.58857672982899	2.31905427135225	2.77459521451936	6.14776866173781
"LAIR1"	3.54567189445804	3.22859399729161	2.92746130465162	1.52310523942945	3.538227739736	2.11537456046669	3.24197590641781	3.45082590205398	2.25926193988125	3.00560838193707	4.63835771309346	3.79667561761207	3.44110894643372	3.70304531252129	4.60399420386288	4.50086896094879	4.48869816201728	3.662621382588	4.16047250258916	3.53055147720985	2.06791917540952	4.18949250318054	3.92326329817695	3.41018640554273	2.57815377007565	3.07701392726932	4.84116301041455
"CMKLR1"	3.48408011280823	2.1570097449522	2.41067215916908	0.857436847246371	2.16515623500795	1.08077020963213	2.62187018956159	2.74182828907257	0.451082368226594	1.95807241378286	3.42454054298404	2.86863738417031	2.42113845212102	1.92474410755296	3.51392652021313	3.89324570309532	3.25787884120803	2.52483723646748	3.03122931915932	2.21819529295776	0.85840796967056	3.23394786453271	2.59672766553762	3.08088445218609	1.60935783548987	1.90101553674017	3.15870864133109
"C1QC"	7.21500872934454	7.71492548506282	7.44682690804738	4.68378065584001	7.8098195665024	5.97334263924402	7.31390336912453	7.40936123328698	5.0281536103302	6.46011263945383	8.72252067097555	8.30475743249773	8.6858490663385	8.74222858225741	9.65881575256097	9.26241553915933	9.29752159890574	9.89201755272396	8.6912183314411	7.70705192267911	4.63040255906207	8.73698869964395	7.07799064768406	6.88645259872287	7.70245669340734	7.16112180298374	7.66154297275462
"FCGR3A"	5.22621949944792	6.53883843518762	5.56061408455769	3.13483945713571	6.32592512986474	4.6184559833481	5.65602721817585	5.08136945602261	4.45275026441717	4.91743891633382	7.54427671945958	5.84595289362279	6.41891094657692	4.11041753551719	7.43341435220163	6.54203744916443	6.88770803302981	5.69895742007726	6.84144483888643	6.46043377959442	2.70085138237193	7.32758857066994	4.11229979187891	3.9881756777934	5.57493405777804	3.3711559668748	3.03725393769074
"SRGN"	6.08313676293869	7.33545288501239	6.29896067803621	6.2613681455919	7.13058085854061	5.26288035985808	6.89587817867424	6.26469030025608	5.37688594172952	6.00049020760052	8.47627636568869	7.69049392174717	6.54322751842687	5.39171789278531	7.8432395740965	7.75772001623973	7.06496905210714	5.91704023637502	7.24986720322664	7.08536622829996	4.93865747560015	7.13891683634224	4.66498337325674	4.70548586430495	5.56085860551511	4.55807166895887	7.97915649604846
"HAVCR2"	3.04201039280027	3.38174988845875	2.46515300427377	1.31660339222112	3.15173626035644	2.41356429673111	3.55819415026373	2.37631539131631	2.24151531184813	2.25618037698142	4.56509446014856	3.16173050871338	2.93328085956406	2.48930786201151	4.24210704221451	4.13555949452328	4.59073673813273	3.17541920944553	3.75099231521594	3.16535806277651	1.55259840180413	3.46066787192219	2.98904088623283	1.7437863768554	2.30827931862317	2.21916542205338	3.56451230979655
"FCGR1A"	1.37335588460634	2.30632057639881	1.10378631768071	0.32639468224641	2.22681368302342	1.164213462128	1.67847084529648	1.66787169352715	0.971430984859251	1.76315233351395	3.21530972268128	1.98890277851356	2.52545002329792	1.71035792341145	3.63105770550294	2.27534830585919	3.10614979288495	2.89668454201621	2.99581553192572	2.34508265021228	0.41019671933025	2.96168351649077	1.13665077016012	1.76454149088123	1.31894151235099	1.0927960350311	1.24744147114441
"FCER1G"	7.20986759358378	6.64905494076252	6.58578355125144	7.50212370553276	6.6426286555595	6.04761363622481	6.98237758920024	5.95523956007283	5.87786937623542	8.08096671827319	7.96548994485006	6.9125420898278	6.81992359556066	8.45054319554085	8.55991620781062	7.78421931572168	8.08494919647066	7.98602404086018	7.78144496116751	7.11922128123726	4.57660376336931	7.49029334133546	7.2525992088629	7.0618517859155	6.18334557286416	5.93464859318808	8.08042316371117
"TNFSF18"	0.849384832699446	0.228914713082206	0.172911428909354	0.0442256726931351	0.28202920865636	0	0.262379634396484	0.152609056781959	0	0.05426419741296	0.382931699544155	0.38279063040092	0.213662073777085	0	0.231610706672125	0.420037681134688	0.0391480820455064	0.326129447266083	0.115165317429907	0.0878687754930712	0.0747794264966133	0.55081006252363	0	0.183716438065218	0	0	0.176835923321228
"HTRA4"	0.842207311497781	0.762120858197962	0.594893417539473	0.0224960784523012	0.106532514372631	0.203501255796851	0.500829581251133	0.266678015968039	0.0422088719336524	0.133706933284444	0.740410816787316	0.956964372278413	0.583894511186016	1.13263277275049	1.45444439902667	1.10377289207882	2.65723640569271	0.495103638726393	0.337350301908585	0.292352998998221	0.182748224698048	0.254262051954979	0.636724373294762	0.0588603566422864	0.203070822278197	0.379690821845878	0.412920234136983
"C1QA"	7.51189098775539	7.62608499045298	7.46212186627983	4.5416480261304	7.36623040345829	6.21414812458854	7.13595548504967	7.63885580927779	4.21339394496932	6.38271825796003	8.44851074647661	8.09002770847768	8.82871725439339	9.30226192333524	10.2503635627633	9.00274330091327	9.10087123873596	10.2503635627633	8.18462247728853	7.08305376926205	4.69954330413328	8.80613229975098	7.45593540794937	7.62923274700571	7.64012199456463	7.83714222292423	8.08007134277669
"IL2RA"	1.68366277231705	0.989994922065593	1.29490595161691	0.166350644414098	0.961300306228272	0.299503745139219	0.893767972356667	0.977936360678371	0.313289393234351	0.553925182113926	2.06317329369916	2.44017351711988	1.76633437182612	0.413353613196036	1.44974359826768	1.98326726162587	1.15351676821311	1.3078947755125	2.06246541654846	1.34540489186578	1.54543961342196	2.32027092958544	0.949725412214353	1.40575824299507	0.35461238844021	0.576496984258769	2.99478244754365
"LCP2"	3.71560238672532	3.93792813234481	3.78908756317339	4.36004114409846	5.84844392247628	1.99820092002058	3.27680408028072	4.76737142171291	2.95172485925176	4.13783546936082	4.79972197299933	3.55079602853356	4.35479417473662	3.14461990639777	5.33654047892369	5.30683274401131	5.93305915328688	3.98100779018838	4.8269399320423	4.60762622084549	2.86811087602056	4.4937401891106	3.49916981411525	2.05273931652391	2.74246547115834	2.17805169358774	4.8275091166947
"LILRB1"	1.64737207803304	2.49810914450544	1.78973551034285	0.371606812258994	1.9903958211892	0.713151182645444	1.79477142736311	1.95881484162991	1.19581687037947	1.79953704174942	3.61085358241691	2.57644595000138	2.24106677715688	1.59101152527269	3.31484731203166	3.78383901740436	2.58513561373949	2.14394681369591	3.34849518000102	2.6815077365713	1.14862178498676	3.18616535833667	2.42992656208705	1.47928748133686	1.69542820141582	2.00714525741843	4.49357048382608
"CD86"	2.49573608956244	3.03123373103163	2.50776546892713	0.789911167610309	2.60174880431578	1.65895178100952	2.40272763332183	2.08666319689987	1.90186512135567	1.80908305967233	4.15212661891957	2.53150498111728	2.63125681106636	1.68935060455812	4.08499117073477	4.06953891772183	3.62417109705828	2.9031742396417	3.38039006499632	3.12209701668682	1.68511487472432	3.54456575353618	1.92576780944633	1.99222097276172	1.86092705273431	1.56391955524364	4.0176101809488
"DBH"	0.0365328730790946	1.59414721431759	0.261926110673331	0.0247150256003408	0.0123377308514052	0	0.0581320682353902	0.10146740831319	0.316595283232675	0.0559490885905297	0.348019342493478	0.0743819182956408	0.219488860019285	0.13092876177736	0.716895223546491	0.200724676870755	0.32161239867399	0.0589721926110082	0.138274765950779	0.0787429636216765	0.269914058826467	0.359794390770317	0.0521586346550851	0	0.162791380710271	0	0.362338588409153
"MFRP"	0	0	0	0	0	0	0	0	0	0	0	0	0	0	0	0	0	0	0	0	0	0	0	0	0	0	0
"DNTT"	0	0	0	0	0	0	0	0	0	0	0	0	0.0274847432978638	0	0.0189683194394071	0.0108735571885018	0	0	0	0	0	0.0127974128129415	0	0	0.0373386417626273	0	0.0872243864869653
"C19orf47"	2.7398783385061	2.36863426858705	2.57447333873926	2.98435966742429	2.1856810440236	3.16075726283784	3.43247308365504	2.87754795155549	2.50012387799492	2.69743801143917	2.74136019604957	3.20418924411757	3.04024456245709	4.84508854950412	3.18848321727822	2.80598680476578	3.39822448478585	4.40327454035268	3.32088176164107	3.00598646868197	4.11481259230982	2.64802589481073	3.59545591996961	3.81644611123613	3.28328174919378	3.44129091262541	3.31008559046679
"CPA5"	0.0107330130525565	0	0.068266111480171	0	0	0.0571459310772708	0	0.0552336997887066	0.0201529040616392	0.231582937343003	0	0.0183592098553255	0.0190578768795516	0.0669598159506617	0.848020550529927	0.0642074129115192	0.0300113383197482	0.130031243607956	0.0512539664388282	0	0.106973039370921	0.102781939180879	0	0.14253368468007	0.135145414304664	0	1.09823762603458
"GPHA2"	0.0345685970870393	0	0.04076144271587	0	0	0	0.253778139433388	0.119479556223489	0.0676093257943766	0	0.0411137788293998	0	0	0	0	0	0	0	0	0	0.0967530145257269	0	0	0	0	0	0
"CXCL11"	2.35346021364659	3.48087128857604	1.98185265328974	0.0395356244336829	0.360472158565401	1.05408091880853	1.53336898242241	3.72089131624756	0.330135568195304	0.256733763214128	4.00098250137006	3.86548831662303	2.26482614191133	0.716599832653666	5.20812118221871	4.60020135234525	4.28915204771545	2.10282439280642	5.22070915427347	3.92598043560185	0.59865771686826	3.07743101565498	1.86929500246706	1.63961652195944	2.42993191663665	0.936198067840949	2.89921430811328
"IFNG"	0.713806651790014	1.81919810712093	1.19386003678477	0	0.731168466908778	0.619165066434967	0.31878999663664	1.09455768403693	0	0	2.1570469448842	1.61129515737618	0.976932902160256	1.46342628302167	4.00276101899272	1.62304042247906	2.03840808605555	0.912810794013455	1.49095514002218	0.791964061982574	0.112103584290591	1.43662826729284	0.118198767762683	0.245095230476926	0.90533472405202	0.471363330973927	1.83123680182394
"GBP5"	2.48136094716526	3.64025650666249	3.07880023465197	0.159587208855285	0.687715576992809	1.76312258157202	1.61771928589214	3.10163999198388	0.512028107123206	0.720836170315829	4.47160043614777	3.1920978771714	3.28799378151054	1.72596795694377	6.44067153599163	4.08447676895554	4.29830272952387	3.46186247801178	4.9878688222349	3.61390877879666	2.18341028860204	4.46614091971348	2.21711901937757	1.52715543298793	2.86150482368643	2.27625247367853	4.30073143254
"IDO1"	2.17786359048001	2.35275993723165	4.30612003420913	0.0879070550364411	1.02528753477223	0.917601698866349	2.26804956369018	1.70435630798076	0.407755181088428	0.278352959371321	3.16941195199135	2.38319001394308	2.26178503211641	0.99690064964859	4.37689462152095	3.55205116130071	3.61261199537181	3.23746505736349	5.10179082611292	3.41260608837362	1.87139618599032	3.56774621360102	3.00929341957977	3.9698319970815	1.86160605868776	2.78203526123153	4.5692784148682
"CXCL9"	6.28150352875899	6.27061396918126	4.86584954769541	0.652320819271314	1.03255016035086	3.78160626215446	3.70666868217975	5.5975892741557	0.577635715308522	0.926886403286513	6.21654507926787	3.97205386734938	5.14018558950961	3.91399517804252	8.84493011389565	7.64529816394863	5.3326327540246	5.48933259150493	7.19700039552755	6.50423583432702	1.7300551519583	6.71769013031758	2.74709302975603	2.92193136296064	5.27364642755644	3.68376381592645	7.28613262949971
"CXCL10"	4.5355086777087	6.48078535508614	5.00276551878777	0.388066069145473	1.21180031909357	3.83245460891252	4.26250832736125	6.37438572503193	1.56856723807309	1.70823359578977	6.71088218180837	6.39273127949008	5.34600304841637	2.78540093891232	8.23361728025432	7.51745286922067	6.91062474351024	4.89128064647244	7.12918511645982	6.257052117728	1.95542626519942	6.37545306050381	4.13003302338145	2.21185948901512	5.19526490873677	3.1428986115803	5.71347037613036
"GZMB"	2.0616638876133	1.50772615019302	2.23055503474276	0.10142262865451	0.782202630676461	2.70319485276525	1.94579495674006	3.31256425687941	0.852346081189741	0.873546678642202	4.15328652099086	2.70483102851016	2.62241735353301	1.71974857703865	5.27976656474643	2.95040588978898	3.40005763439108	3.62828367215651	3.45414166826245	2.19349106066569	1.30563788964894	2.08870472161143	2.89333502648276	1.83888320958384	2.25298175004717	1.92404666270758	6.31599183212798
"FASLG"	1.03602851135559	1.157722199499	0.904204298724109	0.0114473335076835	0.091354087440117	0.226968639156901	0.359099432532006	1.19945562987653	0.10057464570903	0.415201596506892	1.70512861743076	1.01480588625233	1.08796175772743	0.530698537628686	3.63101112713624	1.64665345871749	1.42784749563405	1.21433311050303	1.27459862353507	0.741823328514206	0.391424049299785	1.73582324889854	0.387526875177293	0.311036867120787	0.513712059760218	0.277894315745503	1.13956772331347
"GZMH"	1.94919686389229	1.40048601348717	1.71957336457533	0.307510712750468	0.751903275555817	1.59325575522881	1.52610638136176	2.8328647035034	0.296449771713162	0.457632111875132	2.91396742268902	2.07865594282095	2.09009971330339	1.98870286234323	5.4240621254159	2.45179005222459	2.81772966513634	3.20964909097613	2.54191622057758	1.3793409344981	0.696404744556468	1.9091298432063	1.78442022461778	1.28073068955728	2.03381060492619	2.16936384424988	3.94513946292512
"LAG3"	1.31761376298733	1.80259029125074	1.42011046303918	0.058832101973139	0.286542311173851	1.44584321586569	1.89348259213771	2.25732447587181	0.568767618734353	0.594002419562037	3.09911001572624	2.09692467919931	3.27261970823532	3.58185254781415	5.49526663902482	2.48630377070044	3.13140510257303	5.0789577438734	3.66226817461704	2.42432957501596	1.26067667954702	2.50233696728192	2.91907306856591	1.6406995846974	2.36667191611176	3.0443993655127	4.50175758573866
"NKG7"	3.68162354764133	3.93527114789118	3.79530980032002	0.53994937749823	1.62786593969896	3.02842947275356	3.5169367145542	4.85665459858337	0.733141717256222	1.47360250496364	5.46122403696108	3.86446846421303	4.7513807006111	5.40654177214485	7.88424685016006	4.61144389283976	4.87539427729371	6.94896287740785	4.75843110776239	3.30427957874526	1.80968402396976	4.43361715297061	4.38707298009108	3.33596767450638	3.95532210392427	5.26201965409269	6.72346299750765
"CD274"	1.52683754324352	2.39027421964636	1.97683284777162	0.59322515382528	0.631253318223103	0.59514031530593	1.19111410747828	1.20795530462032	0.180653288881013	0.482903512197136	1.97797225097424	4.38906425888949	0.819427850537845	1.16610160670691	2.93558421024385	2.20268413712361	1.55567874899069	0.994948587031072	2.04431367593773	1.77121793996786	3.2238210123774	1.67540948095381	1.30914125497229	0.327791970143543	1.54626478283935	1.24938465863022	3.13888653633681
"GZMA"	3.68541880080445	3.45462074332085	3.02110301400894	0.362075951872488	1.03220948212605	2.04688215180488	2.46106356375693	4.02634416649424	0.570960259344021	2.13290581201151	4.53631716284292	3.13746089803948	3.39887637103426	2.9843241179876	6.76649578089267	4.6160635755627	3.71391572110716	4.98350213484134	4.25168879947866	2.85228055475832	1.75704031972053	4.55392260249152	1.89020541264639	3.81057677573881	2.63434931387689	3.33077923306518	4.56090444858115
"CCL5"	5.24155420879597	5.17411674780705	4.78208874605989	2.06939627460692	2.59801854523616	3.81768464748361	4.67931118873496	5.46080644192427	2.26585692081078	2.44891019916062	6.29664186231138	4.69794614105387	4.94908197706724	6.28867785419	8.86867287704402	6.07207577975997	6.54635045358919	6.96552457618026	5.67255121869425	4.34307020637105	3.93153651113003	5.60236631099956	7.41866222167908	7.16711703022744	5.36199639387133	6.76717805811926	7.53602180733962
"CXCR6"	2.17500235795731	1.86841416027561	1.29761697084818	0.142250565892577	0.191718660511717	1.30986302159808	1.05019031336459	1.67401086918431	0.290322951587282	0.59794205437103	2.61319215531879	1.49479959523964	1.83713793280652	1.1089726680405	4.75163242563818	2.17895042407836	2.50725931688664	2.7516929402129	2.04881858759806	1.39705815284187	2.09545019316928	2.83723483588434	1.10006937198792	1.52932622341444	1.54846128593895	1.9907552284039	2.78209608696002
"PRF1"	2.28621729623133	1.62311301827296	2.22361870605331	0.37985048866454	1.38716399115921	1.401922580025	1.81743702528098	2.39058927608978	0.57232605863365	1.35830060427805	2.99928117848641	2.30827203656187	2.51617025360432	2.57695016666077	5.51064392183973	2.69992469507076	3.69402211899792	4.40570991767084	2.79854412035201	1.6234946715511	1.15142698243616	2.31854534034803	3.71984055506427	1.56077852946532	2.2916801697036	2.5958712097023	4.07786677838551
"FAM26F"	3.1527610305585	4.68277553014106	3.84595163950723	0.398468583305755	1.74490378465434	3.13011871358164	3.01717186786227	4.66843119063099	1.23313952930982	2.16280942312952	5.98177960359019	4.60498754740663	5.91394732365142	2.78616871715936	7.34690371782016	4.89321414731585	5.82854146120377	6.4057430989655	5.50259315799636	4.58575276090038	2.68430484018292	6.09173156461721	3.24849384990191	2.94017990855348	4.43370060179817	3.10669839693424	6.43915268909093
"GPR25"	0.142803811336089	0.200755180539263	0.027387709535513	0.028381943297282	0	0	0	0	0	0.0867368981690085	0.0328554327962242	0	0.22426073773585	0.100603641934221	0.0920308121797227	0.214293938994828	0.129617221819242	0	0	0.105276521058217	0.263086702581153	0.123623159934154	0	0	0	0	1.6823665411875
"IL27"	0.127927533093192	1.45714247608139	0.211205370816336	0.0220191092311045	0.0200960667865309	0	0.387145789404882	0.662039568786356	0.130462741452864	0.0352769174418502	0.472102481451355	0.589758693970235	0.379582704070417	0.213617907494529	0.929586885478024	0.651084765121945	1.05444147889694	0.947250585817089	0.499449976374835	0.240088976508835	0.206863861941726	0.368652705395176	0.351065161102533	0	0.343233835577414	0.318993556062071	0.268217583759712
"TBX21"	0.797401519053165	0.405006635069662	0.680478296120408	0.0159276875885717	0.21609162346576	0.207392505698525	0.424433047237346	1.01782572512174	0.100548272766119	0.111866297631553	0.682849675063065	0.756547249361426	0.809804186794794	0.680654270902075	3.10719489218612	1.12106514820852	0.936926213665726	1.410373670726	1.02571630347152	0.600627527965836	0.396682864402729	0.82001757581962	0.592801927231721	0.278677074774088	0.579274779637936	0.6229078671859	2.67917379339015
"CD7"	2.57084055681684	2.44810143431737	1.96039679406689	0.202601396855626	0.633394474059316	1.41243740492024	2.45333056326458	3.25213025889512	0.213923187070373	0.31832956881404	3.72996599744693	1.61730083403685	2.96649045529764	4.35910997748207	5.55467633159698	3.18614713013692	3.72667320930085	5.20159269672931	3.26939227894041	2.08308228557652	3.38957369483333	3.28665718747656	3.83390207666916	3.34673851900912	2.23929415889519	3.4523371285805	5.81988017869973
"KLRC3"	0.28594545772032	0.127112230776929	0.179557419592103	0	0.458061719707209	1.28356623896515	1.54220603750599	2.9432799862269	0	0.0687338132778502	1.07835706768482	0.490028376331853	0.230585467491509	0.556104665219763	2.1936314088572	0.616354403168636	0.236166846319601	0.419648370385312	0.714455229062556	0.258103392823828	0.0506913510563158	0.491510912608766	0.135386849668169	3.33975168253903	1.08897602855964	0.33679067023122	1.37591243220577
"KLRC2"	0.234716513164841	0.173029032565177	0.12476835453391	0	0.209123925647521	1.56309954261255	0.322494674230524	0.400973404742618	0.0232236233076963	0.348762141247655	0.485494323109316	1.63194939120779	0.111736991679796	0.439571013439844	2.69245844424047	0.310854861479851	0.709130474448235	0.22775832401149	0.23058054911096	0.260823465552188	0.0389397025142337	0.63567639310599	0.12140590389525	3.67003584538242	1.00785568835683	0.209931169483024	0.671720908535437
"KLRC4"	0.837158525255166	1.05444981448063	1.07792452843012	0.0305026938462236	0.158708641331091	1.45112141463231	1.25351131323953	1.06543444594863	0	0.594270015641717	1.60908592978062	0.5333899153813	0.361199028118992	0.459822929382095	3.06703373877517	1.37876129886643	1.3744246775365	0.182904555092186	1.05748839695451	0.399208288890213	0.107265375637314	1.61142972821814	0.277377795337327	2.35982193480608	0.497634845684668	0.379373653393278	0.957380498372862
"KLRC4.KLRK1"	0	0	0	0	0	0	0	0	0	0	0	0	0	0	0	0	0	0	0	0	0	0	0	0	0	0	0
"KLRD1"	0.745061745135817	0.679456227983178	0.805047238523223	0.0419628182063584	0.583804995076532	0.476579218270501	0.330516523980517	1.17582795830055	0.235673149207196	0.278439793757563	0.7941866805887	0.533229920056181	0.655110901324571	0.240215398281803	3.57228943092956	0.984977176315544	0.864179011655157	1.14957805012324	1.41910197190837	0.687773794836503	0.0268848837780536	1.05725478026005	0.921150658047194	0.725272613466871	1.11825339720458	1.25300898946754	1.68040087842051
"XCL2"	1.38920884683143	2.34249358892997	0.724721422562898	0.188081204669944	0.0914148208303041	0.807479812822379	0.275111966960364	1.90955807568326	0.101954919095519	0.21112685669875	1.50968317554731	0.195777822688424	1.66634303577009	1.00190310168301	4.77472645196111	1.51179945166393	0.949318652617423	3.05884290529433	0.887205502892077	0.309721607067028	0.241128725961478	2.32459173487693	0.484619722721763	0.624570717817932	0.901760108903573	1.96385879136575	2.91949454647721
"GZMM"	1.83391017030728	1.96278590529019	0.911089838185989	0.0252077201172586	0.44404628822882	0.986125098582847	1.59346851266745	3.35172231038744	2.163838434087	0.883226660387342	3.15432801571239	0.99848870699217	2.48834275960249	3.0517122870391	5.19968608472371	2.30806521067439	2.3667782086799	4.23557007014851	1.78797984921828	0.969398816937198	2.04156191016685	2.2453465786579	3.2188989340011	1.67410807021809	1.96161592033447	2.17605463625659	4.09466678685015
"CD3D"	3.58314596631863	3.58062188112738	3.20752354314592	0.270791444144681	0.744060318725456	2.13605190152068	2.36293411357612	4.14496000472086	0.289696974804335	1.19203946977544	4.41686338138509	2.031054598169	3.69214818460113	3.95068769459631	6.95036926045304	4.53313969679986	3.78649704250921	5.39815880100238	3.74194690604002	2.50169899794841	4.63853438316474	4.70611332072331	2.84909654234074	2.43845787367684	2.64422547243903	3.62784026504398	6.24318160164447
"CCL3"	4.01806438936036	5.22680135485177	4.2613126644642	1.72872378478119	1.9604709345031	3.62758349336083	4.32088898033178	3.43299347050688	3.06791745497122	3.22278369930161	3.44050577027874	5.47336644303998	3.92970579667676	3.80762282626058	5.57035514990843	4.83232801296253	4.89956961034607	5.1517167802393	3.95919982562403	3.21964094993428	2.51376233073637	3.98676587648564	4.83267232796429	1.99612477057444	2.51973814203937	3.12502780476608	4.60010320588014
"CD37"	4.19624113098814	4.64012344099798	3.79237125008681	1.79918472615673	4.01192941978291	2.0890930139372	3.1541278801478	3.98927981770747	2.38921160074684	2.36707187111978	4.96308334114708	3.8312895069373	3.93745268438455	6.4884724305736	5.60101452147071	5.78329163078377	5.14905811892193	4.57818698785677	4.72853006855792	4.05454028719709	3.3033833131343	3.65851998652567	4.89990066360117	4.33072331101241	3.69532574408157	4.2687637384108	9.48938437754481
"S1PR4"	1.75942431631324	1.42556940945552	1.35909380852712	0.202421608461528	0.865688439914462	0.507543494280223	1.60451497908496	2.2989134037201	0.851732253594271	0.732042518996858	1.87777761801984	1.16386258045936	2.41143031346991	2.34038565981115	4.0729204101033	2.14753464612773	2.4878104562622	3.33290481407028	1.76389168467589	0.672438015001683	2.69499047955589	1.62913509838032	2.26519082474593	1.73926053838003	1.41964675253143	1.9188479756265	5.27039438423679
"MARCH4"	0	0	0	0	0	0	0	0	0	0	0	0	0	0	0	0	0	0	0	0	0	0	0	0	0	0	0
"BIRC2"	4.57521247627476	4.12727421196657	2.81749126022474	3.57863082481508	4.13301682223576	3.7515440590891	4.21445512604353	4.54715982964799	4.73522970946956	4.46707728027715	4.93039199545313	9.20763544852778	4.50118115675456	2.74246439325371	4.22210127671172	4.68554214736753	4.43535522944568	6.59531418095442	4.39372851261237	4.49442521126423	4.33331996472506	4.35985847200125	1.94213161253256	4.28429202639431	3.12446048627434	3.74862223909102	4.57830475382731
"DDX10"	3.33063727285214	2.69834184671647	2.2366885360755	3.01064021634809	3.10489936888207	2.59605852830182	3.16331596860074	2.87648747845045	3.00813366583577	2.71519600922263	3.1061271741947	4.49565679256487	2.90561180121268	1.99626399674618	2.68542552907074	2.80981879494907	3.32173981089873	3.07518517878167	3.43980263222521	3.40007266739001	3.3848206964252	3.35036004309054	2.67366496122698	3.65020161445094	2.98411900797709	3.18334676397759	4.09223281360752
"RTTN"	1.32376491856106	2.90223665735895	2.40080567767986	2.08531247249348	3.33416921977074	2.05931893287376	1.47361808953609	1.3748197078047	1.82980897713492	2.08923372291102	1.16763731846748	1.3736259409065	1.53735322700231	0.780525122279577	1.54230758351024	2.24496010512446	2.47242538330122	5.19494394949673	1.90853625260547	2.25335246469116	1.05255500943411	3.73731360236802	1.00967681155615	1.31444711359891	2.50909279858503	2.55818925121118	1.5721087044715
"RCL1"	2.89765284184791	4.53556155404406	4.1912112510276	2.86739439781938	2.52069504610925	3.02782197510172	3.43148389806772	2.50426189852579	3.06708796480115	2.48794805106808	2.17074229708691	5.86796933801461	3.06786153960961	2.78413331554538	2.81891598775837	2.69567317858455	2.73699985776655	3.38953101926619	3.48603469200352	3.42728971053881	3.69760703721467	2.66434174972365	2.79247224827207	1.73427823733326	3.50630996161955	3.82339271787938	3.48692027377546
"C6orf203"	3.21372054536698	3.62060400418656	2.57371504179034	3.19501129778433	3.89529777355957	3.57843156796879	2.93799214109225	3.1765150659668	3.58610418243912	3.00851736609622	3.47811758023564	3.20070051198416	2.87778252502399	2.81601800604005	3.16101696680267	3.08432623986492	2.86477845678835	3.29897130538238	3.3503501412666	3.43323656511572	3.73109632961453	3.30437669553082	3.06875506572204	3.00466318073754	3.61205755956306	2.88463894491032	3.29721049582477
"UTS2"	0.323609297354364	0.29659366770449	0.211320641739083	0.305009765948407	0.0631169524948546	0.160945996448309	0	0.303586135578686	0	0.075527154734507	0.282328418125383	0.246813505114995	0.0774556269395094	0	0.270104293992488	0.0654744972762277	0.402281225352974	0.100343260517806	0.103565316375468	0.264583869514913	0.814792800476382	0.351788870872024	3.82657899329524	0	0.175221818926615	1.17071986769959	0.395492801175289
"PQBP1"	5.04998138016184	6.27465676393107	5.91554360700616	5.66418129924368	5.77777475629295	6.38721518236209	5.9546813932078	5.90969751185226	4.7773802611466	5.59771738368546	5.48554114334182	6.49422758054579	5.62651944643289	6.83268751643953	6.2231773172758	5.601752963494	6.04818713283874	7.81021171937215	5.68769200929384	5.77830715368623	6.26317622630509	4.9366685591438	6.23226357729104	5.23197377832812	6.03294936741188	6.54840733892255	5.71740773464806
"SSX7"	0	0	0	0.0289084992198083	0	0	0.0405417237269658	0	0	0	0.016873311104714	0.0119801770452882	0	0	0	0	0	0	0	0	0	0	0	0	0	0	0
"AL133475.1"	0	0	0	0	0	0	0	0	0	0	0	0	0	0	0	0	0	0	0	0	0	0	0	0	0	0	0
"C2orf80"	0	0	0	0	0	0	0.0438628999478484	0	0	0	0	0.0277591061543271	0.211998995855441	0.154851477949389	0.0688487378129767	0	0	0	0	0	0	0	0	0.257775828336363	0	0	0
"MOK"	5.97650798967257	5.05482677564346	2.25725959743359	6.49449481563731	5.03858762507918	3.3420227389349	4.83163913633725	6.36678817320667	4.18665109463758	5.7181889856334	4.60921716023835	2.53461197326353	4.64316641667627	5.27104650047504	5.25072855643636	2.9790531192497	2.51176656681411	4.60132807119749	4.93441270684228	5.313238594752	2.40246433481693	4.16172647839428	2.19429511812742	5.06541290325146	5.06478802506118	5.88865802388917	3.24808999731374
"FAM78A"	2.47776409386791	2.61969236631598	2.65029468780669	0.933707082110219	3.40039993794754	1.14015040688456	3.17471799933938	2.54125834304911	1.32967759964478	2.44427347860012	2.85312537777718	1.78155066124945	2.13011047436047	2.79571708418886	3.84290845470395	3.70690623423156	3.67996982893582	4.57594760598017	3.78940583446024	3.59941301795098	1.85943489686972	4.25479054092003	2.01085501445181	1.6172561606576	3.5529795028921	1.710274156653	4.70026769424613
"CEACAM21"	1.11726615943332	0.919904082155129	0.867564012943224	0.282474203902505	0.917704800881448	0.0750958203556054	0.551750275056655	0.76707294221322	0.464145979596144	0.478337656200762	1.09019831172885	0.874185141354483	1.07482531475644	0.584686919649516	2.64948325385893	1.79075952889123	1.07249687050343	1.41686946004392	1.12370592133253	0.847343538373864	0.963962707938353	0.552530530663054	0.0961085332591858	0.991881516980805	0.727083993413371	0.563241125699734	2.70139380085249
"NCF4"	3.25283495098321	2.47744549348809	2.43462422477788	0.698739443808532	2.79684171250419	1.9536004939349	2.80209496554693	3.37093425652483	1.73913953954472	1.86385125193471	3.90301416070289	3.27786352607743	3.9203075936842	3.37376234188371	4.89016941176254	4.41572486985975	4.51367075541114	4.47931788094114	3.18826323213033	2.4731569747416	3.49728662080255	3.27805613662825	2.88542793998838	3.89231330287487	2.68414547237453	2.51625473555042	5.57678815941885
"TSHZ2"	1.1256874661103	0.861662826579843	0.181409826387896	0.0599031761528191	0.394633767090974	0.161283397067064	0.345473021852082	0.453252588890468	1.35661993372466	0.63153411583301	0.736971076396945	0.353005919813543	0.200102537497848	0.211260826626085	0.374799680703911	1.75274645090845	0.498240143029253	0.310354663835631	0.754697695130509	0.405367782531408	0.424447022137364	0.21703648226536	1.4638996703807	4.701881692315	0.418695140141135	0.657993890790559	1.7901339420262
"FGD2"	2.04837919233826	2.10826683953363	1.70740772730592	0.477983446888145	1.62535700171837	0.788074262523381	1.72976157362263	1.79962614323803	0.449182064327573	0.929602033946184	2.43307294825115	2.04866865028922	2.45099213532737	2.02892271059601	3.39320063133944	3.43929467097439	3.02916219718419	2.24566298383639	2.53517084549516	1.99680450089617	2.58695925092224	2.87639022940166	1.21598294365104	0.848182841933531	1.44030376947681	1.24442434854527	4.82297992157606
"BIN2"	2.46978310897163	2.48125889483643	2.21881061023957	0.46404453248597	2.09435769708748	0.883582109314113	1.82295647527837	2.14537095182838	1.05220928320148	1.19591763373181	2.8837175791714	2.00037505195599	2.46151677270054	1.59475395177127	4.09767399741968	3.60798122926484	2.9996627306143	2.39115730444537	2.73144068751968	2.17794329818104	2.0756626903381	2.91345624588635	1.43165504895881	1.53865238281203	1.72159577322309	1.28765550161897	4.61533978154449
"EBI3"	1.31346354588161	2.56593709519504	1.63495563907805	0.0783382108569863	2.07216412466578	0.0877734794523349	1.01538837831179	2.52005005434848	2.26770507634037	1.00166318966933	1.62189011137621	2.02610598264928	2.8876900015135	1.59713543655463	4.16627357203004	3.45509110866792	1.74481123846316	4.31849400353202	3.32910636997928	2.6318365058654	3.09336072702621	3.55800429980864	0.871330336178886	1.03298241669943	1.69063163995702	2.21075977767244	4.29691987668713
"TSPY4"	0	0	0	0.245411690778685	0	0	0	0	0	0	0	0	0	0	0	0	0	0	0.0443131862683911	0.136762312742533	0	0	0.496919399051068	0	0.0377613145576579	0	0
"TSPY2"	0	0	0	0.927000225769665	0	0	0	0	0	0	0	0	0	0	0	0	0	0	0.630387763876381	1.02463173286732	0	0	0	0	0	0	0
"OR5H6"	0	0	0	0	0	0	0	0	0	0	0	0	0	0	0	0	0	0	0	0	0	0	0	0	0	0	0
"OR5H14"	0	0	0	0	0	0	0	0	0	0	0	0	0	0	0	0	0	0	0	0	0	0	0	0	0	0	0
"CT47A1"	0	0	0	0	0	0	0	0	0	0	0	0	0	0	0	0	0	0	0	0	0	0	0	0	0	0	0
"TNP1"	0	0	0	0	0	0	0.26754658453339	0	1.22007297128829	1.30220790138285	0	0	0	0	0	0	0	0	0	0	0	0	0	0	0	0	0
