"Pt20.baseline"	"Pt29.baseline"	"Pt38.baseline"	"Pt13.baseline"	"Pt22.baseline"	"Pt23.baseline"	"Pt25.baseline"	"Pt27A.baseline"
"FCRL3"	2.16366617823961	1.21614130294014	4.58397632212714	0.472249642143161	0.518402193418523	0.621393624638003	0.467356700406393	0.291022355472388
"PLA2G2D"	5.25279219483879	3.24363024099774	6.52013619566249	2.00357345444714	2.12201664861985	0.672626286909351	2.59022713587997	1.58431795297651
"BTLA"	2.13237613453036	1.09328296819785	3.38870616922638	0.85660649690915	0.956770758425626	0.38744415888889	0.528150200491593	0.48594146834805
"PVRIG"	3.65890266804517	3.1797650123092	4.32914512889268	2.18507046537181	2.36507098637065	3.10847427520837	3.10579036507642	2.36168134600478
"GZMK"	6.22530289029967	4.25395902073469	5.83759765990866	4.26761444752368	3.72844843876431	2.79959402589387	4.72050010658778	3.39088225810938
"SPIB"	2.54212553864346	0.453439614948785	5.97208834147497	1.2359047056146	1.21192177052147	0.185399099813267	0.70119904173205	0.578475044537041
"TTC24"	1.24660570316901	0.423752413280609	1.69666602361367	0.417546327322696	0.316148639268441	0.250874887991653	0.230969664155661	0.136718418484798
"ZNF831"	1.35440984391357	0.475987063636465	1.62707448349942	0.331052789714883	0.628389602949916	0.316576748230784	0.462604678838831	0.31004282499621
"RTP5"	1.06305418745952	0.276236391293804	0.937381306590234	0.0714202116476935	0.110394248608486	0.221726402035239	0.296042086366897	0.0725522292200185
"GPR174"	2.45416931153283	2.10019892034074	2.94016111127294	1.41187362876134	1.52994584978325	0.486567135979159	0.256546949649678	0.88443889343574
"NCR3"	0.460402356893	0.0420263674225262	0.735583696313951	0.0250906837178732	0.0246752731726764	0	0.130530285183422	0
"PTPRCAP"	7.93132257461933	4.8858061725891	9.18585663665752	4.21229306820403	4.8603942461241	4.8523784437561	7.04627822864253	4.36053283865776
"EOMES"	4.0224743465749	2.05250284277499	3.16824729408256	2.08851308033358	1.78395737227228	0.964458519902288	1.87730843134032	1.49807722298479
"SIRPG"	4.63778411029132	2.43852041744227	3.84565062023915	2.54664015283068	2.21548601735578	1.80396679634744	3.63129639603232	1.92909030637539
"TRAT1"	3.25971087917762	2.20176244347569	2.12354039378783	1.57089033290767	1.83277661894032	1.03834838108761	0.951662389320646	1.17241070627611
"PDCD1"	4.63258231651479	2.59079361558347	4.01606836862765	2.4586930320574	1.7653565200849	2.79091484092468	3.49704769451741	1.97731106705671
"UBASH3A"	2.90273446209866	1.03323973458864	2.37939916252558	1.21216775618941	1.30293314417412	0.80434727367584	1.22790122950738	0.808675414012033
"LILRA4"	1.03547752153895	0.563282621557811	4.63012585232438	1.13056850364957	1.17684294277397	1.30648099008195	0.457661001499284	0.726431042489852
"KLRK1"	5.84334699878555	2.96312728059279	3.59306687683096	3.04865470184035	2.83726006999269	2.82687995129568	2.95539185560999	2.57581936340975
"SLAMF6"	3.92537284914184	2.36671527323656	5.25386828044172	1.99564189520705	2.77736079659366	1.73238426314031	2.19355414019379	1.73977683007604
"P2RY10"	2.72219166773766	1.95931761947596	4.41997028720838	2.1857444659506	2.30592384051098	0.754217080985683	0.67066633201689	1.36315986078767
"TIGIT"	4.77349530234493	3.05948161174173	4.60537580326534	2.86794389428282	2.8416883748622	2.45680352136826	2.7402853803545	2.3244909289851
"CD8A"	6.79153409866019	4.39777900799834	4.9010406452777	4.71407788050321	4.20430507696962	4.29679876809937	4.84165365840297	4.08265575887989
"SH2D1A"	4.1237158523813	2.5440822457679	4.16920347352485	2.00759739030929	2.30406998866748	1.03694284479826	1.62204478904717	1.41495003324065
"XCR1"	0.38536035030769	0.690990036759856	0.59013920978734	0.713764869020405	1.17376067279771	0	0.0494747809587144	0.36463798238717
"DCANP1"	0	0	0	0	0	0	0	0
"SLAMF1"	3.09639680418716	6.03352651945238	4.16304781962383	1.11957530394806	2.35244780940933	1.08410985867543	0.768543868401084	0.923694201305731
"STAT4"	2.89557600940792	1.51284378806234	2.48309860378182	1.92995191929266	1.90748101794706	1.19021028001327	0.858391259156834	0.989825305296505
"GCSAM"	1.09881366449446	0.74488312369384	3.44381481947251	0.578016542335623	0.77477904899825	0.281517846308854	0.404533683896402	0.462046558478055
"THEMIS"	2.10736481674056	1.35600291515793	1.81431662024673	1.43462555906539	1.35611281449104	0.585823532668096	0.390324853444142	0.796535460171447
"CD3G"	3.33834311381032	2.4635152184634	3.82673151364181	2.46373230254621	2.76505518272631	1.29961393108321	1.25863047675483	1.91003608645283
"KCNJ10"	2.28439123834625	1.03276383669042	1.95607152548049	3.18943478094043	4.89311219315706	0.503682017744556	0.953242885916574	1.48884659533303
"IL9R"	0	0	0	0	0	0	0	0
"CD3E"	6.16747635426606	4.19012887614672	6.56114739251436	4.48206736468845	4.65836002984084	3.60848400836598	5.33762903740628	3.8595670874816
"SLA2"	2.96377372952542	1.48152369923355	2.96058955127661	1.44510426121192	1.6963054728172	1.53838916849661	1.52141513474625	1.504417002555
"PYHIN1"	3.64998327066957	1.76422087145663	3.23120965830877	1.41888346247529	1.94263648415342	1.33295707236286	1.55521490685919	1.76594628007042
"LY9"	3.45355247739549	1.78023029711062	4.70850179092829	0.781989954884548	1.93558043881256	1.24563864743999	1.70720891830842	1.05753761107777
"PLEK"	5.5724501250394	4.60567507425061	6.40570311115709	4.47647566059866	5.32110552425915	4.27374339088849	4.02563126857068	4.18313314191025
"CLEC9A"	0.589607705854353	0.823538646238484	1.25787356254275	0.602661159620769	0.864299871598729	0.0710774666846087	0.915561819553875	0.470349959880173
"CXCR3"	5.05188321945598	2.06779529860769	4.79982297585738	2.75041999282667	3.01216548491154	1.73085946795303	3.12576762995301	2.74256355710845
"KLRB1"	3.98248711695648	2.99694727587169	4.05607190516211	2.56235844582356	3.23418782375806	1.29005867029721	2.58076175509223	1.7574457491589
"CD2"	6.08101786580691	4.06992552994245	5.73945930015268	4.22110759317781	3.99861525009166	3.67175758740136	4.40302566198655	3.70889902543782
"ZNF80"	0.611086429694086	0.378908309848067	1.12747480566315	0.268875698529705	0.187340828549015	0.125046259545102	0.0122569318847873	0.136553721097762
"FUT7"	1.05747869256303	0.356005733194133	3.73520804282731	0.959154003999919	0.647782820076605	0.647810444268122	0.55010376180455	0.486788500684134
"TIMD4"	0.440916063778679	0.343154795463011	2.50503725197336	0.713279660465565	0.293575307638369	0.251646993918391	0.512367482369824	1.03596096836593
"CST7"	6.28811950834648	3.6768428367283	5.04471322569492	4.08372396639301	3.71093313738954	3.7061492460905	5.23470823711978	3.20687136178923
"FCRL6"	2.67956454747524	0.556457373909587	0.319357809481323	0.604086035286702	0.649557060345151	0.233575810494761	0.522162239432844	0.596759623686028
"WIPF1"	5.33442168193621	4.21354170192656	6.54131193845943	6.28146365400464	5.57514438975786	5.08008627025615	3.66601233281584	4.01579191595125
"TMEM155"	0.724746302699898	0.342679326144737	0.876026125760631	0.60915970404753	0.138899770147181	0.265122397462139	0.0468205619097414	0.195637368223513
"TMEM244"	0.217902576412165	0	0.305576023433773	0.229824763678865	0.386874390556994	0.19526002596544	0	0
"DOCK10"	3.74462935713862	2.55672491387585	3.95321866966928	3.35940169054018	3.38003535854679	3.09699043923274	1.59911304026898	3.6646591842645
"SIGLEC8"	1.68177757320335	0.69460388188507	1.75778280899902	0.169694151767304	1.00893358340447	2.94781387821316	0.773939375498704	1.05825760887717
"IL10RA"	5.10281137808169	4.16336991447478	5.08347294488805	4.47348171881866	4.86265223382194	3.92424243739629	3.56808684342661	3.85002927361382
"IKZF1"	3.88557436437143	2.47730171174079	5.49517388208642	2.7217051301052	3.11036825502972	2.33558472577368	2.05447343170624	2.7399377284246
"CCR5"	4.4096047786123	2.94204525991605	3.38318448307007	4.09772876920105	3.45392181958935	2.87062807986948	1.90342782232582	3.03560455637475
"SLAMF7"	6.23203231857203	3.85478861217141	4.32652296713685	3.06499404929525	5.20649671236302	3.85093940614951	3.33044079981706	3.69438992740731
"LAIR1"	4.60399420386288	4.18949250318054	4.84116301041455	4.63835771309346	4.50086896094879	4.48869816201728	3.662621382588	4.16047250258916
"CMKLR1"	3.51392652021313	3.23394786453271	3.15870864133109	3.42454054298404	3.89324570309532	3.25787884120803	2.52483723646748	3.03122931915932
"C1QC"	9.65881575256097	8.73698869964395	7.66154297275462	8.72252067097555	9.26241553915933	9.29752159890574	9.89201755272396	8.6912183314411
"FCGR3A"	7.43341435220163	7.32758857066994	3.03725393769074	7.54427671945958	6.54203744916443	6.88770803302981	5.69895742007726	6.84144483888643
"SRGN"	7.8432395740965	7.13891683634224	7.97915649604846	8.47627636568869	7.75772001623973	7.06496905210714	5.91704023637502	7.24986720322664
"HAVCR2"	4.24210704221451	3.46066787192219	3.56451230979655	4.56509446014856	4.13555949452328	4.59073673813273	3.17541920944553	3.75099231521594
"FCGR1A"	3.63105770550294	2.96168351649077	1.24744147114441	3.21530972268128	2.27534830585919	3.10614979288495	2.89668454201621	2.99581553192572
"FCER1G"	8.55991620781062	7.49029334133546	8.08042316371117	7.96548994485006	7.78421931572168	8.08494919647066	7.98602404086018	7.78144496116751
"TNFSF18"	0.231610706672125	0.55081006252363	0.176835923321228	0.382931699544155	0.420037681134688	0.0391480820455064	0.326129447266083	0.115165317429907
"HTRA4"	1.45444439902667	0.254262051954979	0.412920234136983	0.740410816787316	1.10377289207882	2.65723640569271	0.495103638726393	0.337350301908585
"C1QA"	10.2503635627633	8.80613229975098	8.08007134277669	8.44851074647661	9.00274330091327	9.10087123873596	10.2503635627633	8.18462247728853
"IL2RA"	1.44974359826768	2.32027092958544	2.99478244754365	2.06317329369916	1.98326726162587	1.15351676821311	1.3078947755125	2.06246541654846
"LCP2"	5.33654047892369	4.4937401891106	4.8275091166947	4.79972197299933	5.30683274401131	5.93305915328688	3.98100779018838	4.8269399320423
"LILRB1"	3.31484731203166	3.18616535833667	4.49357048382608	3.61085358241691	3.78383901740436	2.58513561373949	2.14394681369591	3.34849518000102
"CD86"	4.08499117073477	3.54456575353618	4.0176101809488	4.15212661891957	4.06953891772183	3.62417109705828	2.9031742396417	3.38039006499632
"CXCL11"	5.20812118221871	3.07743101565498	2.89921430811328	4.00098250137006	4.60020135234525	4.28915204771545	2.10282439280642	5.22070915427347
"IFNG"	4.00276101899272	1.43662826729284	1.83123680182394	2.1570469448842	1.62304042247906	2.03840808605555	0.912810794013455	1.49095514002218
"GBP5"	6.44067153599163	4.46614091971348	4.30073143254	4.47160043614777	4.08447676895554	4.29830272952387	3.46186247801178	4.9878688222349
"IDO1"	4.37689462152095	3.56774621360102	4.5692784148682	3.16941195199135	3.55205116130071	3.61261199537181	3.23746505736349	5.10179082611292
"CXCL9"	8.84493011389565	6.71769013031758	7.28613262949971	6.21654507926787	7.64529816394863	5.3326327540246	5.48933259150493	7.19700039552755
"CXCL10"	8.23361728025432	6.37545306050381	5.71347037613036	6.71088218180837	7.51745286922067	6.91062474351024	4.89128064647244	7.12918511645982
"GZMB"	5.27976656474643	2.08870472161143	6.31599183212798	4.15328652099086	2.95040588978898	3.40005763439108	3.62828367215651	3.45414166826245
"FASLG"	3.63101112713624	1.73582324889854	1.13956772331347	1.70512861743076	1.64665345871749	1.42784749563405	1.21433311050303	1.27459862353507
"GZMH"	5.4240621254159	1.9091298432063	3.94513946292512	2.91396742268902	2.45179005222459	2.81772966513634	3.20964909097613	2.54191622057758
"LAG3"	5.49526663902482	2.50233696728192	4.50175758573866	3.09911001572624	2.48630377070044	3.13140510257303	5.0789577438734	3.66226817461704
"NKG7"	7.88424685016006	4.43361715297061	6.72346299750765	5.46122403696108	4.61144389283976	4.87539427729371	6.94896287740785	4.75843110776239
"CD274"	2.93558421024385	1.67540948095381	3.13888653633681	1.97797225097424	2.20268413712361	1.55567874899069	0.994948587031072	2.04431367593773
"GZMA"	6.76649578089267	4.55392260249152	4.56090444858115	4.53631716284292	4.6160635755627	3.71391572110716	4.98350213484134	4.25168879947866
"CCL5"	8.86867287704402	5.60236631099956	7.53602180733962	6.29664186231138	6.07207577975997	6.54635045358919	6.96552457618026	5.67255121869425
"CXCR6"	4.75163242563818	2.83723483588434	2.78209608696002	2.61319215531879	2.17895042407836	2.50725931688664	2.7516929402129	2.04881858759806
"PRF1"	5.51064392183973	2.31854534034803	4.07786677838551	2.99928117848641	2.69992469507076	3.69402211899792	4.40570991767084	2.79854412035201
"FAM26F"	7.34690371782016	6.09173156461721	6.43915268909093	5.98177960359019	4.89321414731585	5.82854146120377	6.4057430989655	5.50259315799636
"GPR25"	0.0920308121797227	0.123623159934154	1.6823665411875	0.0328554327962242	0.214293938994828	0.129617221819242	0	0
"IL27"	0.929586885478024	0.368652705395176	0.268217583759712	0.472102481451355	0.651084765121945	1.05444147889694	0.947250585817089	0.499449976374835
"TBX21"	3.10719489218612	0.82001757581962	2.67917379339015	0.682849675063065	1.12106514820852	0.936926213665726	1.410373670726	1.02571630347152
"CD7"	5.55467633159698	3.28665718747656	5.81988017869973	3.72996599744693	3.18614713013692	3.72667320930085	5.20159269672931	3.26939227894041
