"Pt1.baseline"	"Pt2.baseline"	"Pt4.baseline"	"Pt5.baseline"	"Pt6.baseline"	"Pt7.baseline"	"Pt8.baseline"	"Pt9.baseline"	"Pt10.baseline"	"Pt12.baseline"	"Pt13.baseline"	"Pt14.baseline"	"Pt15.baseline"	"Pt19.baseline"	"Pt20.baseline"	"Pt22.baseline"	"Pt23.baseline"	"Pt25.baseline"	"Pt27A.baseline"	"Pt27B.baseline"	"Pt28.baseline"	"Pt29.baseline"	"Pt31.baseline"	"Pt32.baseline"	"Pt35.baseline"	"Pt37.baseline"	"Pt38.baseline"
"C20orf85"	-0.223780389490103	-0.223780389490103	-0.223780389490103	-0.223780389490103	-0.223780389490103	-0.223780389490103	-0.223780389490103	-0.223780389490103	-0.105599862812706	-0.223780389490103	-0.223780389490103	-0.223780389490103	-0.223780389490103	-0.223780389490103	0.525485917318385	-0.223780389490103	-0.223780389490103	-0.223780389490103	-0.223780389490103	-0.223780389490103	-0.223780389490103	4.95084329325679	-0.223780389490103	-0.223780389490103	-0.223780389490103	-0.223780389490103	-0.223780389490103
"DRC7"	0	0	0	0	0	0	0	0	0	0	0	0	0	0	0	0	0	0	0	0	0	0	0	0	0	0	0
"DNAI2"	-0.473189558897905	-0.473189558897905	-0.199152168066235	-0.473189558897905	-0.244268906870829	-0.473189558897905	-0.473189558897905	-0.473189558897905	-0.249042734322423	-0.473189558897905	0.361357585324042	-0.473189558897905	0.126279520706609	-0.473189558897905	-0.473189558897905	0.582421864881895	-0.473189558897905	0.295410882010592	-0.146619677009848	-0.473189558897905	1.98680781671216	4.0978899603572	-0.473189558897905	-0.473189558897905	-0.473189558897905	-0.473189558897905	0.959948798643319
"TMEM190"	-0.403431538332943	0.150984982600455	-0.403431538332943	-0.403431538332943	0.543469428971942	-0.403431538332943	-0.403431538332943	-0.403431538332943	0.897285842037962	0.0375084306790998	-0.0989929193572035	-0.403431538332943	-0.403431538332943	-0.403431538332943	-0.403431538332943	-0.403431538332943	0.0927318456624794	-0.403431538332943	-0.403431538332943	-0.403431538332943	-0.403431538332943	4.34594036906369	-0.403431538332943	1.69627124866749	-0.403431538332943	-0.403431538332943	-0.403431538332943
"FAM216B"	-0.271844896613354	-0.380836223148631	0.143483339861591	-0.380836223148631	1.56015587078625	-0.357153539176072	-0.344821534038581	-0.380836223148631	-0.306634394391514	-0.33164152688215	-0.380836223148631	-0.334768598459955	0.615647375574735	-0.380836223148631	-0.380836223148631	-0.268258476128151	-0.247194095060991	-0.380836223148631	-0.380836223148631	-0.380836223148631	-0.315602442040814	0.773791703857706	-0.287531246872919	-0.302597489052732	-0.380836223148631	-0.380836223148631	4.46416840327189
"VWA3B"	-0.579344313006056	1.28314844460603	-0.543285650048749	-0.741884663264984	-0.571128403207414	-0.741884663264984	-0.292717515422417	-0.037094959639709	3.28886596897724	-0.506230965955374	0.51926524886785	-0.477893856579471	0.330804188353407	0.22164582638232	-0.0371995527108805	0.208595885237375	-0.28280653499063	-0.741884663264984	-0.196613836472648	-0.741884663264984	-0.741884663264984	2.40015490236729	-0.741884663264984	1.11544232562346	-0.741884663264984	-0.741884663264984	0.0914701037382563
"BMP15"	-0.276872339238737	-0.276872339238737	-0.276872339238737	-0.276872339238737	3.71371481236419	-0.276872339238737	-0.276872339238737	-0.276872339238737	3.20809366860423	-0.276872339238737	-0.276872339238737	-0.276872339238737	-0.276872339238737	-0.276872339238737	-0.276872339238737	-0.276872339238737	-0.276872339238737	-0.276872339238737	-0.276872339238737	-0.276872339238737	-0.276872339238737	-0.276872339238737	-0.276872339238737	-0.276872339238737	-0.276872339238737	-0.276872339238737	-0.276872339238737
"DTHD1"	0.00244117866534953	0.55691172970147	-0.294441456128893	-0.725432040202816	-0.668876174245174	-0.722426648175002	-0.751113287270056	-0.49279214190462	-0.729172198031178	-0.657729606963249	1.80620993909277	-0.689840527320467	0.0517870130200942	-0.571910573267015	3.54071810549263	0.616091478321279	-0.0387296537810827	-0.377431400502085	0.184493709729173	-0.423377059776652	-0.660369661013198	1.52753864997677	-0.637523463207386	-0.647217860847606	-0.344189238393682	0.0144409853526184	1.131940201678
"CH507.396I9.6"	0	0	0	0	0	0	0	0	0	0	0	0	0	0	0	0	0	0	0	0	0	0	0	0	0	0	0
"GRIN3B"	-0.520526663589527	-0.496004002593232	-0.758665097798549	-0.426214160389278	-0.891043057814198	-0.708028624388283	0.136460387544068	-0.0886783478927013	3.32562907137459	-0.348853874038402	-0.178312744926484	-0.464500281547409	-0.891043057814198	0.248953650360473	-0.891043057814198	-0.76273182042145	-0.219727266980583	-0.891043057814198	-0.140542884291669	0.17370293332492	1.92849802087738	0.247644309834086	0.395437236374414	1.42880488184046	-0.891043057814198	0.265717127093464	1.4171534393047
"TEX26"	0.416696099799226	1.74143943351698	-0.604393851046567	-0.604393851046567	-0.604393851046567	0.304721270677849	-0.604393851046567	3.12973241427725	-0.604393851046567	-0.604393851046567	0.0935468825636978	0.255315303631288	1.78403986624201	-0.604393851046567	-0.604393851046567	0.161917972279636	-0.604393851046567	-0.604393851046567	-0.604393851046567	-0.604393851046567	0.662987902896099	1.72429832190761	-0.604393851046567	-0.604393851046567	-0.604393851046567	-0.604393851046567	-0.604393851046567
"AZU1"	-0.987215629290304	-0.229396145466356	-0.987215629290304	-0.987215629290304	-0.987215629290304	-0.987215629290304	0.527592911609419	-0.718057410059817	-0.625674362005579	-0.664742538310483	-0.154386960904021	-0.536768773823386	0.815967595529205	0.845997532228267	0.183265028572883	0.874508426062142	2.79687801651799	1.14884252547364	-0.16993857147831	-0.0847423897550433	-0.351796485385941	-0.086649535566649	0.636086038619338	2.25654338205407	-0.987215629290304	0.446981121120757	-0.987215629290304
"GLT6D1"	-0.309092829039936	-0.309092829039936	-0.309092829039936	-0.309092829039936	1.39686100825871	-0.309092829039936	-0.309092829039936	4.35742556374537	-0.309092829039936	-0.309092829039936	-0.309092829039936	-0.309092829039936	-0.309092829039936	-0.309092829039936	-0.309092829039936	-0.309092829039936	1.66394132495438	-0.309092829039936	-0.309092829039936	-0.309092829039936	-0.309092829039936	-0.309092829039936	-0.309092829039936	-0.309092829039936	-0.309092829039936	-0.309092829039936	-0.309092829039936
"OR2AP1"	0	0	0	0	0	0	0	0	0	0	0	0	0	0	0	0	0	0	0	0	0	0	0	0	0	0	0
"PRG3"	-0.276481615730629	3.7728771872501	-0.276481615730629	-0.276481615730629	-0.276481615730629	-0.276481615730629	-0.276481615730629	-0.276481615730629	-0.276481615730629	-0.276481615730629	-0.276481615730629	-0.276481615730629	-0.276481615730629	-0.276481615730629	-0.276481615730629	3.13916320601563	-0.276481615730629	-0.276481615730629	-0.276481615730629	-0.276481615730629	-0.276481615730629	-0.276481615730629	-0.276481615730629	-0.276481615730629	-0.276481615730629	-0.276481615730629	-0.276481615730629
"OR5F1"	-0.192450089729875	-0.192450089729875	-0.192450089729875	-0.192450089729875	-0.192450089729875	-0.192450089729875	-0.192450089729875	-0.192450089729875	-0.192450089729875	-0.192450089729875	-0.192450089729875	-0.192450089729875	-0.192450089729875	-0.192450089729875	5.00370233297676	-0.192450089729875	-0.192450089729875	-0.192450089729875	-0.192450089729875	-0.192450089729875	-0.192450089729875	-0.192450089729875	-0.192450089729875	-0.192450089729875	-0.192450089729875	-0.192450089729875	-0.192450089729875
"OR10K2"	0	0	0	0	0	0	0	0	0	0	0	0	0	0	0	0	0	0	0	0	0	0	0	0	0	0	0
"OR8H2"	0	0	0	0	0	0	0	0	0	0	0	0	0	0	0	0	0	0	0	0	0	0	0	0	0	0	0
"KIR3DX1"	-0.431223021008764	-0.463104546524558	-0.11014894230971	-0.414291017247593	-0.470084495457125	-0.429099857778714	-0.611924878729175	0.0970414037127925	-0.611924878729175	-0.228089668459896	0.6017883607638	-0.417765909715685	-0.522811959335283	-0.611924878729175	3.88436284278725	1.54693801835621	-0.475062659998584	-0.506104921919647	0.328208415911616	-0.540885475478296	-0.611924878729175	-0.51709844841902	0.128528435759172	0.0799671547305174	-0.361782415333289	-0.275981642357166	1.94439986423868
"SCGB1A1"	-0.240063635876242	-0.146250051935308	-0.240063635876242	-0.154868710315283	-0.240063635876242	-0.240063635876242	-0.240063635876242	-0.240063635876242	-0.240063635876242	-0.240063635876242	-0.240063635876242	-0.240063635876242	-0.240063635876242	-0.240063635876242	0.815348178460065	-0.240063635876242	-0.240063635876242	-0.132264891085094	-0.240063635876242	-0.240063635876242	-0.240063635876242	4.89943546415295	-0.240063635876242	-0.240063635876242	-0.240063635876242	-0.240063635876242	-0.240063635876242
"GSX1"	-0.192450089729875	-0.192450089729875	-0.192450089729875	5.00370233297676	-0.192450089729875	-0.192450089729875	-0.192450089729875	-0.192450089729875	-0.192450089729875	-0.192450089729875	-0.192450089729875	-0.192450089729875	-0.192450089729875	-0.192450089729875	-0.192450089729875	-0.192450089729875	-0.192450089729875	-0.192450089729875	-0.192450089729875	-0.192450089729875	-0.192450089729875	-0.192450089729875	-0.192450089729875	-0.192450089729875	-0.192450089729875	-0.192450089729875	-0.192450089729875
"PCSK5"	1.82514144734488	-0.74964461911224	-0.830813087675981	-0.872018176308787	-0.109990172906649	-1.1000108953268	0.141041332044913	0.209811075279119	2.17660310938022	-0.379919368110307	-0.258821854165285	2.50003818569889	-0.607743195893766	-0.461572476778848	-0.664683837152135	1.87836225668464	-0.358119523027682	-0.700303335855317	0.407442528704319	-0.735327939675128	0.324946235160868	-0.208309210999719	-0.29022096160069	0.268095339375229	-0.853846171909147	-1.01930119011919	0.469164506944589
"GYPB"	-0.446137297610718	-0.446137297610718	-0.446137297610718	-0.446137297610718	-0.446137297610718	-0.446137297610718	-0.446137297610718	2.03380192704521	-0.446137297610718	-0.446137297610718	0.757643330399755	-0.446137297610718	-0.446137297610718	-0.446137297610718	1.38098950511765	0.841783774977347	0.594213008861705	-0.446137297610718	-0.446137297610718	-0.446137297610718	-0.446137297610718	-0.446137297610718	-0.446137297610718	3.76045170342341	-0.446137297610718	-0.446137297610718	-0.446137297610718
"PRTN3"	-0.422034184033127	0.841856717431306	-0.422034184033127	0.417898146445064	-0.422034184033127	-0.422034184033127	-0.422034184033127	0.449074892477735	-0.422034184033127	-0.422034184033127	-0.422034184033127	-0.422034184033127	-0.422034184033127	-0.422034184033127	-0.422034184033127	0.880287397880552	0.852162852901349	-0.422034184033127	-0.422034184033127	-0.422034184033127	-0.422034184033127	0.58207216429755	4.41733150922898	-0.422034184033127	-0.422034184033127	-0.422034184033127	-0.422034184033127
"CNTN5"	-0.562305705382143	-0.562305705382143	-0.562305705382143	1.03092057510804	0.767582353561191	-0.562305705382143	-0.562305705382143	-0.562305705382143	3.32167505547607	-0.297646386398892	1.64085098287896	-0.562305705382143	-0.40758558976081	-0.562305705382143	-0.562305705382143	-0.140910251164543	1.85614574926148	-0.0746020420993439	-0.562305705382143	-0.562305705382143	-0.562305705382143	-0.0540716773633348	-0.562305705382143	1.35453251661549	-0.562305705382143	-0.562305705382143	-0.562305705382143
"TNR"	-0.384558639752627	-0.403494475648736	-0.403494475648736	-0.390235120095052	-0.370891599676255	-0.390821185045505	-0.403494475648736	-0.352875333923871	2.34265293272022	-0.207623430768403	-0.373096163094104	-0.371209362610039	0.257059708990214	-0.382796060986897	-0.385385842768224	-0.175630780834085	-0.392101783178804	-0.403494475648736	-0.395342645073128	-0.403494475648736	-0.362956333798941	-0.403494475648736	3.73256176649768	1.85661640123589	-0.34182410750307	-0.403494475648736	-0.0870810907938359
"CCDC173"	-0.207866516334109	-0.277956735419585	-0.463456335990105	-0.690557231429904	-0.625028809042681	-0.291043857703307	1.58329735881414	-0.272078265661134	1.70725287196384	0.387868116113406	0.45046279477972	-0.394539972629079	-0.558765962660382	-0.237303951765239	-0.804977547464248	-0.320870543751375	-0.47416223954022	-0.621087452117834	0.193365058246972	0.454768458091603	-0.502830541545328	0.0219938947770811	-0.552490574392499	3.93383865155843	-0.465550926974845	-0.558919832776782	-0.41335990714654
"CTD.3088G3.8"	0	0	0	0	0	0	0	0	0	0	0	0	0	0	0	0	0	0	0	0	0	0	0	0	0	0	0
"OR4D11"	0	0	0	0	0	0	0	0	0	0	0	0	0	0	0	0	0	0	0	0	0	0	0	0	0	0	0
"BHLHA9"	-0.228218867471883	-0.228218867471883	-0.228218867471883	-0.228218867471883	0.800700252963439	-0.228218867471883	-0.228218867471883	-0.228218867471883	-0.228218867471883	-0.228218867471883	-0.228218867471883	-0.228218867471883	-0.228218867471883	-0.228218867471883	4.90477143383365	-0.228218867471883	-0.228218867471883	-0.228218867471883	-0.228218867471883	-0.228218867471883	-0.228218867471883	-0.228218867471883	-0.228218867471883	-0.228218867471883	-0.228218867471883	-0.228218867471883	-0.228218867471883
"OR6N1"	0	0	0	0	0	0	0	0	0	0	0	0	0	0	0	0	0	0	0	0	0	0	0	0	0	0	0
"ATG5"	0.484710609323988	1.0126999949425	-0.403370312422483	0.335653335343052	1.26411376474114	0.106410045915398	0.194946441494522	0.199241945968959	-0.017667521421176	-0.104846627165344	1.13207872324869	1.54709437195837	-0.706564240040118	-1.88701056400955	0.235289762669355	0.454238437446067	-0.49865566256155	-2.18863834784238	0.638522127109181	0.761370290338927	0.479864288075873	0.382391785462345	-1.0527081448374	-0.543677190323481	0.526100474031111	-2.57592677408075	0.224338986634768
"HCCS"	-0.112358762619205	0.159725139429064	0.0545475588504083	1.40796117033044	2.30874385750998	0.000803308682534047	-1.16944081390499	0.165903511347598	-0.644308164243595	0.635609802143819	-0.299562995160096	2.63904035732699	-0.495136211535236	-0.538914952401285	-0.596448845388742	-0.249370983769645	-0.744397049087709	-0.857741938354274	-0.708239679073847	-0.485995356135034	0.548399287842232	0.384071646467383	0.712104594206485	-2.32532416665902	0.0157854240875251	0.183565930073807	0.0109783300344252
"RREB1"	-0.236186070844142	0.0864892008343787	-0.44161298327231	0.501632741873844	1.51515237795917	-0.266900775395628	-0.612999947188107	-1.38679025381705	-1.36299852789217	-0.926681284309363	-0.76184796866252	-0.887540663949866	-1.32944324410185	1.6276397282004	0.263711372054735	0.157904938004727	-0.481867730818528	1.5496434040294	0.468541484210631	0.958756222322637	2.30192004946833	-0.356927994135059	-0.133484732366025	-0.857476656205288	1.17002511622961	0.333772091282553	-0.892429893512523
"PGAM4"	-0.216731403337122	-0.205384856049271	0.0707083242235143	-0.381050420564073	-0.397711454921121	0.0336594268061348	-0.575541514996646	-0.37768499974978	-0.397134426739265	-0.0396412681891645	-0.17436258844008	1.05047603075937	-0.575541514996646	-0.575541514996646	-0.575541514996646	-0.371755091326082	-0.0868670414884325	2.70432654386622	-0.575541514996646	-0.125754509818556	-0.107823446524692	-0.575541514996646	0.541373412156484	-0.575541514996646	-0.575541514996646	-0.575541514996646	3.66123140430573
"ARPC2"	0.790775336147538	-1.50955696025384	-0.631357879898651	-0.102407517512036	-1.07229219447967	0.54504026159082	-0.401292212657331	-0.823377973404045	1.27517080032487	-0.0747738152563894	0.680945095050817	-0.331857234198462	-0.405655976200611	-0.823150609502653	0.672327783345649	0.844479160267433	0.440196028150898	-0.939605083844048	-0.164452437856608	-0.972850808372354	2.80645563333853	-0.715671138880253	0.631326600360441	0.151848362377692	0.0769952944315529	-1.60469227058739	1.65743375751809
"ARHGAP31"	1.56485755178759	-0.723013935205073	-0.323762895777256	-0.172833472571415	-0.683938771271528	-1.34499059403671	0.0128746880857822	0.431971048127787	1.36325411140684	0.599203134690113	0.26415513302819	-0.693028167905536	0.16422953856344	-1.31138423998246	-0.547261246238286	1.32698080408434	-0.0904767126108055	-1.66686209324335	0.734930858371909	1.48136679426111	-1.61991284136662	-0.310670403745328	-0.147356680402372	-1.30195847318074	1.55110051032776	1.19592749213018	0.246598862672422
"SLA"	-0.00398893178688784	-0.139435011608423	-0.302947720795519	-2.15614306602834	-0.0982035025599128	-1.48393925413515	-0.628126913729204	-0.818168135215484	-0.41302919487521	-1.07473931466984	1.43621866088795	-0.217955455414737	-0.3344942290017	-0.895466990297959	2.12876084373502	1.16712006833562	1.37049719621484	0.608235501038696	0.305219203126004	-0.179741154317072	0.166076601290122	0.61647083370484	-0.362213940072186	-0.0974566762547951	-0.460202097197705	-0.258415538557153	2.12606821818418
"TAS2R40"	-0.479979348919422	-0.479979348919422	1.39673953805348	-0.479979348919422	1.10831129192695	-0.479979348919422	-0.479979348919422	-0.479979348919422	-0.479979348919422	3.16716586079957	-0.479979348919422	-0.479979348919422	-0.479979348919422	-0.479979348919422	-0.479979348919422	-0.479979348919422	1.06665779201256	-0.479979348919422	0.884861477862623	-0.479979348919422	2.45583036665268	-0.479979348919422	-0.479979348919422	-0.479979348919422	-0.479979348919422	-0.479979348919422	-0.479979348919422
"CLEC4A"	0.118939395692708	0.991491736629909	-0.250614210819605	-1.83901735033937	-0.240031455770835	-0.79755598676328	-1.28424343903022	0.0474154053317306	-1.30895467582782	-0.366455134918797	1.17228686436139	0.630724200380636	0.644374679511556	0.219938599137761	1.45744566286948	1.70845601487445	0.970954655411987	-0.954645721675621	0.271982625897491	0.00913217910658868	0.189453810361435	1.41437876272966	-1.35186111547761	-0.285224942220221	-1.12856556897039	-1.23205530096823	1.1922503104852
"RAB5C"	-0.597006812119185	-0.571936756003952	0.882934506435802	0.153668129996051	1.71580227789395	1.14830042938918	-0.346531331048756	-0.585203846758257	-0.737852528316104	-1.13437286665796	-0.0716200323436239	0.346820979501549	-0.445729244150249	2.22774309525215	-1.10941415029606	0.241752419516266	-0.142348270541184	-0.474726072047092	0.14313820219294	-0.370538534191423	-0.508034448687875	-1.1904926396716	1.75132557408219	-1.20700624972543	1.60913841123693	0.61685792623642	-1.34466816917466
"SIGLEC7"	-0.804421927609114	0.716407213613813	0.926824413396607	-1.15138046337535	0.29560182901609	-0.730863907638759	-0.89869126909686	-1.04861058216067	-0.559500355125498	-0.734086829773455	1.98800538815758	0.457283082225186	0.730254221334721	0.0913033045594977	0.716327451896768	2.50717127580505	0.97194596388356	0.537236990760094	0.161170622640726	-0.414689121302221	-1.40001724941156	0.918013764556254	-0.565664018011407	-1.34012011374073	-0.497054059485526	-1.06661593598765	0.194170310872844
"INHBA"	-0.329366430108474	-0.0630345946207949	-0.878886495030365	-0.775951832953145	-0.382825995385258	0.605128912827458	-0.572388858862991	-0.828285356292095	1.66193121215941	0.55333559136397	0.939429923266616	0.160224938152491	-0.905138305860802	-0.720955265409323	-0.876238675840137	0.474487089110731	-0.083229414256566	-0.949568841363421	-0.501811843818799	-0.435667706555013	-0.290844324519394	-0.382192758708775	2.17310385419737	3.15219938525014	0.111870307871469	-0.254080339959545	-0.601244174654754
"TNFAIP6"	0.240948926653751	0.684192653477823	-1.21090278004407	-1.28349441908035	0.0293776023714863	-1.08248892039309	0.797398834532658	-0.600143913199128	1.95818675826829	2.17504152878279	1.05543628064109	0.349123035567083	-0.543393186192767	0.0922771919989818	-0.913298426103826	1.12902045605354	0.553356667693225	-1.04007591981152	-0.367452105691317	-0.676372176751016	-0.0507555067801454	0.286128061853851	0.0952287692180927	1.46365995559273	-0.485527139729696	-1.32525822304466	-1.3302140058838
"DIRC1"	-0.559000889343827	-0.705284404830811	-0.839790920776018	-0.507160931959654	0.167516501731514	-0.839790920776018	0.821138774318755	-0.629623586600945	2.03726178772959	1.63048947175849	0.825259714650869	0.386010869456417	-0.369212198796648	0.605125059184756	-0.839790920776018	3.01888663339297	0.811517510887731	-0.571078601994982	-0.176327253366818	-0.555167316419356	0.405713622193343	-0.839790920776018	-0.461895460158542	-0.546119989768799	-0.589303787407943	-0.839790920776018	-0.839790920776018
"MMP12"	0.119592263569225	-0.129455612100297	-0.427766692555776	-0.82138466837335	-0.858215240866792	0.108754345485196	0.542561077505384	-0.747698679576061	0.0480703717571504	-0.424752653197717	-0.74955540210213	3.60309283192409	-0.537306811454984	-0.752437883394546	-0.120936138446881	0.453162454435303	0.924159812225668	-0.852445140391507	0.302654065428078	-0.0625339602121477	0.876676796557438	-0.214516031240256	0.178507650727892	-0.803905965190806	-0.848899932064858	-0.835316651007306	2.02989579255999
"IRG1"	-0.479058545283336	-0.177027103810549	-0.624470360207063	-0.462632301565634	-0.624470360207063	-0.408700051323266	0.0323172293125801	0.175992190218543	-0.552393280425388	-0.624470360207063	0.0512882726461699	3.85010260984281	0.426087235423547	-0.624470360207063	2.42021446334636	0.779864477212608	0.183739218814849	-0.355139295413641	-0.0849661886201981	-0.0999041262610055	-0.624470360207063	-0.624470360207063	0.280622992088813	-0.624470360207063	-0.3188018228081	-0.624470360207063	-0.265843091738657
"WISP1"	0.805787673889925	-0.415500981941622	-0.879643135407078	-1.30391352817416	-0.582066451324571	2.98598405617472	-0.241182738107661	-0.934944785076322	1.39187421235128	0.580076902930248	1.40259516727824	-0.245035196349711	-0.57926456494975	-0.747431048160496	-0.336072044781876	1.65845717919295	0.852326375322819	-1.06280103519498	-0.297628729457833	-0.363128401523603	-0.21924119673496	0.125531114292293	-0.339389863948146	0.737905839760701	-0.525592762801431	-1.12428464511485	-0.343417412144129
"PRF1"	-0.081749999877926	-0.653104939134549	-0.135687238525872	-1.724345482585	-0.856407265081388	-0.843690724221642	-0.485668255477473	0.00818072172097311	-1.55850147999966	-0.881277016651983	0.532651964751703	-0.0627468276156803	0.116385892709344	0.168756092520619	2.69653411025349	0.274715451471118	1.13126621149912	1.74448249210042	0.359689561296766	-0.652776092687918	-1.05952690821533	-0.0538949727026379	1.15351232189341	-0.706814618366204	-0.0770429879573798	0.185059156393091	1.46200083249058
"SULF1"	0.878774245698382	-0.40799145003093	-0.654565502371304	-0.824267197432207	0.0213950449508532	-0.564340527286403	0.633779144737158	-0.301738033439376	0.308022481022485	0.605181567451309	2.32356464997382	0.21243331473092	-1.25837459547325	-0.484342161048457	-0.660016177643685	1.36734695784421	0.671491741239977	-1.68055656600109	0.379937348982829	-0.0480275494297576	-0.39036564416725	0.225579846717217	0.568979864828282	2.2466507387619	-0.365521506893428	-1.56709872095937	-1.23593131476284
"SIGLEC5"	-0.250895634222777	-0.699165057745232	0.220255823653432	-1.00933829331976	0.597787769746582	-1.12092918674589	-0.644797776655256	-0.298547121418513	-0.31966618385575	-0.818187977771392	0.339952237535882	0.688085503769997	-0.349853827190067	-0.258273832485134	0.331582580715774	0.6457623387332	1.07160761049341	-1.01381810506284	1.03388233160725	0.606142264248375	-0.780626806858641	0.54577477678179	-0.713807731174523	-0.453135353826577	-0.550993176821905	-0.581539052473277	3.78274188034184
"KLRD1"	-0.158895424004538	-0.255332768245684	-0.0707192777542611	-1.19242120346177	-0.395936047897403	-0.553553419090574	-0.768259421594294	0.474312747951023	-0.907675183849873	-0.844810019431662	-0.0866838400294993	-0.470279275897751	-0.291119372018303	-0.900998269214513	3.99701007626968	0.193770144831868	0.0162019357139002	0.435726489644362	0.831915291356605	-0.243106295645573	-1.21458513137541	0.300015175357339	0.0999478539468248	-0.187984613234635	0.389680570522611	0.587765609761723	1.2160136673898
"LUM"	1.72777596143079	-0.600179186492016	-1.75335048584192	-0.640547363441736	0.498206559113456	-0.812427267180943	0.335642947437432	0.38680275425631	0.61841161830446	1.01800779616218	0.505262046869747	0.390810223990031	-0.62515699422742	0.14153991456083	-0.411986170847844	1.99305436490112	0.714648193486041	-1.13196655201617	-0.201046081358399	-0.843584066654748	-0.123022902549301	1.0631305989386	-0.733345717174936	1.76354379717771	-0.813435944632036	-1.77111145558138	-0.695676588629854
"FPR2"	-0.331080740572799	0.353622505980458	1.68609638243049	-1.04086352108765	0.997975844260754	-1.07482266932849	-0.392328783923451	-0.418588842919369	1.32095387982335	0.116915358085373	2.00749133488078	1.13368930381725	-0.53102559298355	-0.908652470892408	0.0986873198854784	0.781305633236251	2.24074473909481	-0.420208243098708	-0.424522968053326	-0.867286111834166	-0.935941340721578	0.497227637858924	-0.447119407562484	-0.760199611213972	-0.878247268070853	-1.15473607159674	-0.649086295494369
"MMP8"	0.0683156409986266	-0.654647737294705	-0.629256119389748	1.84685356782737	1.58570620736339	-0.69512968916152	-0.686184682479151	-0.307565013987066	1.77345488805003	2.48850014074718	-0.535357933134043	-0.672303884595671	1.05846276772414	-0.090255426031492	-0.695963719828887	0.179641537007936	1.62461673561389	-0.699465177086982	-0.721304677396458	-0.714625493289122	-0.614120561401333	-0.726633664809426	-0.364061269121646	-0.672353789133068	0.1141255509921	-0.726633664809426	-0.533814533374919
"COL15A1"	0.839153504467305	-2.58524054866117	-1.32757677058258	-1.05862592801793	-0.532440475654489	-1.12719576294344	0.625948075546966	0.485961200076154	0.675926085295918	0.633755452400462	0.79697533306519	-0.138825905133962	-0.741043299752777	0.16330448646314	-0.997542428300954	1.48621211402942	1.17678087061537	-0.516883134521036	0.54146760801334	-0.0175353013066814	0.787751642921598	-0.425133650421218	1.24764290410448	0.175781182229628	1.0427560259711	-1.63017290168054	0.418799621776734
"CEACAM4"	-0.479951330168476	-0.0011650091835134	-0.467222820953839	-1.30165604785361	0.064691209103772	-1.26249061007228	-0.353968552775357	0.32097217321034	-0.93474811613316	-0.654280672471916	1.33697104679392	-0.336991307782037	0.708642588183577	-0.952235837792943	2.01534919593655	0.462670066783783	0.543106732606813	0.705824357706705	-0.0642086980270475	-0.596678513139716	2.37220814355232	-0.589897589611708	-1.3425720242109	0.928854798457165	-1.14818537265535	-0.353572027062324	1.38053421755923
"CR1"	0.18226364397973	0.0620314320808109	0.474566412288002	-0.990722188164559	-0.130510154555372	-0.803662809669155	-0.379035731334819	-0.110218813560301	-0.633809486579636	0.137702748648109	0.392192776910715	0.96889789523587	-0.297844697207418	-0.559852316894634	0.127063633304607	1.1466811065775	1.3523592150743	-0.442400047019475	-0.0255146373853576	-0.85838389324393	-0.885555207494394	0.733947889551243	-0.87156596064166	-0.697796942728853	-0.893539204075342	-0.74063385717282	3.74333919407683
"KLRC4"	-0.0777446625132292	0.219709552908101	0.251844539289625	-1.18199130904039	-1.00648772738559	0.762720918083485	0.492208658348448	0.234746625708638	-1.2237470319624	-0.410239404108496	0.978961574049649	-0.493579341582674	-0.729294751325428	-0.594286600393216	2.97477430632962	0.663665767093953	0.657729282940033	-0.973365476742854	0.223869126763913	-0.677263144896342	-1.07690940093816	0.982170044705908	-0.844039245325127	2.00665849719543	-0.542525142594103	-0.704415158034737	0.0868295034259407
"ADGRE3"	0	0	0	0	0	0	0	0	0	0	0	0	0	0	0	0	0	0	0	0	0	0	0	0	0	0	0
"MRC1"	-0.177922003029333	1.32160548162484	-0.877440937016249	-1.22079163536147	-0.234543724127155	-0.82648932502243	0.615020331975004	0.732105301622212	0.606525201798536	0.879704809464577	-0.703681771742423	1.64532438362696	-0.887603584818719	-1.42241281684234	1.97279144293666	-0.0513510415376179	-0.667725016297042	-0.778252715053844	0.534153104164264	-0.597631598036729	-0.672025069915767	2.32869271197646	-1.15987153566198	0.174349797972838	-0.182578466751472	-0.507223371001208	0.157272045053434
"MMP1"	-0.521833264297567	-0.822504750374263	-0.819858963068162	-0.493843619288775	-0.595853258423868	-0.552904009576414	-0.172291334263389	-0.534197122261234	1.9859160454005	0.127436341202554	0.183738768223979	2.15299606272384	-0.558837054411073	-0.797913329338209	-0.754337554733082	-0.279526532079585	0.796875115516858	-0.395717376043253	-0.708049701635609	-0.723084621728449	1.81575517917403	-0.576827038048271	0.367849865104493	2.67195462602432	-0.227768673307652	-0.260234196812068	-0.306939603679656
"CLEC12A"	1.14961262800351	1.39528496709949	-0.442651724698484	-1.43900464486835	0.726344401871352	-0.838401269197801	-0.928458259294922	-0.061463068778435	-1.12849730511389	-1.03271594480573	0.989056960137399	-0.21454089025771	0.390558000468563	-0.673138391484257	1.9378813311498	2.08231830901683	0.530473244866821	-0.135938417720961	0.712484760823679	-0.147411740914178	-0.96003189693658	1.35439102263463	-1.26448438063685	-0.551718756216024	-0.281368702574011	-0.752637092737842	-0.415943139836042
"CXCL5"	-0.518753689983149	-0.264414262918641	-0.356174579008432	-0.48346768417155	-0.44438501450288	-0.476081257488354	0.0569999871275704	-0.428181693944582	2.36524903369888	-0.203767849277029	-0.476490901055578	3.82903454607776	-0.51424636234599	-0.526239344646867	-0.454162612392778	-0.31359793947623	0.449751028689761	-0.459590402591029	-0.441109306266122	-0.486296005622641	0.935724406728826	-0.469621183649954	-0.209434608027582	-0.0625245955326914	-0.480762762296688	-0.492975926318756	0.925518979194717
"DAZL"	1.71414620321348	-0.502907347807864	-0.87937876316686	-0.762493274859734	-0.429726958967299	-0.462581382782622	0.401504539109185	1.70976458655773	0.502343523421126	2.70608780993769	-0.87937876316686	-0.665140099479158	1.62995195058333	0.641921397947875	-0.115726803385561	0.688335455330956	-0.802529531917808	-0.87937876316686	0.19450869471775	-0.0857007673754147	0.681515954948439	-0.767682435821313	-0.87937876316686	-0.87937876316686	-0.87937876316686	-0.87937876316686	-0.119940171202769
"NCR1"	0.525760330308843	-0.354818234866211	0.475252339139659	-1.22055174344089	-0.696159105978122	-0.319051792922177	-0.816226968751488	0.0181531610073101	-0.800204831899838	-1.22055174344089	0.960371948564793	-0.524729038539098	-0.60054423769425	-0.897358815073455	2.26551132187298	1.59794971240562	0.133917259243026	-0.499712116303275	0.372025935238131	-0.279229484022795	-1.22055174344089	1.3176998386123	0.544789229041847	-0.170836417792913	0.458635801998537	-1.22055174344089	2.17101114017413
"IL11"	-0.608930347806076	-0.672232910345073	-0.664904307412339	-0.685110248574849	1.42299512912169	-0.633689332978898	0.0399249211498013	-0.648441156459599	1.34635216690638	2.21035850554108	2.21869595868252	0.310341044058432	-0.597087959754488	-0.612383970138077	-0.646685284034142	-0.45569372441029	-0.348530294695416	-0.653860515367677	-0.662267643162489	-0.613760111381122	0.038607235201234	-0.65589555958607	2.24549578112099	0.812623219558543	-0.22897698670378	-0.599849257204948	-0.657094351325352
"THY1"	0.992338428908835	-2.00376192363308	-0.558695554554423	-1.83791536779169	-0.0977394930447058	-0.888587599859364	0.291811267952955	0.125011775187829	-0.0747821683893424	0.144682966849804	0.808963112965107	0.616213002982143	-0.288377919490535	1.27903333187929	-0.843179818340588	1.78006111349945	1.3092000878502	0.123099150764169	-0.270517076954613	-1.0177315841375	0.244782538989949	0.0102147379296	1.45045089359311	0.139722753015125	-0.230382552622173	-2.00759462720422	0.803680523654672
"THBS1"	0.696848178185285	-0.91847982203552	-0.348556429905116	-1.51116477566696	-0.272208842261243	-1.15699523825391	0.758140397605283	-0.552724360689862	1.04305625372194	1.33062313609811	2.14387312583495	1.01133787680726	-0.703098794859839	0.394958198054141	-0.901582489256672	1.48183065359462	0.43566901928141	-1.28810881367535	0.0747053448666717	-1.17672905092464	-0.548273676632647	0.282912677850057	0.519240504274637	0.581425470622527	-0.200746468652968	-1.78730751718229	0.61135544320012
"LY86"	-0.501081241516697	0.517952728617352	0.0963234422938514	-1.49158204589902	0.464648767727902	-1.23338682418522	-1.17893550095103	-0.648179265945639	-1.55991219528605	-0.613653436912587	0.764534777256991	-0.0390779609835301	0.731737079976611	0.622245757625271	0.914636591909305	1.08232021945951	1.57605503182631	0.59923625121466	0.33419956251617	0.0624369110955254	-1.40314054250596	0.282793215238514	-0.250317066593359	-0.328084167021012	-0.657829835819147	-0.809773892229455	2.66583363909073
"OLR1"	-0.353587719878861	2.12895448286258	-1.07387435850544	-0.474725754811854	1.08417774084854	-0.0559088049332772	-0.029884608675115	-0.217735034192652	-0.0133823502236123	-0.21947029633975	1.37028552212372	-0.146630519214401	-0.468373830668231	0.0450880320728586	-0.013032732679387	1.24552819242415	2.58918779611458	-1.08379599496521	0.627313550458523	1.12098669700437	-0.799230318721746	-0.860452088658382	-0.539242273243403	-0.818079837233333	-0.815006988744941	-1.10682897094335	-1.12227953127637
"RNASE3"	-0.549027714840259	1.52516959003735	5.82828683773721e-05	-0.781448371962062	-0.296175489562384	-0.266463174831668	-0.565160550154167	-0.0137655930048494	-0.668538097414949	-0.503144823093115	3.53296414935109	-0.700620570413963	-0.325695405439043	2.17867995025122	-0.634646689476046	0.518647775150272	-0.100847758784153	0.47382870694683	0.493860851327521	-0.443915177429445	-0.603130227326667	0.320346319608021	-0.0752676100320681	-0.924171922266056	-0.395230393754619	-0.924171922266056	-0.272134133489107
"SIRPB1"	-0.15424720645204	0.335832789369601	0.637593099919734	0.295748080174832	1.25481142072742	-1.05137119074025	-0.0265774660087857	-0.545607964730702	-0.504139272509543	-0.705682493899922	-1.04591235507833	2.17672838501479	-0.127250404417345	2.20096140670345	0.214136596476043	0.128107983056824	-0.41336109252106	-0.445219539506516	0.0531047450821667	0.319804776090961	-1.10419990955223	-1.07268272779314	0.29801738565584	-2.42978304385934	1.40784130511373	0.0531439944691847	0.250202699214635
"CD300E"	-0.0541373349437886	-0.403966819862015	0.393376646484129	-1.33093870527018	-0.829802615514392	-1.12511748522737	2.6695955320912	0.0607565765165864	1.21029119325659	-0.00104774122973878	1.61396748358539	0.473720673322559	-0.884211269733564	-0.87440738929504	0.172926317263013	0.930322228308114	1.20878328669935	-0.673659529744702	-0.511364023598388	-0.870401749312304	-0.0974873988139098	-0.372320558506106	1.60035105210638	-0.203118830444813	-0.903927736731623	-1.25766347101078	0.0594816696053914
"CD69"	0.291696089176459	1.55306207621572	-0.334044524739366	-1.23537316870916	-0.941870170035345	-0.927757698217772	-0.672586146586714	0.251297530723935	-0.846080765395359	-0.740612459761113	0.772678355638804	-0.0494705463470138	0.257879964711763	-0.590684851769645	1.53795113104737	0.950135345550464	0.0853924044803855	-0.110845718810435	-0.142574487635225	-0.448103387282062	0.472107578409605	0.419031150705156	-0.88331078393365	-0.724466889258009	-0.490791699520154	-0.802971347244134	3.35031301858549
"RGL4"	-0.99163226910969	-0.441761155348005	0.100113297312945	-2.11967970655043	-1.10908935546049	0.892489302230087	-0.065923145227387	0.840587917585056	0.557925896707267	-0.884743122157754	-0.270288918504361	-0.49344254781323	0.610250461986451	0.938251396534337	1.77008439511757	0.38774276464329	-0.0805747051956419	-1.41500228608497	0.149275471856297	1.29163568496645	0.111812111134522	1.24745569394903	-1.3912083423721	0.984908440062864	-1.21408376675351	-0.653763285982365	1.24865977247376
"TRPA1"	-0.316591997898529	-0.460306529014706	0.613509625576994	-0.46771769399971	-0.388367113933268	-0.485307242148404	-0.19171866253539	-0.409568422614263	2.21415192417974	1.61862660046643	-0.253895827049036	-0.294643945919046	-0.473458792573684	-0.476086073075751	-0.364249167024075	-0.207580422854906	-0.308750497299056	-0.44946538896185	-0.451815542321023	-0.454852926303494	-0.393211274011735	-0.394601867048319	-0.207402807249043	3.85826247917878	-0.206208248353587	-0.343428501742076	-0.305321685470996
"C5AR1"	0.0798126860541002	0.363530223595122	-0.0688898375533402	-1.14261270791185	0.991819577126288	-1.0755388652008	1.70976053921755	-1.28417448210786	0.0492028447819321	-0.248367706850713	1.86125744337736	-0.284577123747287	-0.172594510647588	0.334805922325268	-0.432042589669618	1.74270858877026	1.49116371605286	-1.32666807585836	0.0473164097962053	-0.530679496471337	-1.70846489688968	0.0926522579439149	0.741518427878016	-0.203764280906352	-1.11032923070172	-0.917789565164247	1.00094473276187
"FCN1"	0.48318864693826	0.679136110871073	1.30164612346982	-1.67819022904344	0.138432486468606	-1.55039018287305	0.393623067953756	0.863943066427277	-1.17774809875901	-0.241552933505403	1.508226858911	-0.416006553470683	-1.01102645347377	0.258065075336731	1.30111823517475	1.50257689987425	0.869861963963698	1.41398256924647	-1.18258160622558	-1.6023239734261	-0.977715720156377	0.0921217597046957	0.13085020847546	0.309417673385206	-0.604522405057742	-0.244211598029568	-0.559920992180321
"CYBB"	0.323243630827638	0.469076528381842	0.212377848166836	-1.80151770816373	0.975517673527021	-1.65870851725213	-0.394630386197324	-0.165949081825094	-1.04515384675796	-0.499436292793841	1.49677918857825	0.377189045621784	-0.203811956236947	-1.01719864928385	0.962528835396639	1.55842491607922	0.588503792892748	-0.418626615958486	0.961638085534762	0.686478289188538	-1.35092952062522	1.35029582575698	-0.99822863228025	-0.424805732914336	-0.522015482485987	-0.991938675508875	1.53089743833177
"SP140"	-0.10702456793338	-0.367263806312276	-0.513234178884674	-1.17240561698742	-0.318751663558295	-1.27726337871096	-0.508731485200119	0.0269073824693707	-0.470847578799346	-0.319406415524768	0.628530179992875	0.0483378564535681	-0.0955334035374962	-0.688343437341094	1.47506284757516	0.760528481757089	0.321379857127844	0.379322491829551	-0.329737310850395	-0.698722619663667	-0.747939466631585	0.232698441701665	0.803075917540243	-0.710004849196081	-0.444598324817884	0.165457750572653	3.92850689692941
"RNASE2"	-0.535837729642618	0.446840775849716	0.0267948938590497	-1.34754849783725	0.728059957724685	-0.606119947562646	0.57111656561129	-0.703910288792531	-0.404613261325462	-0.247980809694977	3.20589026308698	0.158443772838805	0.614737291843741	1.36432731763846	-0.188639344276442	1.19211093442411	0.354797724317448	-0.537467576876373	1.05262945109081	-0.0760974829221637	-1.44175435893939	0.124564022412927	-0.312406022873509	0.00807154099020551	-0.926869169780038	-1.23817156119956	-1.28096845996525
"ATP10A"	0.959630894155284	1.10055704224019	-1.29667567548872	1.31889094831272	1.75586313903813	-0.97089262041625	0.0509521934481197	-1.41169374188746	0.0797623663059721	0.172192760664773	-0.762751997459912	-1.41319601080901	0.511234439768745	-0.00829900067587574	0.813004205390066	-0.538183858488017	0.164898021902693	0.965840272797665	0.737830900483435	0.947648606033326	-1.50949944312913	-0.0539960718626181	1.53134992146834	-1.44282388378562	-0.449722006541259	-1.12708600999918	-0.124835391466407
"FYB"	0.365981714728824	0.489569186418461	-0.631874280409642	-1.7426071225003	1.0273057916332	-1.82602186542457	-1.089572143774	-0.481939537698378	-0.602267354850787	-1.09277712810679	0.961887515744315	-0.636431457832007	0.571482600360339	-0.884316651492189	1.20678853881292	1.26029390163936	0.277380274797952	-0.855395067322338	0.769864476734272	0.0990650060542172	-1.13030887197518	0.372015273611163	0.320715599203498	0.153834428190763	-0.118961086954148	0.833298697513478	2.38298956289757
"COL6A5"	3.43679027872354	-0.464465618274633	-0.37805878562546	-0.409760134335242	-0.3694098874626	-0.490626919801415	-0.148640474060135	1.74509306821104	-0.472048376562129	-0.464429210280683	-0.360170068266983	-0.423515093146075	-0.455917669103434	0.51388410736528	-0.404421618621116	-0.34759593552439	-0.467688981534351	-0.490626919801415	-0.317049718420292	-0.413054358453209	0.436796796286311	2.64544829742659	-0.454416781239099	-0.367891062527385	-0.155231864952998	-0.490626919801415	-0.432366150218308
"P2RY13"	0.347166014565881	0.999760019891685	0.766309244610397	-1.35639789601709	1.0822568187748	-1.36724462841485	-1.18593471355361	-0.312426748430057	-1.08228778860885	-1.0334986769937	0.621765794784748	0.234423979674319	-0.306024236782812	-1.30471347779376	0.59584651623618	1.552961939976	0.485889478077524	-0.246075258862141	0.881401069792954	0.88935807263783	-0.0219593613523313	1.44150798844085	-1.27201226554467	-0.805337397047584	-0.685984867405833	-0.763205879061139	1.84445625840525
"CCL24"	0.578990153881569	0.898261410933193	1.35512403833508	-0.865608848061627	-0.292362353943401	-1.11902771156805	0.834429108990884	-0.849860037095864	0.751614676612841	-0.276828780339645	-0.210643006381955	0.425138741717625	-0.296905670798425	-1.11902771156805	-0.0551016562399258	1.55332884036116	-0.146013402607228	-0.149687387229115	-0.820496169939475	-0.776703209720043	1.61552668635182	1.59743483601929	-1.11902771156805	-1.11902771156805	-1.11902771156805	-1.11902771156805	1.84452829856153
"TMIGD3"	0	0	0	0	0	0	0	0	0	0	0	0	0	0	0	0	0	0	0	0	0	0	0	0	0	0	0
"LAIR2"	-0.152942651411702	-0.227652055191888	-0.767315676500151	-1.72717889436272	-0.0128758554008032	-0.449158972812597	-0.851162692678669	0.465746029197152	-1.31129322457471	-0.853665829998305	1.17047023162286	0.668685049996275	0.101019066094782	-0.648094250702773	1.86421292476344	1.514673683454	1.00789242218574	-0.484663629539053	-0.0619910605922488	-0.490613861795946	1.35789667741672	0.581628457230916	-0.869474863943783	-0.103091975663519	-0.156462468520744	-1.54028502905168	1.97569845077941
"RGS18"	-0.294718513733572	1.4095258381096	0.607302068069309	-1.31216270383062	1.39866552292974	-1.21417406147704	-0.952434721211654	-0.125378366384695	-0.903076546646167	-0.458525315656158	1.26470657833619	-0.0206951453268778	0.617997213969123	-1.17157270287292	0.775976370563377	1.89403302378476	0.827170124874214	-0.750623281395553	0.357099559918193	-0.1446476663387	-1.05456730594179	1.43400242375168	-1.32357125929723	0.728743704007398	-0.597988401205987	-1.27546623652563	0.284379799531006
"CEACAM21"	0.273635346926357	-0.0430686973160049	-0.127058042300302	-1.06594311750652	-0.046597851869943	-1.39872018219647	-0.633839737118973	-0.288314596494236	-0.774417071163951	-0.751643894891962	0.230199966861641	-0.116433214196482	0.205531143040805	-0.580986784362353	2.73236175046884	1.35438032498557	0.201794722539516	0.75440438969435	0.283969138835956	-0.15950554265565	0.0276315362939201	-0.632587672337849	-1.36500138855159	0.0724324415950515	-0.352484278859617	-0.61540053683979	2.81566184741968
"MS4A3"	-0.422503182725681	-0.141339369849518	-0.0218211561127208	-0.422503182725681	0.58695362610172	-0.422503182725681	1.19886167945183	-0.422503182725681	-0.422503182725681	4.42320833308927	0.0679682321236801	-0.329054357297446	-0.422503182725681	-0.422503182725681	-0.422503182725681	1.26460097842523	-0.15115235674633	-0.422503182725681	-0.422503182725681	-0.422503182725681	-0.196254365665735	-0.422503182725681	-0.422503182725681	-0.422503182725681	0.0580796800909132	-0.422503182725681	-0.422503182725681
"GJA5"	-0.104758748005923	-0.895636048871076	-1.51947783684825	-0.186802123542181	0.680095941844308	-0.870700183749409	-0.972169138953522	-1.09903277665451	-0.0160736741572763	0.88996504636967	0.368820796428149	0.516784831979859	-0.385535923552458	-0.973743933578621	-0.599334608588692	2.20392065463253	2.12924599406131	-0.341497139514894	-0.80161509820412	-1.24740973501982	0.74288357694884	0.473050597912794	1.95158251227464	0.483180578168896	-0.0606286326478123	-0.517069126069661	0.151954197337222
"QRSL1"	-1.07000026340988	0.517973678822888	0.736221466937965	0.104068553718598	1.32507101130991	-0.786356034295158	-0.298082426075741	0.160800451020773	-0.260182766908396	-0.174277821539664	0.0101855839142411	0.57440720773178	-1.04727946238301	-1.89630479598754	-0.696916608511375	-0.0680435744397401	-0.736197197038758	-0.493014388733993	0.939107380791411	1.30001915625778	0.44296891247928	0.116773103335172	0.320387157033269	-1.66333037396827	0.527560576116901	-0.811458024585548	2.92589949840709
"HAVCR2"	0.0806375503445348	0.473330952240906	-0.586132410770723	-1.91370209332861	0.207465972583612	-0.645762054433725	0.677276911714927	-0.688816805415513	-0.844627661847326	-0.827676808650056	1.8411189527847	0.219017986514396	-0.04503924272415	-0.558212626999429	1.46778871141132	1.34463400169621	1.87075799535306	0.234840293095588	0.900125795174057	0.223210953666634	-1.64092343695221	0.564549582376895	0.0194118877514298	-1.41993571758491	-0.767457402634728	-0.870461144170305	0.684579858803424
"ANKRD1"	-0.431818293514673	-0.232975577413706	-0.439246670467758	-0.410474114922435	-0.339988865848737	-0.463580619024955	-0.455527586236994	-0.432307709708072	-0.193831692407699	-0.497749876107193	-0.448576149024024	2.90584675667318	2.44367446564948	2.73360990320103	-0.514898378453795	-0.24888532454553	-0.396980453799273	-0.445002411829585	-0.352620949691226	-0.443130277678693	-0.486953616004147	-0.0760197545486136	-0.113819501662879	-0.392298820361933	-0.41851720115268	-0.514898378453795	0.666971097334712
"FGF5"	-0.124619749825797	-0.450787639428392	-0.497241121740436	0.253804316555212	-0.166462811751113	-0.419608570167302	0.228647102314323	-0.249556573970738	-0.14741570080217	-0.295383515835395	0.742041224465999	4.73111577036905	-0.432862933187435	-0.576129244828601	-0.378468277337553	-0.446778141948897	-0.183587935542818	-0.524818235782764	-0.313053064224086	-0.16281823619635	-0.449944857431642	-0.365249709452459	0.139719012030196	0.555594817383142	-0.285526976299994	-0.249201258156734	0.0685923107927598
"PVR"	0.255471396982015	-0.239355148169179	-0.806563773823102	1.43619399782686	0.135453386685596	-0.138758608082991	0.361105399217248	-0.617371803657081	0.933639231258797	-3.16987387264307	-0.322223411518982	1.74302358879329	0.042395928408398	0.832060733559345	-0.903554499868573	-1.24597227463279	0.121294908447967	0.0347329277759199	0.198060845949325	0.0618941611732275	-0.879901620457565	0.596970075392095	1.39940077442989	-0.541002949766923	0.45570649288548	1.07965338775008	-0.822479273915287
"DLC1"	-0.52213793936441	-0.172740359122953	1.01407586360973	-0.141281620383668	-1.5642836976861	0.254987928414384	1.02976798446951	1.2929069034473	-1.0343739159316	0.398770429516704	0.893769941504727	-0.36327043984697	-0.891289182498607	-1.35212209499368	-0.322567284971647	0.85319037204897	-0.59606538286198	1.06900209866203	1.47363866400677	1.65353304240948	-2.06788078862825	1.01812790425767	-0.896930956534804	0.299360763684052	0.0638189416716598	-1.01907626704173	-0.370930907836584
"RP11.96O20.4"	0	0	0	0	0	0	0	0	0	0	0	0	0	0	0	0	0	0	0	0	0	0	0	0	0	0	0
"OLIG2"	0.331361166240032	1.08512019432761	0.893516247130111	-0.78440056207807	-0.445003148395873	-0.782927118868476	3.08337691344928	-0.618552751995581	-0.46719390769972	-0.673400940132705	0.9586312650714	-0.798513072041934	-0.769456534663108	1.49287820186464	-0.760447491554742	-0.62854718847334	-0.702368816121613	-0.679460914555969	-0.0190163969108125	0.0148335833810182	-0.667580195961053	0.680426883570295	-0.579194377177752	-0.736366227502622	-0.798513072041934	1.62466950327811	0.746128757862797
"ITGA4"	-0.241497965921487	-0.0186122585305452	0.344119928524495	-1.50719488585693	-0.0735009988097001	-1.16440093095287	-0.734388931159773	-0.770660875990294	2.35639783477186	-0.489481233837397	0.789138210267754	0.297072626687904	-0.407431145516715	-0.711209297609022	0.643904598413243	1.68313703752741	0.168041301046391	-1.32038360327177	0.421638621542262	0.298906531566769	-1.07859383252008	1.02850261655118	-1.03227736675366	0.948725550083268	0.332929385026686	-1.34254198259677	1.57966106731778
"SUSD2"	0.0975637710045672	-0.93099109632093	0.526184017981051	-1.48368164362036	-1.18039175394421	-0.986599663241637	0.279913018724128	-0.00138274811512003	1.34731767749196	2.05745223126634	0.0158738283243572	-0.74847026085803	-0.585622904583672	2.372626079264	-0.604606257353509	0.879157219571018	0.369223874998278	0.075218515809287	-0.522995744854036	-0.911965420610996	-0.0883280949698201	1.2947805283137	1.13520176351778	-0.0817860168231139	-0.232178191975644	-0.965287138581225	-1.12622559041415
"LILRA2"	-0.443506339868023	1.09639098221839	0.630887635742064	-1.36692884643328	0.409309293485676	-1.07905967533632	-0.68152281707536	-0.62217522234551	-0.0323274280624678	-1.01608226415326	-0.0654472911991982	-0.783095483973675	-0.15100012394721	1.03127548450017	1.20809179167905	1.66716570438795	2.66209903922126	0.656916516704979	0.974250832924454	0.263135769270874	-0.968389356100992	-0.462988113334758	-0.288632686276378	-1.03533853752269	0.447815497779487	-1.14243091288023	-0.908413449404983
"TBX5"	0.908207685396047	-0.795912473379527	-0.795912473379527	-0.714543710253501	-0.0781817886854913	-0.795912473379527	-0.152358851024312	0.0131540362694387	0.158472982300206	0.536302893606105	-0.751321641771794	0.476420190733228	-0.73577810120079	0.485997704071417	-0.628669563070025	3.00722521913097	0.638516331978901	-0.375262237424064	0.420233005045061	-0.702550750416454	-0.749706784259816	2.78690623637397	-0.795912473379527	0.375038276360886	-0.715401096655865	-0.684888866167511	-0.334161276818502
"LETM2"	-0.590600916389632	-0.317432418371713	0.241215018256063	0.504059834816015	-0.271348271996815	0.0258758241074166	0.408054293851403	0.159419974514152	-0.608672751808805	1.91580036723061	-0.543276207747874	3.60665626338375	-0.80893060432463	-1.03542877585536	-1.13899250325255	0.0808677570900151	0.456745736864703	0.898944662298585	-0.786901478347502	-0.916645656389292	-0.749628027652703	-0.299284981613887	-0.2980882374754	0.999603656227645	-0.0827187923581612	-0.50975057491528	-0.339543190140744
"CD93"	1.27587601823779	-0.595446671247779	-0.306833513462494	-1.16508836359069	0.848154577487586	-1.22610032267386	0.75907653596626	-0.125468975695089	0.23721362686825	0.0758742276463473	1.13944013849423	0.490294554395614	-0.561128450644709	-1.44452660032382	-0.71150335428855	1.9508788393537	1.7817326795402	-1.03841908909431	0.628075902905449	0.0024823122832352	0.716252124307014	0.42493652274405	0.00366655440082431	-0.120993770472922	-0.0729200498075938	-2.39896432587377	-0.566561127454952
"CD80"	-0.0603054219021064	0.54364417171424	0.00800491602625442	-0.949136431410106	-1.08786402722055	-0.922281606869831	-0.400135709278187	-0.790691346081767	-0.993234744274468	-0.909104555290869	0.692476651386551	1.05003502714477	0.15058777901513	-0.74652289005701	1.45735813252488	0.944469839092766	1.05308888179837	-0.645152722685809	0.418369687261342	0.408548896045082	-0.411312106964487	1.77928557711368	-0.53858363552347	-1.12807360192065	-0.529706128109642	-1.02091068305443	2.62714605152032
"MNDA"	0.284709507144171	0.864094036613777	1.10209196822576	-2.02955352843795	1.07064041901846	-1.54653599992077	-0.44335140152173	-0.530733830986032	-1.1346076597772	-0.368588463478574	0.976108420194241	0.352746223072604	-0.0306553412930909	-1.38204765794047	0.688707679588226	1.2396961365567	1.42998779841348	-1.12846556905356	1.24377221739476	0.667028355032439	-0.461756100132597	0.690322341248186	-0.166502887032558	-0.358614231030573	-0.670777063363975	-1.34708834871561	0.989372980181905
"STX11"	-0.502792155265184	0.499169830460586	-0.50387683817151	-2.22884186567126	0.854286060739769	-1.22457993867588	-0.529280046567509	-0.979691223060986	-1.46067902001545	-0.193179777403126	1.11246774295127	-0.150096872885092	0.0363228087657897	0.181657414494768	1.41417732475055	0.713672711272393	0.480046897963022	-0.203230503347156	0.369297431912086	-0.511678710780035	0.401101302337422	1.5477754866042	0.629810336766619	-1.81507365102846	-0.514748012484184	0.884625571734025	1.69333769460335
"HMOX1"	-0.465471491255171	-0.185682517093712	-1.16871326427606	-1.79205966457479	-0.735743223043964	-0.207275402220671	1.72705292375226	-1.18459507648988	-0.495063172018533	-0.150380688182563	-0.0476555639793255	-0.361705899255321	0.647071108573062	0.980301296717921	0.886262749974921	1.92381398853716	1.36473054964438	0.446773518992988	-0.529680292972574	-1.5009814575614	1.11232657302924	-0.825312317676603	1.70889844650698	-0.499294108683994	-0.000728896273331541	-0.467212992520416	-0.179675127650605
"CD300LB"	0.10315651738071	-0.572527964776956	0.16172337296379	-1.09825565092165	-0.233920999475027	-0.447019392511811	1.56028309913217	-0.739204503064947	-0.486777281077677	-0.702738554707383	2.67967672742752	-0.855977086981738	-0.198997949496836	0.58672905387784	-0.556724046744749	2.14562295962152	1.28320405667043	-1.00580080639684	-0.22237834207734	-0.704039217053641	-0.901321538313824	-0.336041038176119	1.19180427598321	0.180513723059766	-0.825536097893375	-0.705921994224677	0.700468677777629
"MAPK1IP1L"	0.120375910879435	-1.4809505595437	0.521728968603824	0.884224975597197	3.19273294017368	-1.41727081325067	-1.41262517615236	-0.429021546848442	-0.0250263205859491	0.0716841575507585	0.524159985208275	-0.396063073704235	-1.07952580018077	0.473291301034686	-0.53482679146664	0.753206773021937	-1.37617782029778	-0.842530542193363	0.718639273130759	0.897636622453396	-0.621733045238305	0.292301875271182	0.17914408474753	0.0456137748381519	1.09842871561209	0.0338451030933152	-0.191262971754004
"OPN3"	0.73024461788415	-0.762235381794774	0.948962881114233	-0.695485573240543	-0.482150347509668	-0.0848550220003711	0.415187070707968	-0.376922577309471	-1.15086655952623	-0.515074964156272	2.58349708022912	-1.52415575699819	0.694251654829173	0.942183620888665	-1.46253717984876	1.24239360839159	0.166756644684563	0.0340944098675349	-0.542590875397329	-0.340425052275719	-1.11407124393938	-1.18903869305351	1.63305228433544	0.566985213075461	0.660524353498446	-0.787877371585104	0.410153159128989
"LILRB1"	-0.60512755245222	0.286019556880491	-0.45600185171883	-1.94149171664197	-0.245810168511694	-1.58372397573371	-0.450726728449477	-0.278891245795489	-1.07813164956202	-0.445734747199432	1.45161939771338	0.368077363602762	0.0167676673530693	-0.6641652336021	1.14155281828013	1.63282164741073	0.377179786697363	-0.0849654980485683	1.1767989612517	0.478129589011647	-1.12756850329736	1.00675846691363	0.214598299216316	-0.78119617385396	-0.554788761389699	-0.228265133427569	2.37626538535289
"RNASE6"	-0.0938963129840626	0.456653545493728	0.255198488373238	-1.91243605133265	0.259268595154965	-1.21267891818181	-0.764723065255918	-0.328633483699889	-1.40154704489676	-0.687968786681801	1.08637088199937	-0.27668853344482	0.444786515616224	0.279740582488603	1.2775336253548	1.41058571272321	1.06556426064864	0.467122970496444	0.76939915720566	0.230773710350272	-1.14678112979958	1.4525912670784	-1.7966174571953	-0.187415201047648	-0.32315730783598	-0.929722566242536	1.60667654561519
"CAPZA2"	0.496540087995969	0.643838384243618	-0.636409359995692	-0.946076297592855	1.32850040971623	-0.443621732567464	0.714680298139835	0.940331556956635	-0.135834664025268	0.946785364897729	1.28422451261905	0.29148140138792	1.33031586827386	-0.431034300310686	0.503273534684191	1.0257109012461	0.53873573725818	-1.41596144836608	-0.0865138613830663	-0.0961631847882117	-0.406446943503695	0.790219659576708	-2.30996352946787	-0.798417733222283	-0.185683921565385	-2.28782301641034	-0.654687723797115
"SRP72"	1.08343832164902	0.123620452758817	-0.727822486265653	1.43063373638628	0.346124764642594	-1.91315836221699	0.202667685473967	-0.947621378362403	-0.250136677977335	0.400236732372609	0.447341331988764	-0.0361599445288267	-1.13218133333886	-2.67812370870156	-0.455857754707087	1.07537964278754	-0.517501247812174	0.333221848246786	0.873117224339995	1.04213493749455	0.730914972782193	-0.254868614774012	-0.3916116414897	0.815363349962989	-1.4082093076508	0.838189411857506	0.970868045081809
"CD68"	-0.483197183780219	-0.56615303942685	-0.147012933610057	-0.169356556961821	0.308774484821693	-0.665704857902729	-0.0513079337250691	-1.1349937811495	-1.40096783501743	-0.742385702879448	0.518919787018184	0.186356691002951	0.368862101442533	1.30626318996858	0.721128071344574	1.4282574687136	1.16797309208736	1.14371485258649	-0.419039038092865	-1.00322349509628	-1.88266309567932	0.40984828010853	2.38207048303188	-1.29673367941915	-0.499054916155473	0.980796780791698	-0.461171234021878
"KATNBL1"	0.478879632097484	0.665086073138647	0.675434810038042	0.225338430055483	2.89477807224408	0.147160374955087	-0.713953232638875	-0.406446783887523	-0.369980024306549	-0.62030730167883	0.726580029557924	0.601282055927683	0.657144581426977	0.0554850690328149	-0.146921126979625	0.478524802875839	-0.392364133855489	-1.98566859366453	-0.18587236779374	0.208624916511598	1.6189924402685	-0.619199837775732	-1.71936598801362	-0.760809614301568	0.319378997351425	-1.67555764398306	-0.156243636602457
"C8A"	-0.232985233240015	4.87505538341334	-0.243624485881761	-0.243624485881761	-0.243624485881761	-0.21733620217778	-0.243624485881761	-0.0961760149288243	-0.243624485881761	-0.227059058748844	-0.224815732562497	-0.243624485881761	-0.243624485881761	-0.243624485881761	-0.231600557358152	-0.204950359408514	-0.236324600425818	-0.243624485881761	-0.243624485881761	-0.243624485881761	0.929709129928699	-0.235524980383415	-0.243624485881761	-0.243624485881761	-0.243624485881761	-0.243624485881761	-0.243624485881761
"REG3A"	-0.383582404039769	-0.383582404039769	0.523840387493674	-0.383582404039769	-0.383582404039769	-0.383582404039769	1.22450273519979	-0.383582404039769	3.81579576104919	-0.383582404039769	-0.383582404039769	-0.383582404039769	0.365648718401909	-0.383582404039769	-0.383582404039769	-0.383582404039769	-0.383582404039769	-0.383582404039769	-0.383582404039769	-0.383582404039769	-0.383582404039769	-0.383582404039769	2.50902528673037	-0.383582404039769	-0.383582404039769	-0.383582404039769	-0.383582404039769
"REG1A"	-0.430767971340469	0.874569366224383	-0.430767971340469	-0.282971558661592	-0.430767971340469	-0.430767971340469	0.864295281950035	-0.27647529189148	-0.430767971340469	-0.430767971340469	0.825431278911873	-0.430767971340469	-0.430767971340469	-0.430767971340469	-0.430767971340469	-0.430767971340469	-0.430767971340469	-0.430767971340469	0.367429135314405	-0.242672305873394	-0.430767971340469	-0.430767971340469	1.34575799716176	4.27845958099245	-0.430767971340469	-0.430767971340469	-0.430767971340469
"REG1B"	-0.192450089729875	-0.192450089729875	-0.192450089729875	-0.192450089729875	-0.192450089729875	-0.192450089729875	-0.192450089729875	-0.192450089729875	-0.192450089729875	-0.192450089729875	5.00370233297676	-0.192450089729875	-0.192450089729875	-0.192450089729875	-0.192450089729875	-0.192450089729875	-0.192450089729875	-0.192450089729875	-0.192450089729875	-0.192450089729875	-0.192450089729875	-0.192450089729875	-0.192450089729875	-0.192450089729875	-0.192450089729875	-0.192450089729875	-0.192450089729875
"C8B"	-0.239537524483801	4.87101292561282	-0.239537524483801	-0.239537524483801	-0.239537524483801	-0.229645741814303	-0.239537524483801	-0.153273716856882	-0.239537524483801	-0.229993409927185	-0.232489339799192	-0.239537524483801	-0.239537524483801	-0.239537524483801	-0.225959615746183	-0.210595561043312	-0.239537524483801	-0.239537524483801	-0.239537524483801	-0.239537524483801	0.953234251848749	-0.230614351566089	-0.239537524483801	-0.239537524483801	-0.239537524483801	-0.239537524483801	-0.239537524483801
"SPINK4"	-0.225606914216972	-0.225606914216972	-0.225606914216972	-0.225606914216972	0.719876546902045	-0.225606914216972	-0.225606914216972	-0.225606914216972	-0.225606914216972	-0.225606914216972	-0.225606914216972	-0.225606914216972	-0.225606914216972	-0.225606914216972	-0.225606914216972	-0.225606914216972	-0.225606914216972	-0.225606914216972	-0.225606914216972	-0.225606914216972	-0.225606914216972	-0.225606914216972	4.92029630852226	-0.225606914216972	-0.225606914216972	-0.225606914216972	-0.225606914216972
"GSTA2"	-0.256005558962638	4.9104195490033	-0.23662292887719	-0.146959768419564	-0.256005558962638	-0.235915567667611	-0.256005558962638	-0.218877339422403	-0.256005558962638	-0.217685440863775	-0.256005558962638	-0.256005558962638	-0.256005558962638	-0.256005558962638	-0.256005558962638	-0.204786093771616	-0.240947878942013	-0.256005558962638	-0.256005558962638	-0.256005558962638	0.474934135204907	0.468535836120808	-0.256005558962638	-0.256005558962638	-0.256005558962638	-0.256005558962638	-0.256005558962638
"TFF2"	-0.573290694975949	-0.350119933656814	-0.650209551584237	0.146064698658589	1.72277466993951	-0.650209551584237	-0.353624279358397	3.24962983067185	-0.573073904087106	1.44473842011977	-0.235136634959414	2.03516338021056	0.38172499259257	0.393920140086495	-0.650209551584237	-0.472588900604754	-0.524719401026154	0.53908670543392	-0.549881354064525	-0.536724015082982	-0.650209551584237	-0.431818350136016	-0.110448957087261	-0.650209551584237	-0.650209551584237	-0.650209551584237	-0.650209551584237
"AKR1C4"	-0.242934283950967	4.93708520526747	-0.242934283950967	-0.242934283950967	-0.242934283950967	-0.242934283950967	-0.242934283950967	-0.199961846107426	-0.242934283950967	-0.22261792879103	-0.242934283950967	-0.242934283950967	-0.242934283950967	-0.242934283950967	-0.242934283950967	-0.175463216265389	-0.242934283950967	-0.136320943573113	-0.198939476712783	-0.226381509445998	0.590947709473164	-0.204402443232231	-0.242934283950967	-0.0340627234462204	-0.242934283950967	-0.242934283950967	-0.242934283950967
"ADH4"	-0.272203356994154	4.79648730663997	-0.272203356994154	-0.272203356994154	-0.272203356994154	-0.256435465711634	-0.0469489003478088	0.0117232244102638	-0.265616038140175	-0.262912314269101	-0.272203356994154	-0.2633741907963	-0.26501234400358	-0.272203356994154	-0.239380373744307	-0.147868773723787	-0.272203356994154	-0.272203356994154	-0.218910813961781	-0.272203356994154	1.19633754623424	-0.255613909806199	-0.272203356994154	-0.272203356994154	-0.272203356994154	-0.272203356994154	-0.243831311855795
"LCN2"	-0.313080067649505	0.251140177721786	-0.125511529344985	-0.482494988758945	-0.257163508533454	-0.475379207227661	-0.47580305840468	0.245199967058435	2.80397092255826	2.16522746292443	-0.174955038264966	-0.503469165768698	-0.475286310276098	-0.512908706420818	-0.463994696368227	-0.488013230780352	-0.369981685238919	0.13557780198672	-0.488914982394405	-0.499383415781521	3.06800307300899	-0.181870018431309	-0.448289388686393	-0.393894287665237	-0.512908706420818	-0.512908706420818	-0.512908706420818
"F11"	-0.232283864698536	4.96822858537063	-0.192015957849211	-0.239151851097884	-0.239151851097884	-0.239151851097884	-0.21954097104179	-0.225609661478818	-0.205037009463264	-0.218593639520822	-0.22306284355216	-0.233973617900452	-0.239151851097884	-0.239151851097884	-0.21299622112868	-0.222293211012955	-0.214891073011743	-0.239151851097884	-0.239151851097884	-0.239151851097884	0.309168300529665	0.0655070586173986	-0.239151851097884	-0.0727836606846531	-0.239151851097884	-0.239151851097884	-0.239151851097884
"CYP2E1"	-0.382078413226453	4.42435129894657	-0.409930747893106	-0.242524613649281	-0.402146053169813	-0.340994608423126	-0.340501000074416	0.0331318908656846	-0.409150358270897	-0.370051156939657	-0.367593699479525	-0.307946365518644	-0.267036714156532	-0.33399093181521	-0.0465677133575983	-0.100915331186084	-0.372946837149097	0.0335009723242757	-0.258623075840337	-0.159164440123454	2.05827473367106	-0.261331202657492	-0.326769169220781	0.0479562957031159	-0.383295357297296	-0.220850045202055	-0.292807356859853
"CYP2C9"	-0.182872676451004	4.84676543224554	-0.251966953265036	-0.243940525886505	-0.251966953265036	-0.230184081907507	-0.251966953265036	-0.05771187096498	-0.251966953265036	-0.24148432165674	-0.251966953265036	-0.241110300182407	-0.251966953265036	-0.251966953265036	-0.224233901229501	-0.215420315842904	-0.234292688251904	-0.251966953265036	-0.236778120712345	-0.251966953265036	1.0407676698158	-0.251966953265036	-0.251966953265036	-0.251966953265036	-0.251966953265036	-0.251966953265036	-0.251966953265036
"CPB2"	-0.258817185998099	4.79077661310561	-0.063541127518804	0.0598272674855588	-0.137482839786608	-0.0548520764446938	-0.244951384924492	-0.164811944438622	-0.495840921026143	-0.220334943773925	-0.407408828079252	-0.509871346670693	-0.148678402645538	0.259668675035975	-0.323041841334936	-0.371329238055428	-0.271690642608999	-0.516755524388162	-0.0268927153592704	0.147814088581025	0.695157017463188	0.299328788984267	-0.267088773244929	-0.516755524388162	-0.317073021111497	-0.463558843873898	-0.47179532498347
"NOS2"	-0.640605986296065	-0.652855200202021	-0.318114538644342	-0.828904346664247	-0.472373378975647	-0.051648120345385	-0.509458053056799	-0.808522141418057	0.451572384163043	-0.311412967135172	-0.244247602571319	-0.62009218308008	0.736077079862638	1.3493692994253	-0.679680122403531	-0.492713222995597	3.36217514954499	1.95719553263845	-0.569215509242692	-0.750522690895415	0.939578355294527	-0.587389751049489	0.782992724662895	-0.725447377793909	0.117027803587487	-0.897201080623964	0.464415944214408
"BPIFA1"	-0.213080792022699	-0.213080792022699	-0.213080792022699	-0.213080792022699	-0.213080792022699	-0.213080792022699	-0.213080792022699	-0.213080792022699	-0.213080792022699	-0.213080792022699	-0.213080792022699	0.353061413089597	-0.213080792022699	-0.213080792022699	-0.213080792022699	-0.213080792022699	-0.213080792022699	-0.213080792022699	-0.213080792022699	-0.213080792022699	-0.213080792022699	4.97395838747789	-0.213080792022699	-0.213080792022699	-0.213080792022699	-0.213080792022699	-0.213080792022699
"AC011513.3"	0	0	0	0	0	0	0	0	0	0	0	0	0	0	0	0	0	0	0	0	0	0	0	0	0	0	0
"TRIP13"	-0.412862649747508	-1.77357571980068	0.698246613863449	0.0255123085092506	-1.03130117038317	2.13868461374881	-0.0394361445242224	-0.572446639719783	0.572975226213366	-0.00255715089708618	-1.51275123907757	2.09734937148726	0.563804396483237	-0.431902745374908	-1.59820304866018	-0.659287141345374	0.92685377674442	0.879385272855267	0.274351680120321	-0.666123319145681	-0.584617593792437	0.0487682243079677	1.42114850312676	-0.797270671275808	-0.0231088656684041	0.710657020459824	-0.252292908507106
"TGIF2LY"	-0.192450089729875	-0.192450089729875	-0.192450089729875	5.00370233297676	-0.192450089729875	-0.192450089729875	-0.192450089729875	-0.192450089729875	-0.192450089729875	-0.192450089729875	-0.192450089729875	-0.192450089729875	-0.192450089729875	-0.192450089729875	-0.192450089729875	-0.192450089729875	-0.192450089729875	-0.192450089729875	-0.192450089729875	-0.192450089729875	-0.192450089729875	-0.192450089729875	-0.192450089729875	-0.192450089729875	-0.192450089729875	-0.192450089729875	-0.192450089729875
"CTD.2192J16.24"	0	0	0	0	0	0	0	0	0	0	0	0	0	0	0	0	0	0	0	0	0	0	0	0	0	0	0
"KCNA10"	-0.414029249054379	-0.414029249054379	-0.414029249054379	-0.414029249054379	1.14003579655492	-0.414029249054379	-0.414029249054379	-0.414029249054379	-0.414029249054379	1.84766210208942	-0.414029249054379	0.839403468412031	-0.414029249054379	-0.414029249054379	-0.414029249054379	1.44426017113328	3.8372819410067	-0.414029249054379	-0.414029249054379	-0.414029249054379	-0.414029249054379	-0.414029249054379	-0.414029249054379	-0.414029249054379	-0.414029249054379	-0.414029249054379	-0.414029249054379
"GRAMD1B"	-0.492632502808359	-0.0259713225231852	-0.452648209585925	-0.943380618069903	2.714846826221	-0.874194576722856	-0.783110965329374	-0.692582173629339	0.659101926588169	-0.72470116826246	0.0622956207965361	1.69401071262533	-0.0367551298533556	2.06461031773027	0.102361946091546	0.0772144725039455	0.255745147511998	-0.597483365585038	-0.470071532277677	-0.709003961794294	-0.662224891841838	-0.444870638933849	-0.159473382362062	2.0019531526446	-0.845190630773255	-0.875124251496764	0.157279199136141
"CFHR3"	-0.122841046462055	4.92705399382408	-0.287677384256114	-0.214782187697953	-0.314464175842287	-0.276603990762499	-0.204842581959857	-0.109544301706758	-0.336292389417347	-0.290313145907916	0.024154195366941	-0.21879198286265	-0.304650285191644	-0.140498959922125	-0.286829169376552	-0.056520040058725	-0.273775129442708	-0.336292389417347	-0.30779003628288	-0.319975697635722	0.16333960973329	-0.127894656799723	-0.253044431718623	0.425917373335443	-0.336292389417347	-0.336292389417347	-0.0844564107035803
"AKAP4"	-0.192450089729875	-0.192450089729875	-0.192450089729875	-0.192450089729875	-0.192450089729875	-0.192450089729875	-0.192450089729875	-0.192450089729875	-0.192450089729875	-0.192450089729875	-0.192450089729875	-0.192450089729875	-0.192450089729875	-0.192450089729875	-0.192450089729875	5.00370233297676	-0.192450089729875	-0.192450089729875	-0.192450089729875	-0.192450089729875	-0.192450089729875	-0.192450089729875	-0.192450089729875	-0.192450089729875	-0.192450089729875	-0.192450089729875	-0.192450089729875
"IL13RA2"	-0.0181300441998997	-0.41456543915512	-0.570956263346393	-0.831820226141994	-0.0196514096653238	-0.677621151881005	1.32689191164935	2.17155332254254	-0.355852594307488	-0.785665172812587	0.660116649222123	1.7877960881025	0.401681338947825	-0.861254971864986	-0.620003897258565	-0.763611868093694	0.967876320049004	-0.831383843547799	-0.865080056496355	-0.826117654444443	-0.592256946022423	1.75373229964469	-0.723184366557522	1.84774892667846	-0.675329445330251	0.31950005910464	-0.804411564815277
"ARG1"	-0.299894715354276	3.26802091405704	-0.288199845684577	-0.313725368544553	-0.150752319269451	-0.283985694935576	-0.293893801481153	-0.280385249106065	-0.18684684887648	-0.284160071402523	-0.305991727981198	-0.308537002567183	-0.304149585798523	-0.313725368544553	-0.286522513448424	-0.266290910830119	-0.0962491091370548	-0.289197223063612	-0.259575544745918	-0.253318898362218	3.6515393511662	-0.285531623367017	-0.313725368544553	-0.313725368544553	-0.313725368544553	-0.313725368544553	-0.313725368544553
"RP1.179P9.3"	0	0	0	0	0	0	0	0	0	0	0	0	0	0	0	0	0	0	0	0	0	0	0	0	0	0	0
"RND1"	0.235291917310615	3.9304224048704	-0.702929226718064	-0.379707559614888	-0.932491455351651	0.147697235713357	0.943824914361898	-0.301036284326979	-0.729732500350606	-0.556234993064313	-0.15657109725585	-0.858979810713018	-0.468009837315728	-0.563223619241029	-0.549894109209897	-0.196274423454443	-0.589260034575218	-0.821310953061416	0.0678865946598458	0.20479072283944	1.91112978797118	0.360162409698131	-0.149672776129949	0.469916370422656	-0.293191121907853	-0.413804272547147	0.391201716990528
"FLRT3"	-0.321452825308092	0.343076524242131	-0.19294696457769	-0.755023666398469	-0.688871498495315	-0.526703356190155	-0.792518210111471	-0.811852160338243	2.00658533231191	-0.343925891771444	2.61112620481474	1.049510094	-0.821600069848491	-0.048606105924651	-0.268680571354258	1.26565633901259	-0.787832880359527	-0.768901925094161	-0.827324038915577	-0.826744224691783	1.56218799070888	1.39155204135766	-0.645396295509794	-0.0303998950671584	0.614662788004652	-0.743035896801083	-0.642540837695195
"DEFB1"	0.313310109379045	2.33157799907558	-0.521214618910873	-0.30006234528736	0.393431808585597	-0.521214618910873	-0.322928234300174	1.61862862744701	-0.521214618910873	-0.412817678445837	-0.14742487917857	-0.461485607233144	-0.521214618910873	-0.521214618910873	-0.0685739093582451	-0.166296106320978	0.000661187929231579	-0.269439284499718	-0.476443213209278	-0.521214618910873	3.72728943205733	-0.260464738294216	-0.286816979237545	-0.521214618910873	-0.521214618910873	-0.521214618910873	-0.521214618910873
"TPM3"	0.114158853020388	0.729780952045513	1.57566315187218	0.883594972298801	0.176453050894165	-1.20674440649104	-1.564760226472	-1.35066816196796	0.796629869089508	0.709720794269281	1.70330591805777	0.812496135203084	-1.11469612616432	-0.562365650801919	0.328063408562308	0.658943970397057	0.724811171765546	0.374154888718768	-0.345880583093628	-0.966228008460777	-0.53002928238313	-1.23444614327456	1.70263957696211	-1.58839592269148	0.15047424623513	-0.792880272390188	-0.183796175200628
"MAGT1"	0.924504807411969	1.26053747176157	0.0558566717384868	1.80461631610329	2.50664654659967	-0.936582479250357	-0.0145799188473831	0.265911169104041	0.77656418194973	-0.511831562035526	0.698234922859637	-0.0227620623305676	-1.73199548348607	-1.90130122609682	0.0612635901672286	0.0786160293569668	-1.15900233659503	-0.565534842277915	-0.217354145447954	0.182227067248308	-1.05732670048325	0.664566615034327	-0.690536206838684	0.193027173196031	0.364974444713052	-1.0656484798052	0.0369084362504633
"SLC39A8"	0.826915518496195	-0.192877270319874	-1.16202857535367	0.229055745204994	0.168582128028436	2.0706292706694	0.212201790810728	0.506284473413374	-0.00927843649365981	-0.659914843525326	0.467420599340104	0.467731077350621	-1.13212191511156	-0.029741182929823	0.303845174993939	0.698804567433941	0.928346909203116	-1.38947243119881	0.221899944598321	-0.143495274514071	-0.431743087165841	1.11633019271894	-1.00695957848386	1.29624751760869	-1.57924731890691	-2.5410019739293	0.763586978061913
"NPTN"	1.25257315934096	-1.12728949126387	-0.254769622797588	2.69888453835732	1.29670416482969	-0.535559469194034	-0.627460703406942	1.03426709749091	0.863188454085613	1.34786272683081	0.862186519101722	0.577355353854488	-0.419416583561208	-0.147103688560389	-0.487078969577548	-0.12443283377539	-1.01775164376967	-1.57001616678906	-0.617524523158781	-0.393825756310693	0.231732696625122	0.525054367513933	-1.66007093255626	0.00164832644317425	-0.379281769574918	-0.929830793306365	-0.400044456871023
"RAB21"	0.638712610764589	0.545680097489383	-1.12399528068738	0.332303216885117	2.26357946271623	0.153252690632324	0.0485514302156164	-0.393162669312066	0.265488282573636	1.08528704295299	1.14698320203345	1.3212029844203	-2.39356899153419	-1.14595738897194	-0.422100012580816	0.027002553779099	-0.970534800848025	-2.07354786171941	0.375567465014385	0.588214867169913	0.586722711704962	-0.508485325124176	-0.341131354044868	-0.396272424899578	-0.387002397624886	0.268355269323905	0.508854619671451
"SDPR"	0.697954717108276	0.836965144518403	0.361972607579381	-1.02869767321074	0.0201366428230158	2.00635407807279	-0.362780969359885	0.19756079027793	-0.484354280029927	-0.522739696786616	-0.588327799648965	1.82784125789803	-0.681899257437652	-1.04875631540256	-0.607944283381841	2.06601666503149	0.39880453908746	0.0282384412563075	-0.0860293579910149	-1.27948658725079	-0.377232528072694	1.04601197389454	-1.57330935190043	-0.0750761177718695	-0.981728080104113	-1.0174797649577	1.22798520575918
"HBB"	1.05532986332163	0.591364209405133	1.55492310032915	-0.454282282462214	1.53237565070984	-0.628285543568844	0.872018706886521	0.13764973071504	-0.181153817470616	-0.0231340920057746	-0.879760607317653	-0.544008028565752	-1.44941736953844	0.188998347528531	-0.32445691315865	0.175596972283748	2.11678791389407	-1.19425321091355	-0.411398681632725	-1.55525028367344	0.3136330099463	-0.172783771440446	1.34096139261803	0.930342881230309	-1.27612139191642	-1.41772055572654	-0.297955229477244
"HBA2"	1.1860193341482	0.0297875276753467	0.967788324036989	-0.521179662044595	0.72955136120273	-0.961834044325883	0.768780058320696	0.68412174503233	-0.386739756672079	-0.583925988640877	-1.15332951943706	-0.732066321133164	-1.16573518456133	0.133934256070527	-0.889969052264958	-0.406207779342843	1.92679640001169	-0.730948391166115	-0.20908421529576	-0.995414850313391	0.0728963964556126	-0.606160444584626	2.61527998150527	1.50038602947531	-0.900033541248488	-0.712071400293969	0.339358737390435
"FIGF"	0.558850392677944	1.36992430142081	-0.173035539462184	-0.878771305808722	-0.305029367856111	-0.65503135483784	0.54364720879321	-0.0684826184383322	-0.944162071193393	-0.658630295460519	-0.803569808360775	0.700496634100729	0.368071874577716	-0.484663490565037	-0.157984326813072	1.10537742685353	0.319521472173491	3.68887410448759	0.439938618479087	-0.178500983765554	-0.78358933229025	0.480216737552899	0.118274813831989	-0.670385657178649	-0.97511435650806	-0.9781217683351	-0.978121308075392
"GPIHBP1"	1.03195824587136	-0.745990596302522	-0.179890401529973	-0.967152183612041	-0.993672017476088	-0.391079483708932	0.207431852958721	0.911888207582312	-0.973362889276412	-0.523594206836298	-0.324048521987396	-0.343819924503674	0.0900598151003748	0.0771511498936739	1.19793687266204	2.99662133722666	-0.401268347451521	2.29542476793801	0.638451409006177	-0.514523612306539	-0.307055176245325	-0.998358800214684	0.554323152662636	-0.101582463258995	-0.277417764868169	-0.888022471754068	-1.07040794956933
"HBA1"	-0.255094073996536	0.198395061100724	-0.133183320946101	-0.252408179344597	1.0657613004849	-0.771607247654185	0.885995371179625	-1.06175330904215	0.211363142974225	-0.219372922382391	-0.899642281881149	-0.68069243112698	-1.16243440597918	0.922672166312026	-0.797014146894087	-0.496352490170899	1.49631827768889	-0.784643404855767	0.0302125797463108	-1.07145182370533	0.496353062850203	-0.349458352749544	2.85858932897819	1.87049120021179	-0.849280686847085	-0.80618648764063	0.554424073689727
"ELANE"	1.63209257722346	-0.0334739777289265	-0.625669126541004	-0.480156477585055	-0.504312219282522	-0.625669126541004	2.85489902608853	2.89745974496842	-0.475050777453837	-0.625669126541004	-0.0184263962097073	0.323036614735555	-0.625669126541004	-0.122506065625917	-0.625669126541004	-0.192974605885999	-0.307895173777359	-0.155957692043357	-0.202989643913578	-0.625669126541004	-0.625669126541004	1.01234177817496	0.656273680266374	-0.625669126541004	-0.625669126541004	-0.625669126541004	-0.625669126541004
"TMEM100"	-0.0151737213295344	-0.114933479068626	-0.640615125757032	-0.643330487606097	-0.590399496988116	-0.585259328513809	-0.387128241488941	0.0233825721677188	3.11816552280878	-0.226200002860069	-0.260169772031495	0.102962706397796	-0.584153233898841	-0.336510104976807	-0.1655526158567	0.59779949435745	-0.459067336468321	-0.120342118445742	-0.0447446442311893	-0.431321038058535	-0.455207812996297	0.842119187733924	-0.448219837997588	3.35441154373708	-0.603033846490321	-0.626135415838406	-0.301343366300283
"ADAMTS8"	0.717481721156629	-0.608897575708572	-0.739469967387327	-0.879361424230949	-0.714783948728145	-0.817545434389432	0.909735563075016	1.68661253334102	0.753230205413796	-0.337885048853606	-0.60678005641817	-0.733918044169819	0.125001980476051	0.0835996526687477	-0.927452635064925	0.723272071419623	-0.682144178557845	0.0835397946609576	-0.416658618232505	-0.695833188261784	2.36087385004884	-0.0142499544772871	0.373050167572566	-0.927452635064925	-0.668282670220009	-0.738783560827565	2.69310140075962
"EDNRB"	0.0138183194670383	0.329395858447075	1.34902131177053	0.599259409009284	0.375928480853224	0.203716742019898	1.02419482563973	0.613931265121183	0.264304398278401	-0.577131061730307	-0.0630497733203925	-1.65886279584137	0.389174893463492	0.281240444861974	0.679751319886841	0.995600280397208	-0.699407285639127	0.965899416866165	0.281947498874724	0.452313907658088	-2.25823390695955	0.459698086448691	-0.78811351441185	-2.41412500636548	0.740781041957566	0.226342641578972	-1.78739679833201
"SCN7A"	-0.307689351802514	-0.0784955201684999	-0.365335304940946	-0.392861258655412	-0.329075575846274	-0.367137785158229	-0.186688949025418	-0.0521050554080083	0.987806284592033	0.321892636929584	0.0890528737410513	-0.31423340287619	-0.387051646371647	-0.216271038876366	-0.321488307778133	-0.0992719367694267	0.0983701216624134	-0.354930403843159	-0.360475926052335	-0.380524308907042	0.19689200714392	4.75752601336131	-0.392861258655412	-0.392861258655412	-0.392861258655412	-0.392861258655412	-0.366459130329067
"AKAP12"	-0.129369723993158	0.661080206963733	0.952213585449072	-1.05538779333461	-1.75513068193469	0.855001392124554	1.08529235187041	-0.154902968773731	0.293103739751598	0.516900431913085	-0.39879063365547	1.68924337524105	-0.108223535738999	0.145673960996037	0.626070717944434	0.544198015583414	-0.585082221900934	-1.01001501984263	1.4536088967101	1.45455263309977	-1.82898736047851	0.243209630372821	-0.472049890285667	-1.51858602974862	0.0803561602220153	-1.6975856302303	0.113606391675228
"IL6"	-0.0416588721313298	-0.716636051247635	-0.89560879907079	-0.885145146073559	-0.831440572648199	-0.546859338038482	1.18947037986396	0.148044369039772	1.9378332981567	-0.183399635200893	2.30905904523409	0.74064131654428	0.339680280921165	-0.560275464321193	-0.239424644993536	0.617244821541151	-0.278576895852291	-0.831677660323435	-0.681074308298476	-0.965260557072147	0.373554000270064	-0.605592124386465	1.07738781400753	-0.896333294715275	-0.928843128956243	-0.825766268393095	2.18065743614433
"CCDC141"	-0.132331018929793	-0.471457728942408	-0.202652628882295	-0.632432426997596	-0.567941485250351	-0.621527874147154	1.56602185255955	0.874962569491581	-0.614662196842417	-0.606432067224798	0.245698336253163	2.98186482685639	-0.488821648130207	-0.453527418677433	1.05851448969746	-0.17216032395456	-0.37426997701991	-0.602202234987855	-0.23134246401764	-0.594214833521418	-0.574267767882941	-0.0160423631197333	-0.59110554232718	-0.601270013530236	-0.35249630747821	-0.595546421417061	2.76964266842305
"ALAS2"	0.343142670988385	-0.485878264237375	0.02098457788858	-0.490160500544906	1.48298287498994	-0.545322982185043	0.292650254751824	-0.0526686294631623	-0.327474223578749	-0.340542771841539	-0.559673930158981	-0.523802042379738	-0.500409776522037	-0.587092690914343	-0.306403861051956	-0.35198207959915	3.12140092203721	-0.485101188568463	-0.558846407875912	-0.55523488889059	-0.0904911320170749	-0.587092690914343	2.96044836734931	0.761115974968496	-0.587092690914343	-0.587092690914343	-0.460362200401693
"PTX3"	1.49905756007369	-0.88198852967192	-0.188055416479166	-0.948533097017899	-0.862283363236358	-0.565222263184669	1.03314257066474	0.545923181314972	1.19619055879367	-0.400293137054579	1.27120264445873	3.09846272163761	-0.603528609925514	-0.531618058624905	-0.810029979025386	0.0715189708248779	-0.272460518898121	-0.949967976577938	0.540021870560634	-0.84401906106396	-0.317253711470117	-0.452249085363463	-0.8674745039273	0.571238010754831	1.06476815832963	-0.803585802855037	-0.59296313303705
"CLDN5"	0.678206490268102	-0.352046111558341	-1.82459948679004	-1.69229152208933	-1.16280119619632	-0.445865095164526	0.343080463391028	1.36586502343291	-0.675783260247016	-0.952750599800014	0.045082424832993	0.37142657463053	0.423667358508916	-0.353419760895982	0.319842104558599	1.26011982642644	0.616055962467844	0.453116108410141	-0.203081055323581	-1.3504416472127	1.37834716316474	-0.247151378862055	1.87832288960498	-0.482416281833357	-0.357488210957008	-0.824744982409607	1.79174819964265
"FAM71A"	-0.567970076738894	2.7969240626693	-0.567970076738894	-0.567970076738894	-0.567970076738894	-0.567970076738894	2.96060916864855	-0.567970076738894	-0.0281464826945391	-0.567970076738894	0.11623284341674	-0.567970076738894	-0.567970076738894	-0.567970076738894	-0.567970076738894	-0.567970076738894	-0.0198513177555949	0.254433025759475	-0.567970076738894	-0.12500117444753	0.438080189928948	-0.0757966784641781	1.63128862833821	-0.567970076738894	-0.567970076738894	-0.567970076738894	1.13874896242292
"SFTPC"	-0.542557236824661	-0.551309934726384	0.146197744628107	-0.391067176795222	-0.483466374550075	-0.240306529310606	-0.192115876722907	-0.444708662658035	-0.582933904539573	-0.474674780732868	-0.507705370970421	-0.539083811607321	0.310763315360094	-0.182766933733489	1.36602260203514	-0.492632492448436	0.145832622445	2.48447939487583	-0.497045243176815	-0.263367045490903	-0.582933904539573	3.57761970836714	-0.477877255027519	-0.582933904539573	-0.267133559577488	0.848638514800134	-0.582933904539573
"CXCL2"	-0.282864466316193	3.76152131326998	-0.950274464392682	-1.00733462508423	-0.682869017990644	-0.442769434558752	0.961629205440637	-0.335114108799978	0.191987223372027	-0.434466159884512	0.0823999485092267	1.12245598310742	-0.121791621714502	-0.477911901428184	1.01264930703001	0.390815706336671	0.308499266272642	-0.924304425459958	-0.675618449779193	-1.05334582450787	0.792063581366911	-0.227678269238458	-0.470543367473482	-0.225643400549558	-0.872855116126752	-0.372614378082121	0.933977496681551
"DEFA1B"	0	0	0	0	0	0	0	0	0	0	0	0	0	0	0	0	0	0	0	0	0	0	0	0	0	0	0
"GRASP"	-0.0240287568719505	-0.371512551876505	-0.541120925767062	0.271896592848761	-1.54079386000646	-0.194261910770073	0.279150408727824	0.170262784286404	0.358602014974793	1.21100239435655	1.06386348558868	-1.67796688636669	-0.499333030744916	1.2873775761123	-0.0934621849477757	0.306780460474024	0.252706115074283	0.928841965386784	-1.61167708025809	-2.09340031303043	-0.184616125973397	-1.36182557370648	0.359842662882475	1.32004507481173	1.72828401091975	-0.199178459839674	0.854522113715129
"DEFA1"	0	0	0	0	0	0	0	0	0	0	0	0	0	0	0	0	0	0	0	0	0	0	0	0	0	0	0
"MEDAG"	1.66581484686766	-1.15539337484625	-1.17778574119054	-1.159048598214	-0.487154786972955	0.0203167806276749	1.29100293079845	0.881183987845413	1.17257922593558	0.806798685944059	2.66964224590542	0.582097905344381	-0.91477020543762	-0.204831995577252	-0.491242315948583	1.13229422289518	-0.0314690646627518	-0.266911816661996	0.466296856331949	-0.373336258051626	-0.0753324932659304	-0.955481053993891	-0.287675051723048	-0.0511588317053629	-0.88635557892751	-1.16085242554243	-1.009228095774
"RGCC"	0.747936168908835	-0.989558434507347	-0.148663932608342	-1.59823702370622	-0.670151718257102	0.262642994298931	0.731013332982355	0.358846524092413	0.179627637510822	-1.57750654701535	-0.353601106520743	0.0980405863432217	1.08608027222658	-0.918262840815712	1.2391274596146	1.13057646740455	2.01598122162619	0.590479415394528	-0.778570005177499	-1.47285989765962	0.832812512545053	-0.0350939871171917	-0.0371524788313366	1.2093807456159	-0.431326651448605	-1.87505624133166	0.403495526432745
"AADACL4"	3.89149376768025	-0.27539429578021	-0.27539429578021	-0.27539429578021	-0.27539429578021	-0.27539429578021	-0.27539429578021	-0.27539429578021	-0.27539429578021	2.99336362682499	-0.27539429578021	-0.27539429578021	-0.27539429578021	-0.27539429578021	-0.27539429578021	-0.27539429578021	-0.27539429578021	-0.27539429578021	-0.27539429578021	-0.27539429578021	-0.27539429578021	-0.27539429578021	-0.27539429578021	-0.27539429578021	-0.27539429578021	-0.27539429578021	-0.27539429578021
"MPO"	-0.682479278942595	0.2302661556215	1.24043426368833	-1.05878269404681	-0.691096116987584	-0.970515835778867	0.0149166409143038	0.424674419427965	-0.6137999146918	-0.74079340668946	0.211855137297014	-0.537270609184142	0.55631579082458	-0.684759217235518	2.07039212135015	3.29690262602315	1.38042339463053	-0.100713450676322	-0.00521830861265046	-0.31538142320469	0.224475465607773	-0.442066981507876	-0.754647026955196	-0.417438345997632	-0.271241117016438	-0.778856136995963	-0.585596150861754
"MUSK"	-0.391701453092413	-0.405319797713011	-0.501637701270621	-0.501637701270621	0.578245081665271	-0.436505491496738	-0.501637701270621	-0.236245919866407	-0.0321670517999632	-0.501637701270621	2.5163464366236	2.28105470379055	-0.435842049144441	0.526808691449268	-0.501637701270621	-0.455163196008447	-0.501637701270621	-0.501637701270621	-0.501637701270621	-0.400562142063258	-0.501637701270621	-0.443411442867162	-0.246241940789601	-0.0165084078950303	-0.501637701270621	-0.501637701270621	3.11522869318462
"GIMAP5"	0.342295556296644	-0.144322306056671	-0.0592053158600134	-1.99689338550402	-0.67679704492466	-1.27269447183207	-0.182682055739607	0.423406340294514	-1.6239452875629	-1.07839895396626	0.685317988923139	0.336029577271147	0.692852341975336	-1.02428002395729	2.07671651935744	1.16111328583928	0.621071451097255	1.69327276607113	0.455427493598327	-0.825665722649572	-0.48383404181045	0.911065811080921	-0.363462603978711	-0.729444082759678	-0.296372560872156	-0.0704143163411792	1.4298430420101
"CXCR1"	-0.244040566994021	0.98131913108642	2.66400380709	-0.607931594098352	2.2585586016045	-0.653022330723894	-0.23208082102905	-0.645724118842487	0.676217874087814	-0.072885832930737	-0.530790476546357	0.00583857305582364	-0.652098405742517	-0.673619675431693	-0.562526741213245	0.126978051694765	2.13124419804836	-0.623754205312099	-0.549736780272709	-0.673619675431693	1.33238111446301	-0.308180264044084	-0.673619675431693	-0.516011308724372	-0.673619675431693	-0.673619675431693	-0.609659527498301
"AGER"	0.0650926300125639	-1.11891411759872	0.091872151256455	-0.92864715459448	-0.830703315348092	-0.576646439371816	-0.361791254209936	0.165012010274403	-0.298774050770035	-0.510879680295866	-0.0246197694645356	-0.654181172187436	1.06842302534993	-0.849464174941659	0.424314608914211	0.353802269368943	1.62296981557729	1.52152651563616	-0.974967326599598	-0.717637621469253	0.597746251455828	1.16518318952802	-1.27705969331369	2.34984654650267	-1.44879958198091	-0.349845619050457	1.49714195732001
"SSTR4"	-0.36000847673135	-0.36000847673135	-0.36000847673135	-0.36000847673135	-0.36000847673135	1.2281513998515	-0.36000847673135	-0.36000847673135	-0.36000847673135	-0.36000847673135	1.84798611966572	-0.36000847673135	-0.36000847673135	-0.36000847673135	-0.36000847673135	-0.36000847673135	1.09296541761288	-0.36000847673135	-0.36000847673135	-0.36000847673135	-0.36000847673135	-0.36000847673135	-0.36000847673135	-0.36000847673135	-0.36000847673135	-0.36000847673135	4.11109202769096
"DKK2"	1.14023893672626	-0.47358130608426	-0.807399420247696	-0.684072932201288	1.650886340173	-0.717426482727316	-0.494876845381109	-0.281477690675393	-0.873561592004861	0.937836040454071	0.599461600648158	1.89377146398408	-0.45436854630457	-0.505023327225622	-0.476062303462711	0.599522277671092	0.310089898632979	-0.684869182730012	-0.253057273210059	-0.459615414698384	-0.680432271960558	-0.316187092984283	0.112420934037121	3.16821239229932	-0.697592467470372	-0.845676393939388	-0.707159341318201
"NDNF"	-0.107806698038922	-0.384590644511454	-0.53087207172441	-0.499406903102983	-0.378693123380712	-0.291242233973382	-0.177199348989593	0.509663196896322	-0.00868403126733455	-0.490062021878973	-0.198546749301913	-0.448466413150076	-0.471739253610771	-0.122694862078421	-0.172587409084991	0.640449126654055	-0.0436279834682287	-0.403051617590149	-0.0178918747713469	-0.297875992112685	-0.406514554305494	4.27498225971755	-0.369700676796302	1.98877609504345	-0.53087207172441	-0.53087207172441	-0.53087207172441
"CYP3A7"	-0.28375861122119	4.823031925058	-0.232057571505875	-0.28375861122119	-0.217383567653491	-0.257391368952006	-0.28375861122119	1.08194260583217	-0.191566901879098	-0.201841789409474	-0.283754732120631	-0.269799189829204	-0.25803084006365	-0.230999271911549	-0.28375861122119	-0.236341085787758	-0.261675923581066	-0.250545554311767	-0.264802294879689	-0.262506936599096	0.144435425563324	-0.232911958474145	-0.28375861122119	-0.28375861122119	-0.215246694902617	-0.28375861122119	-0.196243996044046
"PGLYRP1"	-0.374547976818655	1.23253651732559	2.33106762096041	-0.70979984916604	1.74923489902062	-0.529652122926772	-0.358493629556753	-0.662747277917139	-0.484253769065781	-0.626661088438628	-0.692077655792163	-0.422953438401864	-0.540599732861374	1.9406668831061	-0.463149720997697	0.644452614140852	2.14370885709349	-0.826420007870218	0.0270502036716528	-0.625635646059222	-0.826420007870218	-0.826420007870218	0.187226480411269	0.274610953333566	-0.826420007870218	0.0921169182896181	-0.826420007870218
"TMX2.CTNND1"	0	0	0	0	0	0	0	0	0	0	0	0	0	0	0	0	0	0	0	0	0	0	0	0	0	0	0
"CCL23"	0.94396078847612	2.21608670773361	-0.691286257585312	-0.652495138421163	-1.03449416497693	-0.667680020538757	1.17901553035243	2.34125746123972	-1.00616350880525	-1.08853313869951	0.532688476938988	1.18068735512327	-0.598355945340231	-0.949691372286792	-0.373833034020379	1.35544816922045	0.449071138838909	0.387460862488922	-0.297413696852969	-0.98180049207591	-0.179315048960669	-0.0290840934572105	-0.752196257714904	-0.710747510533109	-0.553171408402167	-0.709858669195075	0.690443267453922
"COL6A6"	3.8936594793354	-0.543640056929109	0.25945182400148	-0.515383828896582	-0.39320427928724	-0.7067664801142	-0.0839035363402367	0.851201231403034	-0.731621548981142	0.0638992405729322	-0.69916757482037	0.272444491946103	-0.590416369872352	-0.61688249978286	-0.535993110753606	1.78437562366456	0.107499978785967	-0.536728738868958	-0.471402035388679	-0.483124452573906	0.757471684416038	0.584964041172682	-0.591268361206868	0.65263713954696	-0.640210710728865	-0.351562379462797	-0.736328770837381
"HIGD1B"	0.146117679671949	-0.491168760521949	-0.260395741785448	-0.541874940561894	0.414356702999178	-1.19578144710148	-0.269532439246918	-0.844122458170656	-0.360992062043861	-0.0408902888066702	0.322571035877603	-0.259243870436983	1.21704912692413	1.45426416321615	-0.0677157644644551	1.37827339104459	1.92256692426403	0.34304075766206	-1.06738352439474	-1.55396907550943	-0.222807085876451	2.62784023035955	-0.223255804947529	0.171446415632704	-0.590097428278659	-0.546819999412255	-1.46147573609257
"SLC6A4"	-0.0378965447448004	-0.378515187343415	-0.286126472949384	-0.497357404135284	4.82748302911846	-0.229895755463511	-0.173837374670064	0.201349825884774	-0.192580686991883	-0.523798562441714	-0.288306872262757	0.183974744652588	-0.433704023196804	-0.336881678506912	-0.43724037955804	-0.301471231155172	-0.367202923785078	-0.411207399076713	-0.0225062630407617	0.0909314048816696	-0.0550327681980299	-0.426415497533215	-0.243754184139167	0.644721344699305	-0.165423953959573	-0.264673481079433	0.125368294994917
"DEFA4"	-0.565662993451242	2.84501378295978	2.3151147094271	-0.565662993451242	0.257043556978624	-0.565662993451242	-0.565662993451242	-0.565662993451242	-0.565662993451242	-0.565662993451242	1.28751206671527	-0.565662993451242	0.757873715607961	-0.565662993451242	1.17025329264889	-0.565662993451242	1.58788283745374	-0.565662993451242	-0.565662993451242	0.526902913782224	-0.565662993451242	-0.565662993451242	-0.565662993451242	-0.565662993451242	-0.565662993451242	-0.565662993451242	-0.565662993451242
"LRRC32"	1.16773409544147	-0.995135498486976	-0.0206336726489439	-1.85953497956144	0.667208244441046	-0.675016191418685	0.156947197063845	0.346324097085222	-0.00166742882467724	-0.111202531010025	0.0967139291346202	0.215494880413357	-0.362008014972261	1.82095452550075	-0.957766635856366	2.15092197382927	1.57488188827573	-0.306804248100019	-0.310242180153687	-1.35275102624228	-0.0439028300657471	0.443012607856036	1.45659918612817	-0.549620349111252	-0.169135679149603	-1.41086924860859	-0.970502110958978
"COX4I2"	-0.1101915048835	-1.27753327788109	-1.43241136492913	-0.774542118200743	-0.665470497762544	-0.936937160702388	-0.138416748581267	0.116224746926702	-1.03234364788859	-0.380185167223969	0.202069861283896	-0.626860898360761	1.19750518024854	1.48634539003601	-0.154735244332092	1.50100104820355	0.510979848988038	1.60559390769821	-0.832405689675038	-1.0744454400063	2.0512086639172	0.994520995977088	0.513252408567122	0.851861027256914	-0.177538995881488	-1.3714546239908	-0.0450906988035716
"S1PR1"	1.43252287446905	-0.295646381331647	-0.468622000330556	-0.778295907874505	0.236832698787312	-1.0414923474131	0.391928035749501	-0.300669096248691	-0.25167282974321	-0.419298230384156	0.202955239719297	0.0867129425860994	-0.731118248863114	-1.10127752825626	-0.0442496357479565	2.17944112946761	1.46765645480837	-0.349981754051808	-0.466599919714059	-1.24819969836035	0.46200068857396	-0.616095599629948	-0.0923952960746827	0.879469987399829	-0.0661445133512752	-1.65485125438939	2.58709019020367
"LRRC28"	-0.495831742859521	0.304079359604771	0.157914552170668	0.43856224276792	0.623189093625905	-0.653457656721302	-0.175605945014199	0.960069201163915	-1.97967087586712	0.516073575102461	-0.446017634005317	-0.771226270440638	-0.966569238306669	0.945399718094768	-0.763365039385739	-0.595025220510514	-1.25455150992056	-0.47872878880999	-0.291471809241178	-0.300794565174227	0.139043841920858	0.47712709020788	0.56119283755785	3.48375122527628	0.164853364226244	0.958139473755228	-0.557079279217776
"NRGN"	-0.732604611998674	-0.93062793816947	-0.159188072118906	-0.09659913516094	-0.428214178001693	-1.1331458831628	-0.689049124334716	0.0276989071715085	0.372780762850059	2.19990129200067	0.0835465800112495	2.98192508381714	-0.554408369940099	0.58762714426347	-1.58064101838263	-0.512485280230858	0.925579054587351	0.0527988941698398	-0.371835566930257	-1.02364594448586	-0.302556319536363	-0.161034075018735	0.889267146913055	0.535854430556426	-0.777581180454567	-0.365069684246691	1.16170708583249
"FLI1"	0.568614474262429	0.267164093500919	-0.2729680244758	-1.64124704027077	0.40364040896823	-0.961825444147072	-0.445884105671095	0.00398281486874719	-0.832132669023133	-0.730036644918593	0.824425141572416	1.15738438053676	-0.113662929405735	-1.09901861348503	1.09606874121536	2.11791956430876	0.865599036634087	-0.617691117852654	0.137612600737357	-0.43315234572406	-0.515316561549868	0.522228037563486	-0.854366310663854	0.0897043773904864	-0.195023557614053	-1.73617042420881	2.3941521174515
"STXBP1"	0.104878674093637	0.907688429842505	0.0395024195549998	-0.20807644214807	-0.384462299813789	1.45253054056563	-0.402234121912164	-1.37111860955131	0.429037032917819	0.477637192149749	-0.315476886514393	-0.914556618791556	-0.167187019396178	1.58637526595318	-1.40191784774723	-0.523766577938515	-0.00352223678565562	1.52062085332439	0.877538908774161	0.888544239028134	-2.11170756740757	0.00662293463991358	0.952284485266895	-1.96364480121204	-0.0765826101827002	1.13954121556286	-0.538548552272702
"DR1"	1.2394449213019	0.778815069255506	-0.0442127147701475	0.937814564850211	0.213956980602934	0.0381217721095717	-0.639771449062783	-0.268196170492184	-0.136572647751548	1.39476693985979	0.896819969169945	2.02526841233186	0.67994586141761	-0.53229290840969	-0.145817064743292	0.0122250481598982	-0.106101796972625	-1.44056780161673	0.330126851845393	0.551781692096	0.0633321170717228	0.171363676360809	-2.43065398745215	-1.65561010335592	0.312787019240229	-1.83258828986797	-0.41418596117834
