"CAF07_1"	"CAF07_2"	"CAF07_3"	"CAF07_4"	"CAF07_5"	"CAF07_6"	"CAF07_7"	"CAF07_8"	"CAF09_1"	"CAF09_2"	"CAF09_3"	"CAF09_4"	"CAF09_5"	"CAF09_6"	"CAF09_7"	"CAF09_8"
"C20orf85"	0	0	0	0	0	0	0	0	0	0	0	0	0	0	0	0
"DRC7"	0.0141242583255893	0	0	0	0.0292561004150776	0.0798110550726466	0.0302931252947243	0.0696413432355315	0	0	0	0	0	0	0	0
"DNAI2"	0	0	0	0	0	0	0	0	0	0	0	0	0	0	0	0
"TMEM190"	0.0590608307743961	0.109900453855721	0.144479005288756	0.0989179662324388	0.0614388667944401	0.0444149123083477	0.0488792299250123	0.168083061635104	0.0190242557930676	0.0346727035171265	0.0683799531266711	0.055783891383306	0.101568380785045	0.0503138337738606	0.0400519214582478	0.0792056939203875
"FAM216B"	0	0	0	0	0	0	0	0	0	0	0	0	0	0	0	0
"VWA3B"	0.030882360217012	0.0547895137009157	0.0483572153088071	0.0443730716312998	0.0479431118070521	0.0531498173929779	0.0496312220693277	0.0763985710202057	0	0.0153627542893148	0.109299352617905	0.0073436842259226	0.0315915287762246	0.0416453854464819	0.0161586540827093	0.0169638343428552
"BMP15"	0	0	0	0	0	0	0	0	0	0	0	0	0	0	0	0
"DTHD1"	0	0	0	0	0	0	0	0	0	0	0	0	0	0	0	0
"CH507.396I9.6"	0	0	0	0	0	0	0	0	0	0	0	0	0	0	0	0
"GRIN3B"	0.943219074008993	1.38181743593195	1.57624467793131	1.25163781441738	2.15727741961416	2.16835663514361	1.21421131020832	1.93223374995185	1.03625853868202	0.921856858088414	1.17163388798096	1.08363134936365	1.44097564509354	1.52074991965045	1.25829405212377	1.27543894742134
"TEX26"	0.120237119385312	0.0124086164911603	0	0.0591100790554568	0.0845070380027511	0.127134914406759	0.0443844822222286	0	0	0	0.0637296770632977	0.0389031325144864	0.0212265269492881	0.0280136931012578	0	0
"AZU1"	0.316701876510102	0.714079785826463	0.728959294706917	0.202398765493202	1.34564802508537	1.72132243700534	0.394369077345543	1.27331822883455	0.114835294266399	0.105560589018639	0.0228227811009417	0.139237319589648	0.286622950840357	0.204507971886325	0.110853963656206	0.417360309635887
"GLT6D1"	0	0	0	0	0	0	0	0	0	0	0	0	0	0	0	0
"OR2AP1"	0	0	0	0	0	0	0	0	0	0	0	0	0	0	0	0
"PRG3"	0	0	0	0	0	0	0	0	0	0	0	0	0	0	0	0
"OR5F1"	0	0	0	0	0	0	0	0	0	0	0	0	0	0	0	0
"OR10K2"	0	0	0	0	0	0	0	0	0	0	0	0	0	0	0	0
"OR8H2"	0	0	0	0	0	0	0	0	0	0	0	0	0	0	0	0
"KIR3DX1"	0	0	0.071556027822118	0	0	0	0	0	0	0	0	0	0	0	0	0
"SCGB1A1"	0.0134030152563577	0	0	0	0.0277695633231451	0	0	0	0	0	0	0	0	0.0121001520395918	0	0
"GSX1"	0	0	0	0	0	0	0	0	0	0	0	0	0	0	0	0
"PCSK5"	2.2673938559007	1.54536913867304	1.93694186605651	2.56432842817543	2.76734211988305	2.85618986061224	2.549729377424	1.86452263228093	2.78598613325231	2.69079294538816	2.74209387423718	2.71847263226046	3.0740206708299	3.00867628165648	2.82347764646738	2.60366997198454
"GYPB"	0	0.0132976169686918	0	0	0	0	0	0	0	0	0	0	0	0	0	0
"PRTN3"	0	0.075606909018444	0	0	0.0855053482688193	0.304206036002291	0.0139698973522287	0	0	0	0	0	0.0263953595067492	0.0233033816807396	0	0
"CNTN5"	0.0157462117328986	0	0	0.0361135092695606	0	0	0.0337502344396332	0	0	0.0233116219761086	0	0	0	0.0282946596510955	0	0
"TNR"	0	0	0	0	0	0	0	0	0	0	0	0	0	0.0244242201848174	0	0
"CCDC173"	0	0	0	0	0	0	0	0	0	0	0	0	0	0	0	0
"CTD.3088G3.8"	0	0	0	0	0	0	0	0	0	0	0	0	0	0	0	0
"OR4D11"	0	0	0	0	0	0	0	0	0	0	0	0	0	0	0	0
"BHLHA9"	0.746055556174869	0	0.890247661728619	0	0	0	0	0	0	0	0	0	0	0	0.769814292900576	0
"OR6N1"	0	0	0	0	0	0	0	0	0	0	0	0	0	0	0	0
"ATG5"	3.62036960496199	3.39254853568165	3.36729388475426	3.52779748787752	3.43674860188117	3.20888584521994	3.6608165996668	3.43922880401707	3.74760295434389	3.77252597644125	3.77381950738464	3.75210298851092	3.60373637102291	3.68520563879774	3.71308979900215	3.73569427836924
"HCCS"	4.58554033147948	4.5102034490435	4.23618059379581	4.52346926667108	4.31703057009598	4.20705176402327	4.7363245588644	4.35681887820222	4.71690948017116	4.94469481960107	4.91187225051051	4.90993759490207	4.70814654792915	4.69430191592401	4.91956732966097	4.75290446046069
"RREB1"	2.78670994063604	1.82206095706166	1.93750717175217	2.62123011888579	2.78911809472304	2.67159148768064	2.53664498756799	1.65117472251788	2.78709536383719	2.67988441794282	2.56259279685424	2.75533199294252	2.60632945245664	2.6081581165343	2.60637057715019	1.96992314142925
"PGAM4"	0.274750771382435	0.585346262900458	0.385314718806611	0.283061881761448	0.402582396982341	0.268161292355621	0.146869878164742	0.25611896966309	0.430616693136558	0.372959032642455	0.214935679748982	0.380825622575747	0.48069724186057	0.320875201415353	0.285002433084418	0.210302103246596
"ARPC2"	6.8712264032015	7.77063972373192	7.45913605731726	6.69927954665557	6.6692723871138	6.78147058622621	6.68943450939829	7.85205288123889	7.03670832775953	7.05185974430193	7.08034489901458	7.08929740322437	7.04288003976068	7.05591250946623	7.05203410362489	7.44766842413176
"ARHGAP31"	2.35771251509289	2.06763402644614	2.10205044002811	2.12375247824635	1.60579105533875	1.58945089295898	2.20516148764075	2.28261663761923	2.56289913448527	2.52536980498105	2.24807239213881	2.34417523181654	2.272616157564	2.34822981911907	2.39385908071629	2.30608908871279
"SLA"	0.0687794808688146	0.271497948612334	0.00492403985557394	0.0224237763921003	0.0401811190902948	0.190490429575244	0.00841648524412547	0.0483635492097232	0.0348003702264017	0.0154086636160605	0.0944569476457241	0.0436404044702781	0.18044531383754	0.163431860741547	0.0322338125404946	0.058693034152354
"TAS2R40"	0	0	0	0	0	0	0	0	0	0	0	0	0	0	0	0
"CLEC4A"	0	0	0	0	0	0	0.0828130344475766	0	0.0351364443513031	0	0	0	0	0	0	0
"RAB5C"	4.2215112243247	5.34416993288527	5.44802949546701	4.27071997473728	4.17441850058977	4.26144242072763	4.44557817049265	5.96087981922156	4.44947294778766	4.23840210564193	4.5785344795491	4.58222047483075	4.47487365763202	4.48337382098027	4.45354414528675	4.71141931692555
"SIGLEC7"	0	0	0	0	0	0.0391788943419744	0	0	0	0	0	0	0	0	0	0
"INHBA"	5.64921807624311	3.376551335336	3.89273681956988	5.3717388465229	5.8378528735144	5.46028832872178	5.47409418328223	2.57169012301021	6.22038463627205	6.19638152680836	6.04897290806179	6.0232015946207	6.56991777819667	6.52550628004123	5.92184069672576	4.87006470852238
"TNFAIP6"	4.38611032463038	3.75750575275883	3.82725378589238	4.3717042662779	4.60437070265068	4.64142060105904	5.1400873579662	3.84706485170456	2.32841854422974	2.2108749572508	2.58053066630458	2.7088694015969	3.46912936002155	3.55430147022903	2.90675488907295	2.90811738090119
"DIRC1"	0.197940510997029	0.303171426140965	0.497611256468563	0.380654448488403	0.0949764712965811	0.226562940238844	0.0982652060419872	0.317786749548878	0	0.0459169129409909	0.139982816211748	0.0220705092963538	0.243562438489857	0.122301209870419	0.0949761471507207	0.0506469325284382
"MMP12"	0.142774138261376	0.168727106273312	0.0788674613289908	0.22851168743891	0.245695976545553	0.0367146747015706	0.153395246652972	0.224143090160591	0.155345334304089	0.278858884210143	0.177956723871168	0.135064536610771	0.223131519723963	0.155732177758688	0.33688198824942	0.196893448152164
"IRG1"	0	0	0	0	0	0	0	0	0	0	0	0	0	0	0	0
"WISP1"	0	0	0	0	0	0	0	0	0	0	0	0	0	0	0	0
"PRF1"	0	0.0554352155566128	0	0	0	0	0	0	0	0	0	0	0	0	0	0
"SULF1"	11.0607966151579	9.78953150952549	10.7087161672505	11.6456042831757	11.2029948389346	11.1326609664749	11.6392743852154	10.3212387925971	11.7555318368712	11.7101509665584	11.9113308985289	11.8930978415111	12.1521235192557	12.1597036067116	11.893834624558	11.5860804664485
"SIGLEC5"	0	0	0	0	0	0	0	0	0	0	0	0	0	0	0	0
"KLRD1"	0.28792404370981	0.102344512562872	0.466724588176014	0.530999887646642	0.638026000164787	0.914569535609026	0.518123214279861	0.107642469945593	0.305427033792667	0.267030814147448	0.347405064908988	0.379029784184236	0.569060103740702	0.469610510779957	0.424679985878162	0.357051058749097
"LUM"	7.10396858806589	6.26947750874057	7.19216563717476	7.845974515054	7.92392743608395	7.93641006708212	8.01055834136807	6.21503039336362	5.62736392535433	5.54244172823509	6.17477657472017	6.16007774554322	6.253310529792	6.27488531067063	6.06235237719177	6.15228203318213
"FPR2"	0	0.0080305051655584	0.0169201444946089	0	0	0	0	0	0	0	0	0	0	0	0	0
"MMP8"	0	0	0	0	0	0	0	0	0	0	0	0	0.0150802793060482	0	0	0
"COL15A1"	11.1135711611172	10.1913367059048	9.88820606851336	10.6149908947054	10.3536651488392	10.3252523505803	10.5560636442288	9.15201668048814	10.0437289605412	10.039136594938	9.60977645878135	9.68039698125002	9.76622423717465	9.71310551395043	9.67764752165747	9.37404614379062
"CEACAM4"	0	0	0	0	0	0	0	0	0	0	0	0	0	0	0	0
"CR1"	0	0.0616029043114597	0	0	0	0	0	0	0	0	0	0	0	0	0	0
"KLRC4"	0	0	0	0	0	0	0	0	0	0	0	0	0	0	0	0
"ADGRE3"	0	0	0.0276218640542882	0	0	0	0	0	0	0	0	0	0	0	0	0
"MRC1"	0	0	0	0	0	0	0	0	0	0	0	0.0145601782469812	0.0157847092921701	0	0	0
"MMP1"	5.49486298833376	5.60001822416318	4.70468702471162	4.62117018749366	5.45897538393742	5.42520012186984	4.59612722192515	4.87519108568286	5.99492454274134	6.08136625109902	5.34932332578769	5.34970976327974	6.24622253172397	6.14728019878899	5.36381522575921	5.52546902251763
"CLEC12A"	0.0276041124916291	0.127181457070239	0.134073205128815	0.016004147157831	0	0	0.0297466843722544	0	0.0493144334959302	0.0934351785120461	0.111442552821721	0	0.0282387354172901	0.188347418134513	0.0428804080805196	0
"CXCL5"	2.35717830001786	1.4748411180554	0.862268672912112	1.52733084852108	2.74482424770706	2.61833506125318	2.41747550099257	0.704274170813252	1.21120738685956	0.948908129608787	0.832417336435843	0.908731652449178	4.06729083558967	4.17995268878736	1.31591704282766	1.03975722421733
"DAZL"	0	0	0	0	0	0	0	0	0	0.0677181128690687	0	0	0	0	0	0
"NCR1"	0	0	0	0	0	0	0	0	0	0	0	0	0	0	0	0
"IL11"	2.47433193318307	2.65905960688505	2.0242741672803	1.60837780115097	3.41380617227315	3.52660545746938	2.24883566553882	2.2847393622784	2.84403224554877	2.82260017765491	2.23691232323164	2.24172237315854	2.67128763754701	2.91009817512186	2.45214210138059	2.47693192754956
"THY1"	13.8865788636814	14.8479510655793	14.9545422024685	14.2506412065601	13.7252121360317	13.8655717468825	14.3058355487361	15.5875794591057	13.4903341011437	13.5304344106321	13.8336943383306	13.8264560351131	13.6614779653161	13.6843603280627	13.8912900068505	14.1650012750033
"THBS1"	10.3163334921564	8.26456281895245	9.09938382423219	10.6520326101876	10.9130098905937	10.7451894196292	10.6750947981711	7.86528804328811	10.4365561837494	10.4147784559525	10.5672118039758	10.58439521981	10.783392752495	10.7849152751336	10.5588949557743	9.92609158455721
"LY86"	0	0	0	0	0	0	0	0	0	0	0	0	0	0	0	0
"OLR1"	3.71779606114157	3.19276615762869	2.66709210407361	3.06703396176094	2.87722240332215	2.77370305252917	3.12296093099321	1.89614073442125	3.50354072008974	3.42274392086319	3.27230519496255	3.42547999932397	3.53482855080807	3.59848371736645	3.24874856869136	3.28792292753719
"RNASE3"	0	0	0	0	0	0	0	0	0	0	0	0	0	0	0	0
"SIRPB1"	0.00992943437407065	0.12512805975864	0	0.0892375100557638	0.0205991729677123	0.0114751785586837	0.0213316054860114	0	0.0354314172615581	0.0767972885251496	0.0608303967236431	0.0371187830619339	0.0500951062040822	0.00896317819436331	0.0509565637112549	0.01085246043484
"CD300E"	0	0	0	0	0	0	0	0	0	0	0	0	0	0	0	0
"CD69"	0.196146987489885	0	0	0.0240630481573202	0.51050414192616	0.589944501004831	0.0224822191184107	0.0261657350634978	0.0647117591768809	0	0	0.0582736965748828	0.200398452943992	0.194793546889748	0.0430991260523481	0.0563142422078073
"RGL4"	0.222600788881299	0.122876677404851	0.0444869112802053	0.151450755568964	0.221945613606154	0.156947069438768	0.0961336116896526	0.0813292869266278	0.253005826237213	0.211722124175836	0.203208056151635	0.111530378410584	0.144478096696465	0.257486376655044	0.097904144514857	0.0710098473783819
"TRPA1"	7.06931544880676	6.2157201339056	5.11415729800109	5.64792250890181	5.83753425293354	5.87157032444173	6.0763833018944	5.12041677270612	7.62088603493024	7.58026035695076	6.36709764999971	6.35610736254796	7.32000696934878	7.31860491716798	6.32282437894589	6.26778137029738
"C5AR1"	0.487142967159347	0.688273574587668	0.977514570827446	0.690717605583034	0.327565891545471	0.441786593978826	0.851559217233515	0.834802906039521	0.37799574407053	0.381659391094741	0.653060869880813	0.511836359822426	0.313455572514305	0.572141653818814	0.697153515580486	0.626395872731285
"FCN1"	0	0	0	0	0	0	0	0	0	0	0	0	0	0	0	0
"CYBB"	0	0.0471740106291139	0	0	0	0	0	0	0	0	0	0	0	0	0	0
"SP140"	0.0148487631039558	0.0609949797530203	0.108668231610515	0.0171349920630701	0	0.147517898779406	0.0859175961691543	0.168017414227922	0.194494865217277	0.0219862607418277	0.0607503499398481	0.0821059033381098	0.0376834091503133	0.0913268647980632	0.0383342564712461	0.0162265178200448
"RNASE2"	0	0	0	0	0	0	0	0	0	0	0	0	0	0	0	0
"ATP10A"	4.48980153023947	4.49979010082091	4.71684191756199	4.63513517186236	4.63561324941919	4.60450050611028	4.75081465951464	4.71521577372079	4.92327197454333	4.96612006235554	5.17973083427428	5.22727573435798	4.8910821771603	4.86439396211111	5.12984980316674	4.925532433775
"FYB"	0	0	0	0	0	0	0	0	0	0	0	0	0	0	0	0
"COL6A5"	0	0	0	0.0321603621263777	0	0	0	0	0	0	0	0	0	0	0	0
"P2RY13"	0	0.0728362641750121	0	0	0	0	0	0	0	0	0	0	0	0	0	0
"CCL24"	0.0138163227281968	0	0	0.00799425986857236	0.0143817353902089	0.0628219785167727	0	0	0.0124409147496018	0	0	0	0	0.0431932821310845	0	0
"TMIGD3"	0	0	0	0	0	0	0	0	0	0	0	0	0	0	0	0
"LAIR2"	0	0	0	0	0	0	0	0	0	0	0	0	0	0	0	0
"RGS18"	0.0226235004479098	0.0135335810342262	0.0284552561040651	0.0260960060254915	0.167888150950771	0.0644525542208809	0	0.0835025536672181	0.218577426969908	0.23861799315146	0.0466336082624069	0.282392279864131	0.23620648348561	0.210244595119953	0.308707143451747	0.24054327610472
"CEACAM21"	0	0	0	0	0	0	0	0.0318505925595027	0	0	0	0	0	0	0	0
"MS4A3"	0	0	0	0	0	0	0	0	0	0	0	0	0	0	0	0
"GJA5"	0	0	0	0	0	0	0	0	0	0	0	0	0	0	0	0
"QRSL1"	2.90062380371008	3.20254019463597	2.97807488586528	2.91751153986977	2.47834087088546	2.0914691668159	3.04814446462418	2.79138305634641	3.00139835211292	3.21822753998755	2.9013669415271	3.07963232595726	2.69326771620709	2.63342000632221	3.06868704283914	3.17373355218758
"HAVCR2"	0.133225489749477	0.157535609946576	0.165979777369167	0.152802477729227	0.324009340752606	0.58821412816818	0.0733607424942798	0.0851382166420917	0.0614794725292301	0.0341220013762988	0.323497509517972	0.241891151019178	0.168303415005372	0	0.202990868153478	0.145051277474836
"ANKRD1"	0.988058830818062	0.789664761671303	0.420141578572925	0.567422434757027	1.00608223875013	0.883079342063146	0.311567189879211	0.177715006109831	1.71959064527549	1.9653306415568	1.67070544921645	1.25811199007084	2.04998759582922	2.24436779878288	1.42818870850551	1.5228603878072
"FGF5"	4.2468988352612	3.20254972037375	3.60207927897838	4.07077105818613	3.66142038582975	3.6526589632902	4.27652531648733	2.91901701725884	5.26810248980305	5.15989777860548	4.7128451389244	4.69040816688898	4.56985810200036	4.64294979881239	4.60992928969802	4.28743620117344
"PVR"	3.33652542058566	3.600180388791	3.21758860917207	2.92092595169487	2.83032606373831	2.89018639188226	2.90761679281099	3.45720369393405	3.58377196104729	3.69847246519123	3.37412806754614	3.4286608848076	3.5479950870378	3.54908997530594	3.38042851529462	3.4920747818716
"DLC1"	10.2900313190394	9.5591050404586	9.23125975030119	9.87834752287376	10.7217432619433	10.6887425299904	9.82450195726964	9.25828292299563	10.4619434111587	10.4244023937143	10.0607051535457	9.98259358007916	10.3764107716975	10.3673792581534	9.92025021810437	9.69535321735923
"RP11.96O20.4"	0	0	0	0	0	0	0	0	0	0	0	0	0	0	0	0
"OLIG2"	0	0	0	0	0	0	0	0	0	0	0	0	0	0	0	0
"ITGA4"	5.02616080330639	2.57266550506755	2.39212833204979	5.01347042979169	4.99364958681527	4.58014938342238	4.85445831574902	1.63007598208616	6.079145217879	6.00470013608379	5.48297401310237	5.55138260481759	5.412375221068	5.38621440516061	5.36369704425738	4.70791081424016
"SUSD2"	2.25735784585057	3.27226487663781	3.17502180576843	2.59647112004554	3.87703103168915	3.86540526766086	2.65962842035049	3.87620599589606	3.18220852622306	3.21078814168393	3.16187036635715	3.02729548393917	4.11821693538198	4.05715392668705	3.19300442641628	3.417472434712
"LILRA2"	0	0.107294310792223	0	0	0	0	0	0	0	0	0	0	0	0	0	0
"TBX5"	0	0	0	0.0114920565372683	0	0	0	0	0	0	0	0	0	0	0	0
"LETM2"	1.73320427833881	1.59758059711187	0.645595788349258	0.997333830324325	1.62494549895832	1.61521744266546	1.07579947400163	1.10458310488104	1.57799703596419	1.48471504185176	1.33308432194657	1.33110595635658	1.43910741026671	1.41033126378666	1.21614741447865	1.01091290056645
"CD93"	0	0.0613775271874247	0	0	0	0	0	0	0	0	0	0	0	0	0	0
"CD80"	0	0	0.0150912081414248	0	0.0124778282093542	0	0	0	0	0	0.0248052174662978	0.0113115851349708	0	0	0	0
"MNDA"	0.0305073315017646	0.290451461668331	0.0756961771202223	0.0176948320438156	0	0.035217655663654	0.0165299704937125	0.0192447540047856	0	0	0	0	0	0	0	0
"STX11"	0.0571054959313267	0.157782755443732	0.133150520570233	0.188894575418656	0.0359365671936737	0.0463944095872509	0.165969216167838	0.0574064092901648	0.110960505402782	0.137356643971388	0.431132208981881	0.218840470420056	0.114536843545515	0.173156262826878	0.357998347606601	0.287731162678348
"HMOX1"	2.17148803999544	2.26917369073374	3.00828052163906	2.81386476058866	1.48247272964036	1.61198436363501	2.85735468000344	2.83298763151937	2.01433250582059	1.98119873449867	2.2423633808244	2.23287926479777	1.81057694349401	1.84843499450735	2.14265191476374	2.28159664402976
"CD300LB"	0	0	0	0	0	0	0	0	0	0	0	0	0	0	0	0
"MAPK1IP1L"	9.77294914910408	9.18353384876172	9.15195148460693	9.56676677720464	9.52340783265222	9.64347559988422	9.67288925165836	8.60667185376107	9.77491802615457	9.67858935936843	9.82848777628053	9.83919167925107	9.84175847222654	9.83916830689223	9.74557972148078	9.676929819357
"OPN3"	0.380146996469452	0.0341736910001489	0.345045565231718	0.42269692255466	0.497252609607434	0.2647275820447	0.333530336297902	0	0.538262112214583	0.556501479105166	0.638781254676424	0.443890856152423	0.611486258004345	0.515236319241607	0.439061367625947	0.604112020032132
"LILRB1"	0	0	0	0	0	0	0	0	0	0	0	0	0	0	0	0
"RNASE6"	0	0	0	0	0	0	0	0	0	0	0	0	0	0	0	0
"CAPZA2"	6.67821941904668	5.69792138994539	6.1792805748595	6.68964849573253	6.27020915164493	6.35965790125787	6.78787653724923	5.18482770950193	6.71184976941655	6.64297328271685	6.82424232994839	6.71260007550393	6.54305701424422	6.5853346475088	6.69754704355958	6.43703415788396
"SRP72"	5.62994190981225	4.79651631361616	4.70907520073276	5.28118438069577	5.10874412587915	5.03396305561372	5.25352198712528	4.13496766982092	5.90214781854615	5.87047095982235	5.60221384521466	5.68063130420245	5.46541029858066	5.4085581338286	5.50754561679259	5.5382037319248
"CD68"	0	0.0681826141781461	0	0.0400054327062134	0.0596969946298964	0.0531613980596473	0.0738368741049091	0.153402181981483	0.0312718129713908	0	0.0478704034609012	0.0219246793674617	0.0237634931587493	0.0313530791306953	0.0943640507455733	0
"KATNBL1"	4.5442076308103	3.71102067071061	3.65108790528013	4.28609968211064	5.02202851353916	5.02850966357278	4.44601677185888	2.94997493530902	4.59025750873969	4.41464343948524	4.58341996505058	4.49148719069008	4.44106451813238	4.57022328060444	4.32575659586182	4.33985939125962
"C8A"	0	0	0	0	0	0	0	0	0	0	0	0	0	0	0	0
"REG3A"	0	0	0	0	0	0	0	0	0	0	0	0	0	0	0	0
"REG1A"	0	0	0	0	0	0	0	0	0	0	0	0	0	0	0	0
"REG1B"	0	0	0	0	0	0	0	0	0	0	0	0	0	0	0	0
"C8B"	0	0	0	0	0	0	0	0	0	0	0	0	0	0	0	0
"SPINK4"	0	0	0	0	0	0.0129867315250616	0	0	0	0	0	0	0.0285750734693983	0	0	0
"GSTA2"	0.0158669733286537	0	0.019969097392994	0	0	0	0	0.00999051766248588	0.0213799307524313	0	0	0.0371478729695241	0.00813946946453145	0.00718067351496368	0.0569964766200226	0.0173386370986254
"TFF2"	0	0	0	0	0	0	0	0	0	0	0	0	0	0	0	0
"AKR1C4"	0.0625163552311166	0	0	0	0	0	0	0	0	0	0	0	0	0	0	0
"ADH4"	0.044234173929127	0.0352803135684272	0.177348535387388	0.163318792497143	0.03084570025516	0.132254690715465	0.291425699261896	0	0.200949594352387	0.180802214989523	0.17560281462826	0.246151139899564	0.131688984428589	0.270277820065147	0.216710044220196	0.268129449045175
"LCN2"	0	0	0	0	0	0	0	0	0	0	0	0	0	0	0	0
"F11"	0	0	0	0	0	0	0	0	0	0	0	0.182563793810473	0	0	0	0
"CYP2E1"	0.439082925821331	0.817183706154156	0.579278170823711	0.61185621387526	1.30239240603626	1.27923701441356	0.659353360666673	0.728500605839173	0.661332849727306	0.552850121012022	0.597489121276643	0.98010860056828	1.03904040250736	0.987469035034358	0.824546422695747	0.97117309270583
"CYP2C9"	0	0	0	0	0	0	0	0	0	0	0	0	0	0	0	0
"CPB2"	0	0	0	0	0	0	0	0	0	0	0	0	0	0	0.0595156487437603	0
"NOS2"	0	0	0	0.0296485253890894	0.104166024324166	0	0.0277042670810987	0.0322338573386128	0.0231577928874977	0	0	0.0242655543419465	0.0775008023496016	0	0	0
"BPIFA1"	0	0	0	0	0	0	0	0	0	0	0	0	0	0	0	0
"AC011513.3"	0	0	0	0	0	0	0	0	0	0	0	0	0	0	0	0
"TRIP13"	5.31722095207947	4.99219623903794	3.66933211493184	3.85919722145974	4.76539591886003	4.6569054767467	3.63878661184229	3.04606641177665	5.85941139483902	5.89647557504316	5.07964169243964	5.2140035420881	5.30633221324083	5.25367527706372	4.99716895572209	5.06787378332378
"TGIF2LY"	0	0	0	0	0	0	0	0	0	0	0	0	0	0	0	0
"CTD.2192J16.24"	0	0	0	0	0	0	0	0	0	0	0	0	0	0	0	0
"KCNA10"	0	0	0	0	0	0.0147802510960759	0	0	0	0	0	0	0	0.01154763763766	0	0.0139790454147483
"GRAMD1B"	0.784031794594742	0.511748067936954	0.584896679291561	0.54409550172156	1.27540018837727	1.29241703020499	0.669326251505602	0.676448486437081	1.69689340229395	1.70182748915107	1.20849746316489	1.44041006598824	1.72835624933903	1.8674268604944	1.33329203821416	1.4650573695575
"CFHR3"	0	0.0070357860234195	0	0	0	0	0	0	0	0.00584019354354411	0.00918977833796241	0.00556845224970213	0.00603834962501497	0.00798254341149595	0	0
"AKAP4"	0	0	0	0	0	0	0	0	0	0	0	0	0	0	0	0
"IL13RA2"	3.712398239961	3.56337577106999	1.91826649494618	1.84736137098926	4.1710252460905	4.24965915258254	1.94762085256762	1.81962754305733	4.26790005373199	4.24809199175905	3.00823352024617	3.01439580922716	4.85519736310129	4.96042128870331	3.07520243849819	3.41433561472812
"ARG1"	0.0839079075351761	0.0305854549570848	0	0.0586576097918914	0	0.0587277343977816	0.045849283838266	0.0108168910967802	0.0534290386819492	0.107070039425414	0	0.0792897946098084	0.0520892648744238	0.097949560217173	0.0442876895501269	0.0187688745745798
"RP1.179P9.3"	0	0	0	0	0	0	0	0	0	0	0	0	0	0	0	0
"RND1"	3.35283475556088	3.24944470391288	4.84439346625382	3.8122442023339	4.09557332335484	4.83299063272589	4.83660938329191	5.26165188909604	2.16304157811771	1.86705065826839	2.23507583605246	3.05185348207171	3.15533801619705	3.08949987448905	3.74215402773768	2.90707959342434
"FLRT3"	0.424954838987146	0.475869612066062	0.248165308877872	0.462977564946811	0.207956945044334	0.164196337930454	0.401860323592173	0.247512516385261	1.59002768918909	1.51445018082518	1.51467007507627	1.32387559890252	0.890134592961695	1.21226485981868	0.983181387466518	1.4638745844843
"DEFB1"	0	0	0	0	0	0	0	0	0	0	0	0	0	0	0	0
"TPM3"	7.25333525325033	7.07320751855312	6.55429800330165	6.74783241735699	6.54559625272645	6.57235304242306	6.73771954415659	6.38581559466634	7.69013392635042	7.61923065225258	7.43751365452633	7.45696317650782	7.29233637711952	7.32004586272263	7.40467792371549	7.41791866938067
"MAGT1"	4.55628045320124	3.31240849075615	3.51564179888096	4.28597567106837	3.94946220356104	3.82661239474725	4.30348048889911	2.49540896152009	4.94292693286301	4.90924615209729	4.53154908122736	4.57192138679594	4.72694787702432	4.66519278111554	4.57902328041075	4.21723843759689
"SLC39A8"	1.97908144164914	1.47075513743924	1.39757329425489	1.70630349699127	1.42725791994021	1.49741731247692	2.22411688088827	1.89858352205121	1.93279135964763	2.10874280709792	2.03129741308963	2.0124684122579	2.25066724635007	2.25986131547103	1.97328482046752	2.12866853554516
"NPTN"	7.79646317073254	6.13401431614817	7.12603955530316	8.01441414244028	7.87417665782686	7.88628847960886	8.10322436530903	5.41797127087855	8.09488946751254	7.98376642002	8.30806589768077	8.25393004453579	8.15629129991813	8.11363904468758	8.18778295406273	8.09924148517324
"RAB21"	2.46608052088889	2.11904866647086	2.09102911776407	2.44111808467865	2.26495247163828	2.43665184129351	2.4467512561748	1.67572170499962	2.72093029258991	2.58598905497252	2.60127486421253	2.66478300528827	2.58393319415603	2.58533034363935	2.59196827106859	2.57384967578471
"SDPR"	0	0	0	0	0	0	0	0	0	0	0	0	0	0	0	0
"HBB"	0	1.10108739600205	0.0190589889914153	0.017474076773404	0.00790264892717104	0	0.0163236656037047	0.0562794093525377	0	0.0444980991630967	0.0157346012962596	0.0142905408808738	0	0	0	0.0247509554641225
"HBA2"	0	0.0426527486354233	0	0	0	0	0	0	0	0	0	0	0	0	0	0
"FIGF"	0	0	0	0	0	0	0	0	0	0	0	0	0	0	0	0
"GPIHBP1"	0.010614138080412	0	0	0	0	0	0	0	0	0	0	0	0	0	0	0
"HBA1"	0	1.59414439312479	0	0	0	0	0	0	0	0	0	0	0	0	0	0
"ELANE"	0.757443701274347	1.25954038908019	1.85229385004235	1.27917166366775	1.45110140638498	1.60978249899013	1.3270430479312	2.50041304417861	0.303821029687393	0.267581852163626	0.676285009979756	0.657319399759349	0.755255334487825	0.737094750456955	0.802493270426494	0.692299580616472
"TMEM100"	1.6480184025489	1.53250993107594	0.0503684639975501	0.0643029396231331	1.23632182273112	1.3967565770795	0.133937349126292	0.0502267626404201	0.739696203726224	0.573558700820931	0.0861401996325224	0.156219280044712	0.664987934499221	0.692086584951816	0.0662061467077216	0.0946499264591529
"ADAMTS8"	4.30073966418451	4.41779465217526	5.01863466980854	4.78042554156203	2.9439093164362	3.01946458247735	4.625330222296	4.64255370921515	3.72714690502826	3.5991340917224	4.77233939670596	4.66203145111167	4.20928232276094	4.26463329595559	5.01857135895298	4.94496590919989
"EDNRB"	5.43863524584408	4.91768036223323	5.46696891670864	5.99266349049361	6.68372658931791	6.68674511215667	5.99303850180417	4.98885868815325	5.62588913766961	5.53804925276473	5.94491050104657	5.95396087150329	5.91345354980646	6.04852630416437	5.83533505345326	5.78852617449978
"SCN7A"	0.184664763361022	0.015579334034646	0.171472687260354	0.366388372178485	0.0136093715257456	0	0.282123611350155	0.0645549255864358	0.0350327452470955	0.124441575786883	0.105262028435177	0.152704922724208	0.0397625259050156	0.0694125012492169	0.167631117570032	0.243827198488098
"AKAP12"	5.20009143035167	3.84140200498161	3.93665377219605	4.90765965249726	5.81590113527604	5.61193222788003	4.94548664539171	3.2987865170087	5.41200718401428	5.37565310154469	5.42439277865001	5.49240882826634	5.62316402527154	5.69888868960179	5.41866384432856	5.09904449030873
"IL6"	3.34593086593114	3.29493579719955	2.79336253553425	2.78199407648931	3.84994918268268	3.99185904764508	3.66110868808886	3.20183313347778	1.82873380367337	1.83284991975413	2.05835108188349	1.82248660669475	3.5149848003697	3.51352841213537	2.2004879349032	2.24904629463116
"CCDC141"	0	0	0	0	0	0	0.0366264748836969	0	0	0	0	0	0	0	0.0699036392287444	0
"ALAS2"	0	0.0513254710216009	0	0	0	0	0	0	0	0.0215150947637707	0	0	0	0	0	0
"PTX3"	4.0771757531991	3.57156630085594	2.82269577068658	3.1492788110495	2.38597703770778	2.32332041295282	3.96999883725677	2.80548708073983	3.47313900321232	3.49292241175797	2.57275428534579	2.42746936440286	2.83549222011792	2.77915390377789	2.61434226845597	2.5286129554208
"CLDN5"	0.0187067798761434	0.139042305427022	0.0919286049075656	0.0428470587845122	0.0948288443382378	0.312028645412814	0.0400492240140191	0.156797709716336	0.0823357678466995	0.0902766254625673	0.0669133758575252	0.0693599759351892	0.111196724490479	0.114285836943555	0	0.0405944002431463
"FAM71A"	0	0	0	0	0	0	0	0	0	0	0	0	0	0	0	0
"SFTPC"	0	0	0	0	0	0	0	0	0	0	0	0	0	0.0181054939710627	0	0
"CXCL2"	2.94487094596305	2.69586363283524	1.82967483509855	2.10976172545645	2.76870851361234	2.76152650621727	3.19352144671839	2.25225809362802	0.935181312396607	0.738629448328493	0.987726653288683	0.936316694864253	2.34448845508385	2.38321662914137	0.855140807846415	1.31595504095598
"DEFA1B"	0	0	0	0	0	0	0	0	0	0	0	0	0	0	0	0
"GRASP"	0	0	0	0	0	0	0	0	0	0	0	0	0	0	0	0
"DEFA1"	0	0	0	0	0	0	0	0	0	0	0	0	0	0	0	0
"MEDAG"	2.42334364242055	2.73537974450145	2.80804828782595	2.71687127835165	4.32506324272283	4.37609576274315	2.80692769728388	2.62415197021794	1.8532344355383	1.88499607114653	2.10760898436522	2.06201703283615	2.3953930968233	2.44512835146587	1.92808873113645	2.13830035826481
"RGCC"	1.05133720233929	1.4232585133729	1.9011863853083	1.36184522927357	1.86644474875934	1.70722344085722	1.32867233015974	1.67181104693075	1.66268897664734	1.53866792995262	1.86111618648778	2.13287506125254	1.52788922589497	1.87162394090833	2.09144355446523	2.19020977692852
"AADACL4"	0.229867660226538	0.305015292591902	0.489837572407171	0.192176198166926	0.658123809124389	0.881031538369059	0.262526996020759	0.301675078357447	0.0316892333501284	0	0.106930695848443	0.128449774927761	0	0.0628585094385672	0.107112383345917	0.0384049417817759
"MPO"	0.0228439128058304	0.0272034704582871	0.0845340962561842	0.077648545467839	0.115143995016653	0.127334072726082	0	0.239419490488453	0	0	0.125955606340858	0.0428052822971379	0	0.0409688975902553	0	0.120680032576088
"MUSK"	2.11852939279233	1.64108499304425	0.9791945782426	1.74086789547975	1.65325503508561	1.70522220598959	1.63623515718655	1.54437492816758	2.42397017091444	2.36699195325677	1.88350348595797	1.78309005208767	2.02260105942875	2.02672907477836	1.72135299717902	1.63327526199248
"GIMAP5"	0.0246879449156822	0	0	0	0	0	0	0.0612660841200804	0	0	0	0	0	0	0	0
"CXCR1"	0	0.0594104661143051	0	0	0	0	0	0	0	0	0	0	0	0	0.00660301424424463	0
"AGER"	1.12642605264775	2.09044677448475	1.69088038623751	0.961578616154712	1.72854827243132	2.02860484962764	0.941075223314236	2.36302165370034	1.12406622811231	1.06794276565764	1.09622571259339	1.15726358547062	1.29951674662977	1.29516259572655	1.18005733840808	1.39281160212576
"SSTR4"	0	0	0	0	0	0	0	0	0	0	0	0	0	0	0	0
"DKK2"	3.79933732271472	3.03865892133713	3.9797493279608	4.85936280400393	4.65538522683466	4.84834121111997	4.73856559693356	3.69401342580356	1.11306295390967	0.806154206720985	1.74075004102967	1.77544163800619	1.60014480286113	1.33434936767895	1.86455102495625	1.72628730000838
"NDNF"	0	0	0	0	0.0543007717763893	0	0	0	0	0	0	0	0	0	0	0
"CYP3A7"	0.0141626487387335	0	0	0	0	0	0	0	0	0	0	0	0	0	0	0
"PGLYRP1"	0.0379461914405476	0.0339890816213996	0	0.0220333228227115	0.0346086586145209	0	0	0.0533612942925274	0.0341969500119378	0.0188999553267661	0.0149078571545313	0.0135393165247156	0.00980219331710429	0.0300443073026746	0.00997315920359364	0
"TMX2.CTNND1"	0	0	0	0	0	0	0	0	0	0	0	0	0	0	0	0
"CCL23"	0	0	0	0	0	0	0	0	0	0	0	0	0	0	0	0
"COL6A6"	0.272782216065821	0.117590674595741	0.246571389120136	0.572472765345291	0.23484218663715	0.375918327043116	0.603878300783832	0.366365484273323	0.0420528858026731	0.0761502374838636	0.12575605162682	0.0797594492866734	0.0632754959942936	0.035219812761957	0.125968352371092	0.0757310186593968
"HIGD1B"	0.00965946176797502	0.0229346931763532	0.0361871060572971	0	0	0	0	0.0121288287301008	0	0.03786193406757	0.0200060110570839	0.0361187427351413	0.0294480310329987	0.0599572736243101	0.0200410372368994	0
"SLC6A4"	0.0227405216504923	0.092638095018688	0.0286021445312492	0.0519932322395242	0.023668159732368	0.0773954791870816	0.048608166360312	0.124125664107753	0.0406792550014416	0.022505173298628	0	0.104261285643968	0.0798346299828552	0.0205364289595655	0.0118825736433151	0.0248442395940653
"DEFA4"	0	0	0	0	0	0	0	0	0	0	0	0	0	0	0	0
"LRRC32"	4.44329461591238	4.71798391208869	4.71396941231456	4.26099623979089	4.25910271972014	4.29865079581019	4.24572026330919	4.77608981576017	3.7242414630016	3.74036414153664	3.73078931156149	3.64321903804435	3.89016742361349	3.88062594552889	3.84380210634192	3.76484902250512
"COX4I2"	0	0	0	0	0	0	0	0	0	0	0	0	0	0	0	0
"S1PR1"	2.67656061472458	1.91381626870413	3.01739158349352	3.69754247611278	2.52940671453556	2.36050250836088	3.73216083767132	2.02155001980032	1.73119548319843	1.71690548611435	2.3816498460994	2.47243540996358	2.01315499281412	1.99532203049967	2.44533495064042	2.5346068207173
"LRRC28"	2.01328947953288	2.68552142216205	2.70541496559177	2.57216379398537	2.01295291406186	2.09914611228864	2.39086066384564	3.26329903510859	2.06658548034865	1.84865293405161	2.2320798104869	2.1606186904193	1.9076353389551	2.0047713463072	2.22924844498727	2.24035141017784
"NRGN"	6.44568962126294	7.92384427044238	6.04145250927071	5.02598028875676	6.50531723393384	6.58510047863756	4.86980062399938	6.73072319330912	6.58792446685187	6.56127003803759	6.149315723279	6.09632010743943	6.28442947843179	6.15593431970297	6.17077053973241	6.47116386842334
"FLI1"	2.92198730314509	2.40944016603812	2.93451730512712	3.23772969149561	2.95914008387394	3.0595927814244	3.14150246119674	2.29259372762642	2.56907398104116	2.73467484892272	2.97927240129468	2.92237612214323	3.00325702077317	2.84585558058297	2.31712038331568	2.93199015854914
"STXBP1"	4.01476188970868	3.88104637044747	4.13349498485152	4.34414974157898	4.55832782371124	4.37407993351779	4.31091969556669	3.99590417343104	3.98802191998621	3.92630564445159	3.99363541210177	3.95067775383984	3.83982731737371	3.86697265789063	4.06390420535105	4.05994708018614
"DR1"	4.06443397434484	3.47868315225662	3.66494749591564	3.98922895113059	4.21332299027979	4.1530629617907	4.10014727285062	2.94065362640025	4.60741895398486	4.50615884900492	4.42660944641377	4.34105536914524	4.3157536139996	4.26266884792554	4.37083709111305	4.31824813138433
