"CAF07_1"	"CAF07_2"	"CAF07_3"	"CAF07_4"	"CAF07_5"	"CAF07_6"	"CAF07_7"	"CAF07_8"	"CAF09_1"	"CAF09_2"	"CAF09_3"	"CAF09_4"	"CAF09_5"	"CAF09_6"	"CAF09_7"	"CAF09_8"
"MS4A1"	0	0	0	0	0	0	0	0	0	0	0	0	0	0	0	0
"FCER2"	0	0	0	0	0	0	0	0	0	0	0	0	0	0	0	0
"FCRL1"	0	0	0	0	0	0	0	0	0	0	0	0.116084798365405	0	0	0	0
"CD19"	0	0	0	0.0206184986128593	0	0.0409957231099212	0	0	0.0160936176632581	0.0176851024895046	0.0550021437577933	0.0500161014919238	0.0541671287515508	0.0942130961274131	0.0186005427595376	0
"TCL1A"	0	0	0	0	0	0	0	0	0	0	0	0	0	0	0	0
"FCRLA"	3.24484653050195	3.67794600931935	2.18979638501032	1.60418096803476	1.30533699212963	1.78712488788335	1.87468320957433	2.18656816529154	5.27953381197129	4.90784590100984	4.73900268981611	4.22240808072775	3.42776346891746	4.44122632621562	4.65982488516113	4.25969752450304
"VPREB3"	0	0	0	0	0	0.0302811088822669	0	0	0	0.0514492608598387	0	0	0	0	0	0
"CR2"	0	0	0.0738513825975483	0	0	0	0	0	0	0	0	0	0	0	0	0
"BLK"	0	0	0	0	0	0	0	0	0	0	0	0	0	0	0	0
"CD79A"	0.0148393657387124	0.0779104556281167	0.037116353619193	0.0256106117438136	0.0154464212452623	0.0673900810387767	0	0.310774275954649	0.0656086065561861	0.0219723805374063	0.0154193282355386	0.0484308002696042	0.0450751508456134	0.0133975268835753	0.0154463670643391	0.0559769245009632
"PAX5"	0	0	0	0	0	0	0	0	0	0	0	0	0	0	0	0
"CD79B"	0.0274747295410038	0.0646910034522976	0.180497151200995	0	0.0704486533508112	0.180643078295244	0.0441862628116045	0.0173249963069433	0	0	0	0	0	0.0248157144113963	0	0
"CLEC17A"	0	0.00870547620969952	0	0	0	0.00844089289500936	0.0157052161314555	0	0	0	0	0	0	0	0	0
"TNFRSF13C"	0.793956715923191	0.175886138965812	0.269660020895444	0.358951547316399	1.09211087306673	1.59038339730578	0.496043135138193	0.629001569268765	0.814182344150977	1.03485733350599	0.509643173293196	0.668800229492536	0.502986519508296	1.02153300884792	0.723179023590956	0.751409415478487
"CD22"	0	0	0	0	0	0	0	0	0.00460611282302698	0	0	0	0	0.00231094487270671	0	0
"FCAMR"	0	0	0	0.0262562602378218	0	0	0	0	0	0	0	0	0	0	0	0
"TLR10"	0.194140954943905	0	0	0	0	0	0	0	0	0	0	0	0	0	0	0
"STAP1"	0	0	0	0	0	0	0	0	0	0	0	0	0	0	0	0
"CXCL13"	0	0	0	0	0	0	0	0	0.0586322446499722	0	0	0	0	0	0	0
"FCRL4"	0	0	0	0	0	0	0	0	0	0	0	0	0	0	0	0
"P2RX5"	0.463007836579389	1.54501887301558	1.71251193662664	0.828400309853186	0.830338478290739	1.12525491514774	1.10624712281772	2.14535769882413	0.934365082101555	1.0146545605828	1.19408450249609	1.46376169130264	1.03921849282712	1.04761240704486	1.57517779642237	1.87111925331517
"ARHGAP25"	0.0122906457136539	0.0435005898530603	0.0307820535620886	0.01418494057263	0.123103210990965	0.0559885789467898	0	0.0154290662703369	0.0110665361473779	0.0121629903962481	0.0627557584039272	0.0115982326739742	0.0496544347691433	0.102113056196164	0.0191484846905408	0.0399269855082331
"FAM129C"	0	0	0	0	0	0	0	0	0	0	0	0	0	0	0	0
"LYL1"	0.42009283172224	1.11708307949347	0.615895949885966	0.303599506433697	0.611524757739965	0.717991662590669	0.207794709060488	0.682863610802398	0.586848147053546	0.545890425723636	0.507468733545207	0.50035624073711	0.713557470417986	0.734148327743817	0.644375645273162	0.759507284935878
"CNR2"	0	0	0.0722265655894394	0	0	0	0	0	0	0	0	0	0	0	0	0
"RAC2"	1.39344543445758	2.26119246900585	1.82555794609097	1.265161491435	2.04688102747448	1.90357668914199	1.06253495596473	1.92125896506756	0.516367089888898	0.479547182833079	0.42029015172964	0.524643071242071	0.581158798150338	0.529536100311537	0.457713629003862	0.606698411657697
"SERPINA9"	0.0188168705774796	0.044484811174642	0	0	0	0	0	0	0	0	0	0	0	0	0	0
"LRMP"	0	0	0	0	0	0	0	0	0	0	0	0	0	0	0	0
"PVRIG"	0.0806287792124528	0.0210386118881942	0.022223347354084	0.111840547173519	0.0305090244200742	0.0405191689499677	0.0807378473237793	0.00742462445375856	0.042029619699875	0.011675414721307	0.0364705480987143	0.0111332090917575	0.018068435009771	0.031718650737736	0.0244585303339352	0.0192979241586181
"SELL"	0	0.179850246566033	0.0497354566595695	0	0	0	0	0	0	0.0197303064374003	0	0.0373906692222438	0	0	0	0.043242264233326
"DAZL"	0	0	0	0	0	0	0	0	0	0.0677181128690687	0	0	0	0	0	0
"RGS13"	0.0270416783402451	0	0	0.0311850384412704	0	0.0312226750791563	0	0	0	0.0788418724387498	0	0.0255255605729448	0.0681888861904375	0.106792699895435	0.0141401065211326	0
"GRAPL"	0	0.021489498351101	0	0	0	0	0	0	0.0162464237373583	0	0	0	0	0	0	0
"GPR18"	0	0.0690583228586357	0.00828196317304816	0	0	0.0151604262428437	0.0420239045578234	0.0327533907515253	0	0.0129842844572429	0.00683291622955139	0	0	0.0118450050259921	0	0.0143387143304706
"NCR3"	0	0	0	0	0	0	0	0	0	0	0	0	0	0	0	0
"TBC1D10C"	0.762603569057678	0.608503106044381	0.299855382014523	1.07094181608406	0.909097365663859	0.633267205300931	1.07518536045027	0.352116273385643	0.337952747365696	0.446554009074339	0.616746797854098	0.816321979715816	0.378614691928803	0.581330404642685	0.721467432979146	0
"SPIC"	0	0.0123610808524903	0	0	0	0	0	0	0	0	0	0	0	0	0	0
"FCMR"	0.226104428610382	0.428829212120722	0.467452245616701	0.313085041700693	0.349674708552875	0.434111487808927	0.236539131624315	0.344082700630778	0.57946369837052	0.666901193666921	0.886910549017269	0.779155001132565	0.753012494115227	0.924869631859362	0.843923429591351	1.03531661664511
"CR1"	0	0.0616029043114597	0	0	0	0	0	0	0	0	0	0	0	0	0	0
"SEPT1"	0	0	0	0	0	0	0	0	0	0	0	0	0	0	0	0
"C12orf42"	0.0123035440652742	0	0	0	0	0	0	0	0	0	0	0	0	0	0	0
"DTHD1"	0	0	0	0	0	0	0	0	0	0	0	0	0	0	0	0
"CCL21"	0	0	0	0	0	0	0	0	0	0	0	0	0	0	0	0
"SLC12A3"	0	0	0	0	0	0	0	0	0	0	0	0	0	0	0	0
"RASGRP2"	1.48820390709134	2.01941109269782	2.18594559320105	1.81305511620392	2.58473674607483	2.57168006121376	1.57937368730388	2.29577782213527	0.677396641593365	0.773622910471971	1.30088834827537	1.2045394135007	1.32577228275438	1.45056495931027	1.3559756305583	1.48123045838508
"TIMD4"	0	0	0	0	0	0	0	0	0	0	0	0	0	0	0	0
"NLRC3"	3.58430793014496	3.41845169587853	4.46508175633467	3.55645628464427	2.94836503249139	3.33915798021897	3.62541655302897	4.10601599273862	2.62358135907329	3.05867906516636	3.60622317865126	3.25832681219887	3.82845825900707	3.50496180477351	3.74868276892806	3.51759824645067
"LINGO3"	0	0	0.0691689215255706	0.0321031699871286	0.0573746705911378	0.0241733107783302	0.0881898470468101	0.068975580567413	0	0	0	0	0.0143097546041403	0	0.0432433444548919	0
"SSTR3"	0	0	0	0	0	0.0315987079400256	0	0.0343107147795417	0	0	0	0	0.0279970766931613	0	0.0564131097848099	0.0878889918949398
"GPR15"	0	0	0	0	0	0	0	0	0	0	0	0	0	0	0	0
"TTC24"	0	0	0	0	0	0	0	0	0	0.0197442975186942	0	0	0	0	0.0104201428710133	0.00548059990214699
"SIT1"	0	0.00702106560919688	0.00741846965692936	0	0	0	0.00635009964069104	0	0	0	0.0122145123506128	0	0	0	0	0
"FCRL3"	0	0	0	0	0	0	0	0	0	0	0	0	0	0	0	0
"CD1C"	0	0	0	0	0	0	0	0	0	0	0	0	0	0	0	0
"HEMGN"	0	0	0	0	0	0	0	0	0	0	0	0	0	0	0	0
"IGLL1"	0	0	0	0.0880284328289889	0	0	0	0	0	0	0	0	0	0	0	0
"ITK"	0	0	0	0	0	0	0	0	0.0107617913830025	0	0	0	0	0.0107899576185697	0	0
"WNT1"	0	0	0	0	0	0	0	0	0	0	0	0	0	0	0	0
"LILRA4"	0	0	0	0	0	0	0	0	0	0	0	0	0	0	0	0
"AICDA"	0	0	0.0183356679638759	0	0.00760161395969279	0	0	0	0	0	0	0	0	0	0	0
"PMCH"	0	0	0	0	0	0	0	0	0	0	0	0	0	0	0	0
"CORO1A"	0.356142826540195	0.714585309376398	0.495364894658385	0.245912807421011	0.202616521548535	0.227967737097638	0.243609103084828	0.605734506746638	0.363747850422456	0.37072532736603	0.334450775356771	0.165369850723065	0.219902557219421	0.228170883866723	0.32729161876261	0.457311100226978
"CD1B"	0	0	0	0	0	0	0	0	0	0	0	0	0	0	0	0
"IL12RB1"	0.0365558738933177	0.153445375051222	0.202804760215953	0.135915862917119	0	0.0282609646356359	0.077721044264721	0.255201161333489	0.107003285605005	0.128443675802979	0.169236386716021	0.215871597178175	0.0976400162198501	0.226287028631052	0.310874350848302	0.177512276231139
"BTK"	0	0.069921833236942	0	0	0	0	0	0	0	0	0	0	0	0	0	0
"IL21"	0	0	0	0	0	0	0.04339422446142	0	0	0	0	0	0	0	0	0
"PIK3R6"	0	0	0	0	0	0	0	0	0	0	0	0	0	0	0	0
"PYHIN1"	0	0	0	0	0	0	0	0	0	0	0	0	0	0	0	0
"GAPT"	0	0	0	0	0	0	0	0	0	0	0	0	0	0	0	0
"GNG8"	0.0347254053134056	0.0644110157214227	0.00631420655557723	0	0.100934536330412	0.10089107303405	0.0161533447266844	0.0250214792895184	0	0.00496005061491167	0	0.0281453903329299	0.0305004420830686	0.0180104562598402	0.00521799157760837	0
"CTD.2545M3.6"	0	0	0	0	0	0	0	0	0	0	0	0	0	0	0	0
"CLEC4C"	0	0	0	0	0	0	0	0	0	0	0	0	0	0	0	0
"GP1BA"	0.754723714910093	0.419571506244974	0.267619126432338	0.382387324898815	0.528044534526403	0.330120650132412	0.66776156423263	0.383888534655441	0.447714123545205	0.731301036640533	0.224131562959356	0.341418122890272	0.561436644873755	0.577755277819416	0.589869558529311	0.288077196997863
"CELA1"	0	0	0	0	0	0	0	0	0	0	0	0	0	0	0	0
"LY9"	0	0	0.0259028295788928	0	0	0	0	0	0	0	0	0	0	0	0	0
"PPP1R16B"	0	0	0	0	0	0	0	0.0502724679445712	0	0	0	0	0	0	0	0
"CTLA4"	0	0	0	0	0	0	0	0	0	0	0	0	0	0	0	0
"CD28"	0	0	0	0	0	0	0.00859772618337718	0.0298366960258962	0	0	0	0	0	0.00719777236720425	0	0.0173797791891879
"KLRB1"	0	0	0	0	0	0	0	0	0	0	0	0	0	0	0	0
"NCF1"	0.0339204136616033	0.0403644416555158	0.0426215027432347	0.0196842517688398	0.0439898815772935	0.0583345709672641	0.00922392871325021	0.162972401259863	0.0456076531169572	0	0.0177261108758271	0	0.017453570718698	0.0306441815756005	0.0177571699666167	0.0731628844291408
"CD2"	0	0	0	0	0	0	0	0	0	0	0	0	0	0	0	0
"PIK3R5"	0	0.0902803769805996	0.0484047438808289	0	0	0	0	0	0	0	0	0	0	0	0	0
"IL16"	3.12546781476096	3.32667667367074	3.18575047203472	3.16217444674417	2.91290384333405	2.79220562614174	2.86200639104596	3.14072953819986	2.8053732061678	2.63191290640032	2.92082969165354	2.75490159671758	2.86044608341381	2.74566167811444	2.99206193067174	2.8736041119008
"DCANP1"	0	0	0	0	0	0	0	0	0	0	0	0	0	0	0	0
"ARHGAP15"	0.121784387176172	0.021489498351101	0.162130818083666	0.0311094031984672	0.0556135537752316	0	0.0762558235975564	0.0449202588359089	0	0.017852926147885	0.100203684422993	0.0170255255787183	0.0546746590608585	0.0718937772482998	0.0556133613871102	0.0959711119081203
"RASAL3"	0.0202934405355269	0.0241703282801354	0	0.0234111962777865	0.0726123928100988	0.0234395268883009	0.064648203423208	0.075063009335821	0	0.0200832418270524	0	0	0	0.0364202006449856	0.021121911691345	0
"TIGIT"	0	0	0	0	0	0	0	0	0	0.0122615445537749	0	0	0	0	0	0
"XCR1"	0	0	0	0	0	0	0	0	0	0	0.785691435626159	0.728704539457683	0	0	0	0.816840244648972
"HMHB1"	0	0	0	0	0	0	0	0	0	0	0	0	0	0	0	0
"SIRPG"	0	0	0	0	0	0	0	0	0	0	0	0	0	0	0	0
"AKAP2"	0	0	0	0	0	0	0	0	0	0	0	0	0	0	0	0
"ITGA4"	5.02616080330639	2.57266550506755	2.39212833204979	5.01347042979169	4.99364958681527	4.58014938342238	4.85445831574902	1.63007598208616	6.079145217879	6.00470013608379	5.48297401310237	5.55138260481759	5.412375221068	5.38621440516061	5.36369704425738	4.70791081424016
"KLHL6"	0	0.0489780640744278	0	0	0	0	0	0	0	0	0	0	0	0	0.0108316273672465	0
"GNGT2"	0.0370175904964313	0.100746136009146	0.0465004337322548	0.0214912350875831	0.0511346515950131	0.0215172595809018	0.0333100695478449	0.218241441977185	0.0443094847246024	0	0.0129318357291855	0.0521109143320736	0.0808219714959701	0.113817204968457	0.0448409058505829	0.0136008036939948
"ARHGAP30"	0.233845861096142	0.635317937304643	0.111892836528059	0.28888344505229	0.340820467405835	0.102978259635508	0.271445234928573	0.0568708443342102	0.194055741532734	0.269979011666566	0	0.0429021410687959	0	0	0.137409598290276	0.143964271448372
"IL18RAP"	0	0.0497330271668736	0	0.0481843270654676	0	0	0.0113933755046745	0	0	0	0	0	0	0	0	0
"LY86"	0	0	0	0	0	0	0	0	0	0	0	0	0	0	0	0
"LAIR1"	0	0.0137803338964018	0	0	0	0	0	0	0	0	0	0	0	0	0	0
"RGL4"	0.222600788881299	0.122876677404851	0.0444869112802053	0.151450755568964	0.221945613606154	0.156947069438768	0.0961336116896526	0.0813292869266278	0.253005826237213	0.211722124175836	0.203208056151635	0.111530378410584	0.144478096696465	0.257486376655044	0.097904144514857	0.0710098473783819
"CCR2"	0	0	0	0	0	0	0.153306592185171	0	0	0	0	0	0	0	0	0
"TNFRSF4"	0.0183681020392089	0.0362843832260194	0	0.0141626841111004	0	0	0.0197987064053509	0	0.00553515463278827	0	0.00319842889970684	0	0	0	0	0
"PEX1"	2.44610208863684	1.31302840256915	1.38799498974536	2.77221651995869	2.4382220007969	2.21382206796275	2.67123471810362	0.960995215973092	2.28123304625918	2.28275320864155	2.39670237047834	2.47797369284567	2.15554215926534	2.28594536385567	2.25149040986143	2.02781959030902
"FAM153C"	0	0	0	0	0	0	0	0	0	0	0	0	0	0	0	0
"IKBKB"	10.4062638329267	10.4601720070392	9.7964530021801	9.71328266676124	10.6998757363148	10.6300299644902	9.91320283460837	9.77539110962651	10.3491716005526	10.363280459573	9.98653277591231	9.99164880141892	10.5051467812426	10.4406853926938	10.0880756498051	9.99594004902746
"SHOX"	0	0	0	0	0	0	0	0	0	0	0	0	0	0	0	0
"ZNF675"	0.416091444562037	0.202207085971801	0.217813794039501	0.534067812504364	0.59981149953118	0.584585027757697	0.358730986767833	0.0887060358541553	0.579087205331081	0.566207754190972	0.570569377527878	0.55593570843253	0.495528768805094	0.50711535048426	0.406069721788783	0.474709579760296
"ZNF44"	3.16274645174679	3.14507377097462	3.38786719371153	3.25411874188122	3.75582583057314	3.88601832361653	3.50018506178634	2.73519111349997	3.60281105221044	3.77825379395773	3.65970916465895	3.62983194567401	3.75323501631685	3.63345973678385	3.54684237998157	3.41506470209714
"TUBD1"	0.852225995769444	0.675901287314948	0.73906700225168	0.633307489002141	0.787947816210057	0.959725078258843	0.782810915283539	0.684557953939752	0.790889768365218	0.840750903706596	0.891826468337678	0.729823962482598	0.909897198414783	0.985258201241697	1.01328488442745	0.82869466747632
"C2CD5"	3.75447343487243	2.95396162824974	3.37300396359946	3.92083327622762	3.5289540626506	3.33515164542365	4.02176677169984	2.81043743499464	3.7994166465774	3.81291639212527	3.82236295579522	3.81779694822655	3.75711503062198	3.73193606321956	3.76606399366766	3.62853068729295
"LZTR1"	3.35108608408632	4.69465703604526	4.50073389611461	3.58468531086384	3.57998752821374	3.68602031729005	3.54399667724956	5.47797526066013	3.37691038189871	3.437247004215	3.44585086593119	3.60875574494883	3.53017293768632	3.71345434804925	3.7007635252328	3.97456159090137
"MLANA"	0.0641997827201855	0.0194426130548343	0.0607574771818901	0.073892672266308	0.00851851134865484	0.0188538237997857	0.143107321817591	0.0506643480201724	0.113581362935524	0.0942973803960331	0.0747855233944376	0.0457200516812406	0.0413843245652354	0.072213729359004	0.106999977489499	0.0954619360074627
"STAG3"	0.736446496576896	0.449489237638692	0.706158042538986	1.02964662532669	0.722905970413135	0.696193593986452	1.01225613477584	0.691383121855952	0.515724142296546	0.678784663580063	0.825277788920717	0.879478228830355	0.844886999392573	0.649969409153576	0.964364778399394	0.654024295317234
"DEFB108B"	0	0	0	0	0	0	0	0	0	0	0	0	0	0	0	0
"TAS2R42"	0.0185538207043293	0	0	0	0	0	0	0	0	0	0	0	0	0	0	0
"EPB42"	0	0	0	0	0	0	0	0	0	0	0	0	0	0	0	0
"MMP21"	0.0415555126699545	0.024924324608304	0	0.0942336429792486	0.0643823993322863	0	0.0225557525900252	0.0391998321309728	0.0466678469457624	0	0.0217434833287986	0.0295270836883332	0.063298685781935	0.0559668025381464	0.0325502013359875	0.0784895462667448
"PYROXD1"	2.86940619019671	2.35696646513327	2.4081993489248	2.95665219899811	2.21811308629309	2.24600970078527	2.80355110017446	2.40042078421712	2.50258252612171	2.42713207061835	2.49529599286542	2.54079675455241	2.39953302290291	2.20425867202035	2.41985369156398	2.40250631177481
"KDM8"	0.741102114393045	1.04933027461266	0.950985217723111	0.770958050258374	0.672406019810655	0.630154806241026	0.614174608038258	1.01649291105635	0.689387986645166	0.695048297258596	0.521002356303066	0.723189869383235	0.641532287568822	0.641784472832096	0.744268374172823	0.568225628985216
"BORCS8.MEF2B"	0	0	0	0	0	0	0	0	0	0	0	0	0	0	0	0
"SPDYE4"	0	0	0	0	0	0	0	0	0	0	0	0	0	0	0	0
"PASK"	3.07818255649365	2.3564710564559	1.87607959724409	2.57550138204536	2.49851370603124	2.53911151416019	2.16992080627923	1.44754066321099	2.88257240200797	3.10974946837721	2.40749644465581	2.49284549011322	2.70668283190866	2.58813030972744	2.41494599051746	2.17202652038685
"NEIL2"	0.586746374533397	0.514072376634293	0.593834036619018	0.601726211054342	0.481368938822198	0.463613921798361	0.598895816210959	0.435612664289315	0.572857620413905	0.579657636520199	0.53392394958532	0.54825595334924	0.451289626467637	0.570335273753834	0.650291436388199	0.526661383617797
"MAGEB10"	0	0	0	0	0	0	0	0	0	0	0	0	0	0	0	0
"RGPD1"	0.0593010252345085	0	0	0.0682716525148609	0	0	0.294261521596524	0	0	0.0586949145832035	0	0.0282773115243648	0.118851327964068	0.105315525566771	0	0
"FAM133B"	1.79497685376275	1.12482036612807	1.11546236555303	1.92646513347573	1.62631882739951	1.39576078843853	1.74366472025981	0.8941244087885	1.99940246383684	2.08833924565223	1.96594954638623	1.82396809157811	1.66349413951986	1.90922559204592	1.8282518561913	1.6042224834428
"CNTNAP1"	5.79686152428136	5.29274353994842	5.3459256817483	5.79514116175866	5.52002903233053	5.35312520030326	5.76414341441046	4.89092730953732	4.78266318165524	4.88403801787728	4.82770896862167	4.78287793568943	5.140876266299	5.08094310056686	5.06007486467544	4.44158590063565
"NSMCE4A"	1.70047067854702	1.84955057138304	1.86855960127726	1.64880806153915	1.2808999007853	1.40644178562414	1.71081545040771	1.47700884843382	1.70067897674556	1.61611891910251	1.66019788594996	1.63737056418465	1.46234690415249	1.58510350129381	1.50730701216327	1.76000630679684
"GPRIN3"	0.0847778344180601	0.100552857997378	0.0433615967083341	0.0592711062724093	0.155003834982961	0.258163198949438	0.108792008572005	0	0.271423604050246	0.252970275208385	0.138347986191034	0.156010688478105	0.152473136059726	0.120864331940134	0.171241247184314	0.0561716371204636
"VCY1B"	0	0	0	0	0	0	0	0	0	0	0	0	0	0	0	0
"VCY"	0	0	0	0	0	0	0	0	0	0	0	0	0	0	0	0
"KLF18"	0	0	0	0	0	0	0	0	0	0	0	0	0	0	0	0
"OR8J3"	0	0	0	0	0	0	0	0	0	0	0	0	0	0	0	0
"NOX3"	0	0	0	0	0	0.016431429626733	0	0	0	0	0	0	0.0145498481461239	0	0	0
"INS"	0	0	0	0	0	0	0	0	0	0	0	0	0	0	0	0
"OR10T2"	0	0	0	0	0	0	0	0	0	0	0	0	0	0	0	0
"NPBWR2"	0	0	0	0	0	0	0	0	0	0	0	0	0	0	0	0
"NMS"	0	0	0	0	0	0	0	0	0	0	0	0	0	0	0	0
"GCG"	0	0	0	0.0146294124507829	0	0	0	0.0472198890829479	0.0339736727102651	0	0	0	0	0	0	0
"PAX4"	0	0	0	0	0	0	0	0	0	0	0	0	0	0	0.010209512306882	0
"OR6S1"	0	0	0	0	0	0	0	0	0	0	0	0	0	0	0	0
"UTF1"	0	0	0	0	0	0	0	0	0	0	0	0	0	0	0	0
"OR5AK2"	0	0	0	0	0	0	0	0	0	0	0	0	0	0	0	0
"OR10H3"	0	0	0	0	0	0	0	0	0	0	0	0	0	0	0	0
"PPP1R17"	0	0	0	0	0	0	0	0	0.388989118648843	0.627072356907555	0.80773855695257	0.405343583175551	0.798139312547019	0.168790174888689	0.717552601088827	0.537172805951198
"IQCJ"	0	0	0	0	0	0	0	0	0	0	0	0	0	0	0	0
"PPIAL4F"	0	0	0	0	0	0	0	0	0	0	0	0	0	0	0	0
"C7orf72"	0	0	0	0	0	0	0	0	0	0	0	0	0	0	0	0
"OR4C46"	0	0	0	0	0	0	0	0	0	0	0	0	0	0	0	0
"GSX2"	0.105608047263669	0	0	0	0	0.121437035697896	0	0	0	0	0	0	0	0	0	0
"H3F3C"	0	0	0	0	0	0	0	0	0	0	0	0	0	0	0	0
"OR2T2"	0	0	0	0	0	0	0	0	0	0	0	0	0	0	0	0
"MYOCD"	5.50112047677916	4.87347579260593	5.72735219939794	6.37383730489515	5.59650508104938	5.55653986580757	6.25918516381082	5.79258962107458	5.60435464501754	5.51495784312656	6.34857544173882	6.33323543065634	5.9813333373794	6.11195200667437	6.24157178423645	5.97727908955663
"PPP1R12B"	11.0389123120038	9.78791929797627	10.7503635407656	11.9176169516623	11.1029356366636	10.8460329843982	11.826227173401	10.1610938388106	11.0956807182295	11.1154598485639	11.714380851858	11.6696988632637	11.5303907565987	11.5926299541259	11.7066763343297	11.233412216308
"NR4A3"	0.586992199687947	0.39391702450432	0.827115941736493	1.00558265480462	1.75717098732076	1.78507448985425	1.17406263926294	0.7326122033441	0.589342466781007	0.500665655213304	0.827950289866395	0.776411958227867	0.846463177573951	0.776221861076096	0.739801285806405	0.795354764260607
"VIP"	0	0	0	0	0	0	0	0	0	0	0	0	0	0	0	0
"FAM180B"	0	0.0426094197269134	0	0	0	0	0	0	0.124965581287606	0	0	0	0	0.0323545855803209	0	0
"GPR182"	0	0	0.0214889560926489	0	0	0.0583904145206473	0	0	0	0.0336031135435344	0	0.0320538297703473	0.0174705165722528	0.0306737988718709	0	0.0370809026572587
"PDE2A"	0	0.0335317002723187	0.03541136675348	0	0.140956700892045	0.199356374348469	0.060081973378598	0.103442071061264	0.21375898690457	0.0687075331314091	0.0860677418564945	0.0397022397355096	0.0144795994878172	0.0504437926994087	0.127464420822611	0.0307683319159166
"ACKR1"	0	0	0	0	0	0	0	0	0	0	0	0	0	0	0	0
"STAB2"	0.0658802625519231	0.0439856576449836	0.018756567224145	0.0257187194142645	0.0535771367653641	0.148025443926279	0.0240300238953909	0.027964685802447	0.110271850960805	0.120796224113935	0.0758129027515467	0.10227867827782	0.0600420095161584	0.0465512110142538	0.0685261786927433	0.05621074232939
"GPM6A"	0	0	0	0	0	0	0	0	0	0	0	0	0	0	0	0
"SCN11A"	0.0926474355848794	0	0.0673172256986605	0.03123299785983	0.0829590402776024	0.0312706917540164	0.140360688787672	0	0.0719909332895868	0	0.14837509121907	0.0255648932275496	0	0.0954531756995303	0.028186294055114	0
"CNR1"	0	0	0	0	0.0463451147159913	0	0	0	0	0	0	0	0	0	0	0
"NIPSNAP3B"	1.34017231961289	0.970783407411064	1.5020363397722	1.89862033350918	2.21696851020426	2.22111561106001	1.82696968343202	1.18427911522726	1.14736874008425	1.15912826271448	1.55718167124282	1.80670812382157	1.4330698593678	1.4508637061312	1.42002543719852	1.3884519696544
"ABCD2"	0.00895486070838993	0	0	0	0	0	0.0287725966194395	0.0334748392447487	0.0160793117176389	0.00886174577962348	0.0277385927351617	0	0	0.0399704702799748	0.0185840226749422	0.019509243225515
"SLC24A4"	0.0331062051328573	0.0777479620845428	0.159658609445466	0.0935874962586125	0	0.0382125084643571	0.0356705844476358	0.0414840413889905	0.0149922190426823	0	0.042862943861459	0	0	0.0879252893727372	0.0173286058879424	0.0181917177487446
"KCNS2"	2.87375411002856	2.10525229443929	3.66159131493716	4.18054371410492	2.65601855908271	2.69804964827344	3.85188366294381	3.20214107098721	0.617374396304833	0.834274297520905	1.45806124281089	1.05174420887955	1.07941165859244	0.440409219778942	0.825595186622036	1.13055484319683
"GOLGA8R"	0	0	0	0	0	0	0	0	0	0	0	0	0	0	0	0
"CLEC4G"	0	0	0	0	0	0	0	0	0	0	0	0	0	0	0	0
"CLEC4M"	0	0	0	0	0	0	0	0	0	0	0	0	0	0	0	0
"TEKT3"	0.0720603456377579	0.197363150451121	0.12481775082118	0.106876816324172	0.160031201943162	0.271755546610243	0.0470357861951872	0.444078818384022	0.0328740140508185	0.0851788067236898	0.0748195473835546	0.0813176163260148	0.087988375850983	0.0523795544543751	0.0676260769241106	0.086234084666236
"CHRDL2"	1.34971847017673	1.81169316180066	2.24130156476303	1.65654343544181	1.09709892114025	0.619297135511459	1.79081410339744	2.55653784986153	1.21848672387862	1.18620264654573	1.59640438468092	1.79374028787085	1.52542723674093	1.62853971379662	1.6522845500674	1.9633266801609
"CMTM2"	0.00920203424482219	0.0433806161919306	0.0458036713795614	0	0	0	0	0	0	0	0	0.0680440973161062	0.0280625724548828	0	0.00957920678367043	0
"MUSK"	2.11852939279233	1.64108499304425	0.9791945782426	1.74086789547975	1.65325503508561	1.70522220598959	1.63623515718655	1.54437492816758	2.42397017091444	2.36699195325677	1.88350348595797	1.78309005208767	2.02260105942875	2.02672907477836	1.72135299717902	1.63327526199248
"HPGDS"	0	0	0	0	0	0	0	0	0	0	0	0	0	0	0	0.0271318953684899
"ZNF781"	0.525841792441987	0.29704555308871	0.512330431659809	0.924913073704445	0.371280311919064	0.605537532305574	1.14799275673329	0.422346614622384	0.865568048897919	0.95406580491668	0.91889554216066	1.00000827290715	0.536036147592522	1.11103695114324	0.929016448308987	0.6481036809566
"CD5L"	0	0	0	0	0	0.0522394330962897	0	0	0	0	0	0	0	0	0	0.0735419235851875
"DEFA1"	0	0	0	0	0	0	0	0	0	0	0	0	0	0	0	0
"MRGPRD"	0	0	0	0	0	0	0	0	0	0	0	0	0	0	0	0.0108264887925908
"MAP3K7CL"	2.48099379289486	2.39137541819834	1.94699905498527	2.14518246392827	3.00749319492542	2.82918957483288	1.89496640810485	1.78272321760958	2.24994138703968	2.28614948013452	2.0961239745758	1.9549563937193	2.50822918380999	2.46862980229317	1.8997617151822	2.07165928757815
"LILRA1"	0	0	0	0	0	0	0	0	0	0	0	0	0	0	0	0
"CFP"	0.257891423090719	0.85124669927211	0.41024477540804	0.448038217431423	0.504753188083155	0.264445415666111	0.554897966440417	0.774503375952056	0.435438454609444	0.660896582125822	0.320340190025594	0.244471447600472	0.564067860576422	0.393962664167494	0.493194436106331	0.307743381457443
"CD33"	0	0.0151680894022175	0	0	0.00664015558237323	0	0	0	0.0114612054307623	0	0	0	0	0	0	0
"ITM2A"	0	0	0	0	0	0	0	0	0.025204528561906	0	0	0	0	0	0	0
"BHLHE22"	0	0	0	0	0	0	0	0	0	0	0	0	0	0	0	0
"ABCB11"	0	0	0	0	0	0	0	0	0	0	0	0	0	0	0	0
"ITGAX"	0	0.30743367902325	0	0	0	0	0	0	0	0.0125806561813777	0	0	0	0	0	0
"GAS7"	4.67280163580879	4.28145840078096	3.48852635300649	3.71320752409899	4.20800044696537	4.17520246312892	3.53932747228366	3.19917357619776	4.72323229877051	4.70008254586613	4.04125967634069	4.14098042991692	4.71977670715846	4.75581489714849	4.10918662821183	3.8904531650334
"SCML4"	0	0	0.062127241493104	0.0287972101546756	0	0	0	0.031309110409409	0	0	0	0	0	0	0	0
"UBASH3A"	0	0.0123247620813859	0	0	0	0	0	0	0	0	0	0	0	0	0	0
"CCR6"	0	0	0	0	0	0	0	0	0	0	0	0	0	0	0	0
"CD5"	0	0	0.0115366997006478	0	0	0	0	0	0	0.00906603253188346	0	0	0	0	0	0
"CYTIP"	0.0724874096677492	0.206189451812409	0	0	0	0	0	0	0	0.0182747568429387	0	0	0	0	0.0192205167680521	0
"GMFG"	0.236279057051505	0.823212876044179	0.418366788785968	0.269646400371855	0.216747472271487	0.59875357318672	0.417741755076884	0.476494992328933	0.239005873418239	0.178964331893618	0.300039710556738	0.17109644653529	0.295843343672669	0.311351958190158	0.300517211294485	0.749270235158101
"ZAP70"	0.0305271912585111	0.123358775374622	0.11217613441822	0	0.0317689845191098	0	0.0490640660693478	0.111867158018752	0	0.0450841534167737	0.0159439272539925	0.0288175996393229	0.0156986394435099	0	0.0159718809200097	0.0497298576543709
"OR52N4"	0.0283243874556191	0	0	0	0.0118633670123053	0	0	0	0	0	0.011842532906988	0	0	0.010288054053748	0	0
"ITGAL"	0.572971802326437	1.11305551520432	0	0.883351530146794	0	0.645047478430055	0	0	0	0	0	0	0	0	0	0.616433521012301
"FAM78A"	1.65831843747971	1.43300502126691	1.80221205697196	1.06867328551992	1.74817654364715	1.06959393595096	1.04562227450027	1.13374672228114	1.06044665783204	1.63125426970695	1.51669560058778	0.923386540055977	1.68102133451481	2.0123570086531	1.29044810121078	1.62198162836856
"KLRK1"	0.0146112715379104	0.0346107587655562	0.0365501506551709	0.050003533495166	0.0889383516511058	0.0335679401151069	0.0467459200998113	0.0719955544255569	0	0.0287757807655178	0.074362820301263	0	0	0.0262634613934955	0	0.0317594399277222
"FGD2"	0	0	0	0	0	0	0	0	0	0	0.0109453807846938	0	0	0	0	0
"MEF2B"	0.0171975335151145	0.0102799479554306	0.0743647681650373	0.0394166123020272	0.0355815384935442	0.0873228560371341	0.0185375523112295	0.063793912060868	0.0308101692569823	0.0421774049830865	0.0442644721839776	0.0481529972498174	0.0263117319696866	0.0460908345865875	0.0958123393645954	0.0465283859318446
"CXCR3"	0	0	0	0	0	0	0	0	0	0	0	0	0	0	0	0
"CD247"	0.00186457360151724	0.00444358099201298	0	0	0.00194120794679208	0	0.00602369293677049	0	0	0	0	0	0	0	0	0
"STAT4"	0.248825936984114	0.261107696077775	0.376216711006613	0.283797419822036	0.348756748842363	0.360043452138264	0.375646770615417	0.44105564452994	0.364706248195096	0.338284629426864	0.301041415637724	0.389295820059773	0.248693415288372	0.176783988847662	0.40942257967905	0.497339788351308
"TFEC"	0	0.0495567462531491	0	0	0	0	0	0	0	0.0412378484375903	0	0	0	0	0	0
"TREML1"	0	0	0.0212469038457645	0	0	0	0.00912847318916957	0	0	0	0	0	0	0	0	0
"BCL2A1"	0.335012381709184	0.213718918287783	0.244649297362865	0.252696275044591	0.762935764218541	0.483440737050789	0.311078577771933	0.347560862700491	0.0804928887277689	0.10528372446689	0.0925568583187206	0.0511469332157706	0.0999773671363639	0.0806985416014997	0.0746424679923011	0.0877775003512692
"ARHGEF18"	0.660442012813401	0.59692879013396	0.546872949328433	0.717289444692514	0.378336751203147	0.30167920376171	0.401021526170499	0.427281387595193	0.704425099687609	0.683631193752757	0.70233258454333	0.842824961189185	0.647065845087028	0.713167217359017	0.720082842861731	0.722232162826138
"FGF23"	0	0	0	0	0	0	0	0	0	0	0	0	0	0	0	0
"RPS16"	6.79825218886814	7.89379106508774	7.76589085998628	6.7454521107308	7.07464599514923	7.31734798836587	6.75374153217272	8.07448376874667	6.64478884064452	6.65750635151496	6.75054551624608	6.67879593805346	6.66294136379691	6.65651154166068	6.5918585156991	7.09586971326984
"RP5.972B16.2"	0	0	0	0	0	0	0	0	0	0	0	0	0	0	0	0
"LCAT"	2.39372185595458	3.33375175267882	2.84546504852472	2.2508605336887	2.88698736363094	2.96389656143808	2.28617843011529	3.79274578256958	2.18343747711395	2.23045091938401	2.17263814304602	2.12846370821054	2.45481495428957	2.40798408934725	2.27710692032406	2.46181590565217
"BORCS7.ASMT"	0	0	0	0	0	0	0	0	0	0	0	0	0	0	0	0
"MAP3K10"	1.95151433005855	2.86778062784723	2.82924793676618	2.09025585466292	2.24941442808803	2.40179276176293	2.03083953328144	3.28223285322412	1.92835402186065	2.01823426686424	2.07182171976759	1.94832234843959	2.11542347204746	2.00091969411644	2.17783705251299	2.35467982832896
"AC087651.2"	0	0	0	0	0	0	0	0	0	0	0	0	0	0	0	0
"GAPDHS"	0.00945687906881279	0.0112716178778419	0.0237197438495723	0	0	0	0	0	0	0	0	0	0	0	0	0
"TP53I13"	2.83405243241112	3.91736849265286	3.76074940681952	2.87658955829615	3.11406106513612	3.1962362546271	2.84942840248535	4.37956862200228	3.12197528234786	3.06017951311453	3.09874274163976	2.91768815530534	3.17088688852269	3.10466645020944	3.19521154530315	3.2725838803773
"LPAR4"	0	0	0	0.01672920421096	0	0	0.105996604891961	0.0181950773100334	0.0766089100695087	0.0565489420144581	0	0.0272329488657102	0.0295124306374936	0.0516548641216968	0.0300236178941678	0
"NCR1"	0	0	0	0	0	0	0	0	0	0	0	0	0	0	0	0
"HDAC9"	0.678256706099796	0.182043590398223	0.120493743130382	0.708719575485573	0.958297766296816	0.85069732647788	0.764066652567779	0.114081858444769	0.419230178606171	0.42435043785007	0.562032183682154	0.582670026733171	0.342541142480332	0.377078700200871	0.573906446115396	0.389795898204252
"CD72"	1.82616515554632	2.95944071279798	3.02907642917364	2.29002419543876	3.0265698616488	3.13599107177556	2.10442099611216	3.81979783469304	1.40235200543715	1.56536138556994	2.17031912865491	1.84640157985804	2.10070537987439	2.25078004656568	1.75825690222733	2.09134894735511
"SASH3"	0.0231903465429053	0.013873767877661	0	0	0	0	0	0	0.0414788558470905	0	0	0	0	0	0	0
"CCL19"	0	0	0	0	0	0	0	0	0	0	0	0	0	0	0	0
"LTB"	0.010312269424808	0.0122904563803938	0.0386089024265409	0	0.0372275185652148	0.0354607697859945	0.0276356352774865	0	0.0185097630155415	0.0102050896684135	0.0423943775587738	0	0	0.0277483567629049	0.0424680282927168	0.0335514730493233
"WDFY4"	0.052291056736836	0.0468621688983895	0.0655984931498245	0	0.0274572205426966	0	0.0284311078050546	0.049337141136493	0.047147488235535	0.126065235756345	0.0937372350545512	0.0493833331328189	0.0402968344477218	0.0355964066373689	0.0808517347856149	0.0288197070388244
"CCR7"	3.20167901045923	2.38659301792634	2.29588626702878	3.58569798251679	4.65696407054447	4.39155772896386	3.64067534929528	2.58819645176769	3.22924710881501	3.44218701454669	3.35240629845816	2.98186710466622	3.54329943271602	3.35046520949156	2.94327777657635	1.66938247729641
"EOMES"	0	0	0	0	0.00853041795136621	0	0	0	0.0292851881571471	0	0.0169808726585125	0	0	0	0.0338230321819782	0
"CLECL1"	0	0	0	0	0	0	0	0	0	0	0	0	0	0	0	0
"P2RY8"	0	0	0	0	0	0	0	0	0	0	0	0	0	0	0	0
"HLA.DOB"	0	0	0	0	0	0	0	0	0	0	0	0	0	0	0	0
"FLT3"	0.0406196035366717	0	0	0	0.0212877562508667	0	0	0	0	0	0	0	0	0	0	0
"ARHGAP9"	0.123775421937309	0.417686454036347	0.293731095574649	0.142030915041224	0.0379411470320037	0.0420773938200403	0.133047425142092	0.629302609203972	0.0649822301402018	0.0712904839232183	0.110766822797161	0.0344231703408672	0	0.0809869020010976	0.0749097455214302	0.0593204534361108
"RP11.330H6.5"	0	0	0	0	0	0	0	0	0	0	0	0	0	0	0	0
"TNFSF8"	0	0	0	0	0	0	0	0	0	0	0	0	0	0	0	0
"CD53"	0.015344337920137	0.173160089654933	0	0	0.0317689845191098	0.103239785717311	0	0	0	0	0	0	0	0	0	0
"TRAF3IP3"	0	0	0	0.0810044588336333	0.142911183781267	0	0	0	0	0	0	0.249409069147573	0	0.0636783938087034	0.0370766069915391	0
"TLR9"	0	0	0.918846239881858	0	1.07283356506495	0	0	0	0	0	0.794444903507545	0.736972212495719	1.05975314228792	0.399261596252173	0	0
"DNAJC5B"	0.0276910469285685	0.0651937938607183	0	0	0.0192762333373317	0	0.0199619515801444	0	0.0166787077276916	0.0274049489464344	0.0192424675197802	0.0347476083560236	0.0189467660102006	0.0817379533324495	0.0382981707013072	0.0598747262954578
"LILRB1"	0	0	0	0	0	0	0	0	0	0	0	0	0	0	0	0
"OR5H15"	0	0	0	0	0	0	0	0	0	0	0	0	0	0	0	0
"NOL4"	0	0	0	0	0	0	0	0	0	0	0	0	0	0	0	0
"STMN4"	0	0	0.099348460587737	0	0.0825537064858237	0.177356442519077	0	0.438747816455032	0.172836582491113	0	0	0.111094524746789	0	0	0	0
"B3GAT2"	0.118082965115089	0.0242541823480486	0	0.219301987524057	0.253867363276974	0.146447746483207	0.37733085739214	0	0.229858393585987	0.171979544305939	0.217245955924877	0.138269580177194	0.195918490785988	0.182298917365883	0.199121253320953	0.159064405941188
"FAM163A"	0	0	0	0	0	0	0	0	0.0154457678457522	0	0	0	0	0	0	0.0187414316136606
"RAB3C"	0	0	0	0	0	0	0	0	0	0	0	0	0	0	0	0
"KRT73"	0	0	0	0	0	0	0	0	0	0	0	0	0	0	0	0
"SOX8"	0.149840253805881	0.177000774300097	0.266153416708054	0.151337201040212	0.627432686413488	0.38351531175287	0.136962303184964	0.2021836455129	0.191057017832903	0.233882824960059	0.136885151170682	0.166865099006147	0.180128992644866	0.210891951832382	0.123032438627913	0.123989530602335
"PRPH"	0.0610865178004843	0.0487787054740463	0	0.180402738473189	0.0426723340606718	0.180609608298051	0.108006841695127	0.40721917781655	0	0	0	0	0.0211268374689611	0.0731880938465629	0	0.0882083027652438
"PCDH11X"	0	0	0	0	0	0	0	0	0.0375542460776453	0	0	0.0198047657272621	0	0	0	0
"CER1"	0	0	0	0	0	0	0	0	0	0	0	0	0	0	0	0
"KRT72"	0	0	0	0	0	0	0	0	0	0	0	0	0	0	0	0
"FXYD7"	0	0.045609463952814	0.048154947966676	0	0.0300237226781105	0.0222897245833399	0	0	0.0173792137708586	0.0190969908679911	0.0200499053072944	0	0.0197418804929842	0	0.0200850078027108	0
"UBTFL1"	0	0	0	0	0	0	0	0	0	0	0	0	0	0	0	0
"PDE6H"	0.0113873478619087	0.0135707973791222	0	0	0	0	0	0	0	0	0	0	0	0	0	0
"GNG13"	0	0	0	0	0	0.0463981906475437	0	0	0	0.0495801689683406	0.0105565783209118	0.0379682799615991	0.100715297947022	0.0182827990655741	0	0
"TCL1B"	0	0	0	0	0	0	0	0	0	0	0	0	0	0	0	0
"NPHS1"	0	0	0.0914542937873762	0	0	0	0	0.0463208428731041	0	0	0	0	0	0	0	0
"CH507.9B2.2"	0	0	0	0	0	0	0	0	0	0	0	0	0	0	0	0
"TAS1R3"	0.154055489894871	0.417927732165046	0.306514751531547	0.120039787378082	0.47621830236352	0.542080803108354	0.216660405083026	0.130160609307208	0.246040261431317	0.29046570139481	0.209342463425546	0.360101672149966	0.343754330002453	0.42112870649731	0.435075905192795	0.167625302056326
"GABRR3"	0.177599850242964	0.0874561111310827	0.0922635616741927	0.240679180060904	0.149403498532901	0.105326220317791	0.243249989846099	0.0467371971258988	0.114410145993292	0	0.166758108672167	0.103201558920601	0.0753502672841291	0.0666544314420861	0.131552101344895	0
"TBC1D26"	0	0	0	0	0.0136575929913656	0	0	0	0	0	0	0	0	0	0	0
"NLRP4"	0	0	0	0	0	0	0	0	0	0	0	0	0	0	0	0
"IL17REL"	0	0.0849607318438972	0	0.0554161595899046	0.0500512053358887	0.0280079400186826	0	0	0	0.0240029337927902	0	0	0	0	0.0252425559217989	0
"MPZ"	0.474245099058958	0.619433017890955	0.3136786875552	0.205058056050964	0.441473089630277	0.455622994259195	0.32497427551741	0.318376050899594	0.271960373121437	0.191673123610725	0.140258479192559	0.258296379510476	0.18309861223393	0.218677215843494	0.230318082355403	0.23589667210611
"TNR"	0	0	0	0	0	0	0	0	0	0	0	0	0	0.0244242201848174	0	0
"ANKRD34A"	1.08213113843624	1.37437046038181	0.867736467104896	0.566531721896409	1.50465724258484	1.56401591537175	0.708818253632278	1.19909794109214	1.31807303072846	1.49494270571848	0.946709377155008	1.05583211097972	1.38767648568497	1.33064276655706	0.968375009298542	1.06440824902477
"ZNF804A"	2.5142741987965	1.29843185146482	1.54183439839004	2.30215901852051	1.67928938736735	1.68730156385917	2.4831800772325	0.622879677723369	2.60261411004448	2.61839003575179	2.51320065974381	2.42402778141335	2.28194900457663	2.14750962095912	2.34484744860416	2.38025381469405
"ZPR1"	5.00685764876133	5.2235966377888	4.94393937082213	4.55607073686068	4.40065812424385	4.39060094877619	4.54187922015906	5.00242071161875	5.07994844349391	5.29062501334657	4.90054278743225	4.98743567157876	4.70865044626028	4.63754153528631	4.94985674620429	5.26258364125583
"CDKL4"	0.0375151150521671	0.018018643495849	0.00954860993612856	0.0685742597290947	0.0313139187223887	0.0174727162747961	0.0324230696623851	0	0.0471124005026157	0.122523207654748	0.0769138486738833	0.0562603333246356	0.0609187417243823	0.112136849809116	0.128629916163963	0.0490218540127574
"MLN"	0	0.0255233747251541	0	0.0124140092105518	0.0167615255401556	0.00622792937688164	0	0	0	0.00533159578437923	0	0	0	0	0	0
"SH2D6"	0.057063798129967	0.148306048288499	0.071556027822118	0.033225822485943	0.0150713300691809	0.0496155496245656	0.12037919048127	0.155857762228931	0.0765163000318419	0.070261283970472	0.0880022497010314	0.15599845248624	0.0148133639663262	0.0767120608753103	0.0881527502406797	0.121972710720341
"OR5F1"	0	0	0	0	0	0	0	0	0	0	0	0	0	0	0	0
"TRPC7"	0	0.0270456112498869	0	0	0	0	0	0	0	0.0112818227822091	0	0	0	0	0	0
"KCNN3"	0.0546687025562784	0	0.0174496687564118	0.0159978438942967	0.215163920132667	0.152691901325856	0	0	0.0248581514092033	0	0	0.0516311181871525	0	0.0494225405741082	0	0
"IL12B"	0.0883568833277381	0.0108265134305658	0.0452195608911847	0.0312289956079255	0	0	0	0	0.0641589319968978	0.145677188092039	0.0188165328851339	0.099636442283305	0	0.0485096986873598	0.144319968935608	0.0963318775424289
"MBOAT4"	0	0.036318942295582	0.0193038356776751	0.0176986870933977	0	0	0.0650269446492682	0.0382444406565575	0	0.0151785100357995	0.0627180662841593	0	0.0312147482579172	0	0	0
