"CAF07_1"	"CAF07_2"	"CAF07_3"	"CAF07_4"	"CAF07_5"	"CAF07_6"	"CAF07_7"	"CAF07_8"	"CAF09_1"	"CAF09_2"	"CAF09_3"	"CAF09_4"	"CAF09_5"	"CAF09_6"	"CAF09_7"	"CAF09_8"
"IS01"	0.00119316094659064	0.00381885339437678	0.00559107425703997	0.00159360295991757	2.22044604925031e-16	0.0023289613885197	0.000222829935535333	0.00163318783830119	0.0012970308206258	0.00258712814456945	0.000911635497574439	0.00151370513455012	0.000594241944554757	0.00238192211011846	0.000375855866511099	0.00067855127800201
"IS02"	0.00405308171313572	2.22044604925031e-16	9.26088645558977e-06	0.00427269092753233	0.00169244942729278	0.00133805109580442	0.00490517861290819	2.22044604925031e-16	0.00270603589567975	0.00361149919583648	0.0017993582532431	0.00219787806978577	0.00190941445713856	0.00227521421492127	0.0019692649815008	0.000534633134614494
"IS03"	2.22044604925031e-16	2.22044604925031e-16	2.22044604925031e-16	0.000842862353811066	2.22044604925031e-16	0.00338279201169347	2.22044604925031e-16	0.00329269551476351	0.00210560331150807	0.000647658298953063	2.86456973239253e-15	2.22044604925031e-16	0.00402370517636979	2.22044604925031e-16	0.00566135293829306	2.22044604925031e-16
"IS04"	2.22044604925031e-16	0.00015145476084792	6.02175391207483e-09	0.00195707021702601	0.00451415524349094	0.0043843393885921	0.00236218610438778	2.22044604925031e-16	0.00366740489123597	0.000248212873604087	0.00219095548320906	0.00251828853608625	0.00132482695842373	0.00399906419462482	0.000942137441051539	0.0034033003747898
"IS05"	0.00308027126311463	0.00195959815579089	0.00241880296523512	0.00436974850553373	0.00267133640750783	0.00178950100467176	0.00221943383329018	0.00349831308663776	0.00253935082628179	0.00361300387417892	0.00259234744193351	0.00282134920498479	0.00333795815604481	0.00306659475080442	0.00216807920242614	0.00364653299129448
"IS06"	0.00210118276682537	0.00312006127587111	0.0044622640214531	0.00212521965336748	0.0016713393975697	0.00380807118725572	0.00245557470768257	0.00541635776339782	0.00252200470700509	0.00208338367969833	0.00245763254372628	0.00357028003463531	0.00288758866368545	0.000697807606887649	0.00202788741360913	0.00315952731011689
"IS07"	2.22044604925031e-16	0.0117834241061615	0.0107109374914811	7.68412909794253e-08	0.00240157223232669	0.00282128081707814	0.000114828616987145	0.0143332421514453	2.22044604925031e-16	2.22044604925031e-16	2.22044604925031e-16	6.28838756942985e-15	2.22044604925031e-16	2.22044604925031e-16	2.22044604925031e-16	2.22044604925031e-16
"IS08"	0.00248168073541851	0.00898869067735306	0.00209811948728211	7.40656971757928e-07	0.00322033161039025	0.000260447654157914	0.00410072779263183	0.00298451675113504	0.00200720405598766	0.00189368179273408	0.00237944765612249	1.70979617980755e-13	5.86357570171402e-05	0.000982076332688082	0.00284978884007462	0.00158485963311215
"IS09"	0.00259838444879471	0.0045589148955303	0.000354827963518905	0.000872571191015075	0.00542957134327525	0.00425823738048172	0.000494591827529016	0.00220550039908214	0.00207894797861286	0.00122927783843806	0.000123995965147816	0.000967589949522288	0.00125512981757509	0.000559042367587913	0.000505423544509604	0.00222102281351975
