"Pt38.baseline"	"Pt32.baseline"	"Pt13.baseline"	"Pt2.baseline"	"Pt22.baseline"	"Pt23.baseline"	"Pt8.baseline"	"Pt9.baseline"	"Pt29.baseline"	"Pt20.baseline"
"MS4A1"	6.42494233833134	0.0421017131660775	0.0555429929617684	0.113470300631568	0.505223989555735	0.0262476039326461	0.0131143080762401	0.637653205427304	0.351983308832431	2.29536992053444
"FCER2"	4.00222752913416	0.00885180952410874	0.00256146482623209	0.00267838626756387	0.0691633879352534	0	0.0182067501869776	0.0920368394877318	0.0154051764964063	0.156314200739531
"FCRL1"	1.88485822980345	0	0.00289249878435335	0.0039614047507551	0.0154977732507685	0.0239487666719596	0.00196555876650329	0.025636633679206	0.012110429806457	0.131392816833937
"CD19"	3.36584656723882	0.00591866607745593	0.00682415436432352	0.00493756096393646	0.115953466548974	0.00447739981911451	0	0.114826376477134	0.0563819208739038	0.707242560969997
"TCL1A"	4.63131897362533	0.0174431380484798	0.401054513796831	0.0477237963125686	0.258889584055156	0.0124231538555526	0	0.28349611699737	0.148998606694452	0.182107571122837
"FCRLA"	2.36138461195774	0.0115722164135396	0.863623565797269	0.413175361250544	0.322296726648009	0.600461103257272	1.09551426063671	3.98587453168699	0.143366966470838	0.367155099459564
"VPREB3"	3.34692054531989	0.0452057176411875	0.00241297401133321	0.012747922110098	0.0222755964766221	0.00356361993387919	0.101576830381443	0.0238513385592176	0.115029192244363	0.354096654354613
"CR2"	3.89590889801632	0.00205816860700607	0.00356171744397732	0.000947553760448826	0.0391563868864999	0.00140608580047715	0.00641756771869369	0.0255366765411114	0.0130620881568729	0.0892845567246074
"BLK"	2.69413659816338	0	0.0212926857771689	0.0319716798042139	0.0730851318533421	0.0224588267098299	0	0.051338458299722	0.0194630533836419	0.246654006761397
"CD79A"	8.00712847642123	0.2064086120064	0.716098329880635	0.459901540004741	4.58335092778398	0.31233827854667	0.276667395795461	2.31508025131001	1.29327523034841	5.52705938200681
"PAX5"	4.08131250256451	0.00365724032986593	0.00629114021226854	0.00639502947432634	0.0449963445716696	0.0103407338935786	0.00198149568388735	0.0314591840505245	0.0219497334789637	0.208165508053575
"CD79B"	5.33464536692674	0.325165849109983	0.601673044027703	0.273115971500503	1.7158926345312	1.14406250629034	1.55139370653916	0.760170137311272	1.21952207772353	2.40047223870018
"CLEC17A"	0.926143678224983	0	0.0130109012122874	0.0062324967371339	0.0181921442444079	0.000564197588765917	0.0035997427134545	0.00409738496250004	0.00228314156055718	0.0200543706234827
"TNFRSF13C"	3.16093225914633	0.142063980814362	0.00847449459923669	0.0162230522901774	0.141672485990347	0.154830665886032	0.0548740662839625	0.0615103154841006	0.127289381640924	0.395511538244315
"CD22"	2.96527031371134	0.261461181260779	0.140060084410403	0.0163474936791721	0.470510392336221	0.115813739537175	0.0576427744167958	0.0707586663431195	0.710207665106796	0.179380411389862
"FCAMR"	1.50704895593155	0	0.00514494469091617	0.0410677881506046	0.00644686311988036	0.000831227936272568	0.00187629522177979	0.00239830245443367	0.00926862928471332	0.00255876826415376
"TLR10"	1.89287881901691	0.00724551841167999	0.0550520737706557	0.0711914413851437	0.0766092932809235	0.0167630082184345	0.00643674049828737	0.0352489226218903	0.0796374491425896	0.142188022546483
"STAP1"	1.633177062728	0.00295362944811298	0.0262440218303629	0.0105982674165272	0.124134183907033	0.0465270539645557	0.00339127929241815	0.0307796994857948	0.018938079024378	0.150250853461835
"CXCL13"	7.36860521316816	0.134058546639392	3.41242223810565	2.33355628706584	2.26478034069933	2.78519789710533	0.500923914831562	1.25799615980593	2.51305360428576	4.16556100964311
"FCRL4"	0.756011315448911	0	0.00122814347112287	0	0.00795755723410183	0	0	0	0.00481340636927313	0.0313597397682191
"P2RX5"	1.68629217691959	0.00684280646882249	0.0142737590377701	0.00647227672571725	0.0517330147746739	0.18311835454982	0.0249494679428327	0.00822607882122822	0.0823478140369633	0.105074746783037
"ARHGAP25"	7.08453924801598	4.83345554529168	4.45628614343347	4.10807325538466	5.09716874672695	4.84255453916873	3.35872714177909	3.70560151059866	4.41980101248965	5.75309343028244
"FAM129C"	0	0	0	0	0	0	0	0	0	0
"LYL1"	3.55146235954116	1.42335867619074	0.956171272498137	0.747835567340933	1.24899883838313	2.16179609348567	0.878712494791282	0.947235653983206	0.731989547810577	1.66380895250657
"CNR2"	1.80439399996449	0	0.0113964178507785	0.00376284577676771	0.0216936316077423	0.00505725114988337	0	0.0222321401556667	0.0126482517223396	0.0562338158733832
"RAC2"	6.02600907905644	1.11147472906562	2.59076196156242	1.71207529233378	2.87131992791529	2.33641702063962	1.69376106561947	1.72595608957506	2.05986278425259	3.80664982017654
"SERPINA9"	0.410600357047142	0	0	0	0	0	0.00136164644019769	0	0	0.00254165438611318
"LRMP"	0	0	0	0	0	0	0	0	0	0
"PVRIG"	1.91727940242384	0.417197119496215	0.631306841166152	0.586096197703212	0.713659265990006	1.14111347090464	0.814555042166361	0.637154394964858	1.19232252701724	1.50559573104412
"SELL"	2.71311495999602	0.0578077892924374	0.21529181266497	0.263855665532728	0.456878813612945	0.267984486804456	0.21384863634699	0.165669841781291	0.253064144607881	0.404908770342338
"DAZL"	0.00710127530226947	0	0	0.0038821621218008	0.0158996694466623	0.000766333543281114	0.012835897813121	0.0266610349697524	0.00112420259237951	0.00776618189617612
"RGS13"	1.0279255068365	0.0874080808612441	0.0814368505020085	0.0347168217881028	0.0989153062732617	0.0181234905234198	1.61378394609387	0.26908829700406	0.402581696904269	0.0417823584198972
"GRAPL"	1.82095030100523	0.13793525958786	0.311015031852693	0.287588619170823	0.424587510301493	0.301796413714419	0.127589174441445	0.0870095544599421	0.36041362510142	0.253111328290462
"GPR18"	1.02289862957341	0.0267146113738832	0.0557264218578152	0.0808716194484849	0.109479749142458	0.0410052634682938	0.00364932485446305	0.0486579202318894	0.156499306978913	0.401770274089957
"NCR3"	0.0381539619907075	0	0.00108506955849891	0.00196121986641267	0.00106277107479221	0	0.00297606746107463	0.00564608254248764	0.00188291718451022	0.0235768373640461
"TBC1D10C"	2.5404473240968	0.216100775181347	0.274191277140178	0.217400996256882	0.459749176740771	0.508834693272132	0.194292297651181	0.613041350866022	0.463140299622765	2.12983334482424
"SPIC"	0.614388414152785	0	0	0.0666155714109417	0.0535311467808865	0	0	0.0057621745797906	0.0532507797195253	0.0593474438280057
"FCMR"	0	0	0	0	0	0	0	0	0	0
"CR1"	1.46487520278077	0.0388400955315562	0.222692459809689	0.165143683284462	0.40669893037981	0.477313802791236	0.0845077836302345	0.125637364098905	0.307974203345084	0.173558946576123
"SEPT1"	0	0	0	0	0	0	0	0	0	0
"C12orf42"	3.07914291769765	0	0.228268032072041	0.246560676785637	0.236256774784018	0.20488277741893	0	0.400015630323207	0.0869869656438395	0.130833308263938
"DTHD1"	0.0413029486802534	0.00192466777108507	0.0638476533996576	0.0301639574612717	0.0301679589409405	0.0151104514572764	0	0.00503929434819218	0.0569454493078937	0.130691963593078
"CCL21"	7.67017022243837	0.222839623931436	3.68403165596794	1.92287524416788	1.75648954909038	0.0572791595681636	0.13694957246008	0.781425258230815	3.31858872385812	0.659946260710279
"SLC12A3"	0.0561770878392172	0	0.00773555547385403	0.00180608239918091	0.00784343216099293	0.000812063835336309	0	0.00257446374498227	0.00439388711987352	0.0161053165055967
"RASGRP2"	2.52629492425975	0.116488907355819	0.176372295361327	0.165936024300787	0.324681623166126	0.369205510549033	0.181030326972194	0.288769131675281	0.244695252749098	0.634530089286147
"TIMD4"	3.82329075918625	0	1.54335934738808	4.17288077565272	0.742445211796909	0.662595592105437	1.61038691299539	1.08118383513138	0.87046349177234	1.06608972830112
"NLRC3"	4.45806816105179	1.25829661010341	2.09090148715396	1.4762826370715	2.49719927049928	2.1669538308943	1.26955319120097	1.76865847735236	2.47077082998712	3.89038871348455
"LINGO3"	0.772234284920909	0.0457575288025899	0.00424221568057274	0.011466169675478	0.00264918930003418	0.0189245120782004	0.0336901291587102	0.0186175858373066	0.0259455720448294	0.0459289941669902
"SSTR3"	0.775436721239077	0	0.0046973347935017	0.00939854650373603	0.137457957200219	0.0697537140866515	0.00924638516204552	0.0168989637219439	0.0247714414408212	0.250903956484552
"GPR15"	0.0436412952086248	0.00718408815749731	0.0180801482786353	0.00616942391805251	0.0105503946646965	0.00165298689261114	0	0.00892062688469433	0.0117700638392123	0.010882063210856
"TTC24"	2.63432050142226	0.326255355409647	0.871974475744974	0.223384783510069	0.681297316368994	0.565538211258339	0	0.646277326638885	0.902973447826797	2.160262207892
"SIT1"	4.80811467419435	1.02472578899295	1.89449281601282	1.26753294428359	2.04835117042821	1.55726857024189	0.906187419150827	1.52921851624548	1.98016522668077	4.24422701535603
"FCRL3"	2.99345754123158	0.0422929379631259	0.169780117296511	0.0928657784613295	0.187619067079692	0.235577103206806	0.0126407629493303	0.105664577993809	0.525678516822254	1.10235656945843
"CD1C"	1.7018167190019	0.0297705486630791	0.246874899140454	0.13665703599982	0.273107487375196	0.0154486322249748	0	0.112339427575549	0.160140806287539	0.252933910651455
"HEMGN"	0.0187308917701515	0.00391848960315009	0.000562276890837714	0.00419689850263987	0.00246455704724505	0.00666366578161436	0.00109105484801983	0	0.00210074615975396	0
"IGLL1"	0.103933586663137	0.0343628164164196	0	0	0.00483956851740653	0	0	0	0.020888249431768	0.481064350129598
"ITK"	1.58858201303487	0.143443143685697	0.755062732388143	0.334029863305089	0.930755989237943	0.710029446030596	0.161399706031414	0.432027770645745	0.854266313600629	1.80677949192813
"WNT1"	0.0183526487045946	0.0132882349780951	0.0172590746000683	0.00349801374634227	0.0129858794967125	0.00616564825145408	0.0125822405077767	0.00603530014161053	0.00745400334264021	0.0722062531337001
"LILRA4"	1.61344485758824	0	0.150214692901615	0.139624227671785	0.158158541064121	0.187613422543842	0.0269165463568858	0.0678612420237492	0.0640487622849742	0.136161997461684
"AICDA"	1.63015285048546	0	0.00757394842653294	0.00483073141552468	0.0161527403036134	0.0181085869875579	0.017301422954081	0.024791640135035	0.00311442431100798	0.00862273659226695
"PMCH"	0.355539711007876	0.0656598456516321	0.373087693681717	0.0130741335416087	0.14590815954697	0.209178609164046	0	0.0626412577059639	0.0365819567908367	0.00945781418328125
"CORO1A"	3.22516792673796	0.304793582550599	0.771585675379244	0.454925467944702	0.885027729398547	0.888765213088012	0.472893544514442	0.540609985335818	0.699434862310054	2.06040166606148
"CD1B"	0.0196722527540031	0	0.027800694878998	0.0488756128212894	0.0228235173856605	0.00275298396924336	0	0.0361630292993754	0.026722100621233	0.0532004794034422
"IL12RB1"	1.06973405706056	0.11913859916432	0.39700277827049	0.361694928061982	0.483112274189449	0.426949481713981	0.27949256912303	0.23264962885614	0.50003890701769	1.20921502096181
"BTK"	7.30399015229888	2.33363665521408	4.492939112532	4.00172813225631	5.38671741390604	4.90227970116438	2.95223591310782	3.24733099892425	4.53751392186318	4.93751673540883
"PIK3R6"	0.136488249921341	0.0244785123759924	0.155775899748657	0.0451307822659959	0.142967684057027	0.152684114657453	0.0488722539490401	0.0863005438627441	0.207266924150614	0.159730511698359
"PYHIN1"	0.35209595051179	0.0124127601938256	0.0822762593766827	0.0576302482470641	0.136623209517089	0.0764527937482452	0.0340362555938562	0.0533936405340779	0.119794838396247	0.499763882990249
"GAPT"	0.829814011752499	0.0363933158132335	0.150505000847323	0.201867888927741	0.176051118732439	0.111023181794581	0.00809411039982575	0.0355584048027481	0.0454163330376755	0.0697231627128171
"GNG8"	0	0.494076647350897	0	0	0.110956313581955	0.0859418081227214	0	0	0	0.133694053669543
"CLEC4C"	0.527627229137811	0	0.156537458070191	0.0379394382016084	0.0992659774098624	0.0114323229517463	0	0.0382497007276329	0.0914486576719168	0.0267474724355151
"GP1BA"	0.772058046609166	0.0264495768078852	0.00642013473562066	0.0192888093983853	0.0236095873063353	0.00890423400415288	0.0260770370199743	0.0283496304829756	0.0072598818867824	0.0897695721380516
"CELA1"	0	0	0.0112535194127726	0.00415038551961555	0.031566947557168	0.00654714263327068	0	0	0.00934892187754126	0.0156324336985744
"LY9"	2.45493931258218	0.105727726229108	0.184624837085149	0.270624741769781	0.617284269157345	0.340083995106278	0.120267219371302	0.312618682083283	0.561642220804587	1.5511219489109
"PPP1R16B"	1.49300337906621	0.0524653526686497	0.18893792472128	0.147333540753688	0.399606619361331	0.25580069760295	0.105922350687313	0.102604929048274	0.286117345594904	0.596767259713056
"CTLA4"	0.912835424593654	0.305500820894653	0.575738161295022	0.283967425948495	0.288962135839463	0.449376106950667	0.0574182884453642	0.201836831755894	0.528569751533458	0.963557151419238
"CD28"	0.498868440796464	0.0338626001398707	0.158845108113065	0.0875563006489301	0.330376535712044	0.0908515998717281	0.21172231851324	0.1222950178019	0.46159664524826	0.362049111917141
"KLRB1"	1.52579252520171	0.559186708562148	0.702925858867497	0.76746186340544	1.05089060222539	0.24968270790076	0.328762836085007	0.698377754782414	0.941451316346399	1.55391337857657
"NCF1"	4.80115089088426	0.677015777643911	1.87720932743721	1.31345332567443	1.88247994479925	2.52569763434978	0.421447167393795	1.1230117299201	1.51629034444914	3.19477577281077
"CD2"	4.06384704460608	1.06928233384301	2.72994199953533	2.07167791293379	2.52723535171944	2.27212189218583	1.01716034538785	1.94822860251391	2.63094199861239	4.50835336425677
"PIK3R5"	0.79400726993594	0.244246217731163	0.580330424610848	0.393459472906527	0.933428477364217	1.04513165424511	0.332703073583797	0.305446627056133	0.697801694119192	0.901140555359788
"IL16"	1.65415988864783	0.1052273752051	0.313881247050242	0.242865407205219	0.52142332709304	0.266617347374126	0.0638220434707908	0.243999124490653	0.363439099036716	0.802206969150028
"ARHGAP15"	7.30389018545271	3.31366861826649	4.70053364745699	4.32615201443984	5.49167265038722	4.89527013440471	3.99875526376764	3.83855726994854	5.03054031572291	5.58183824153704
"RASAL3"	1.74597440095197	0.198724417761599	0.298681770012568	0.14495387995793	0.315424702639993	0.369544727458124	0.123686102100159	0.235111317384864	0.262141683050262	1.07871048118437
"TIGIT"	6.01461310283955	1.80973933368651	4.26942924600293	2.81038429217877	4.23518470769904	3.83937028372977	2.02944778022655	2.96633661030677	4.5195908038553	6.30665206438106
"XCR1"	0.0915296561972334	0.0424418243981941	0.122064123889635	0.0747717324305792	0.229671692878774	0	0.0116736261532316	0.0177236501116854	0.120760271267332	0.0609635443600972
"SIRPG"	0.99174274530343	0.0675965181810598	0.465627997719113	0.229740009188041	0.362368031492613	0.263337540673238	0.0939359044685475	0.172665970466451	0.441738548024721	1.54637167134967
"AKAP2"	0	0	0	0	0	0	0	0	0	0
"ITGA4"	1.41199986034801	0.947592646584272	0.880556864400862	0.468550058192293	1.55359771512691	0.54425918624398	0.199525857458151	0.187944795827354	1.06371848902435	0.803737552861157
"KLHL6"	0.956589161971768	0.0318809969006721	0.160006593657368	0.131227307401418	0.482657339273192	0.386279618055552	0.0618344865541912	0.0712030719748997	1.76368779051672	0.383297762936267
"GNGT2"	0.728967754132286	0.116859297275065	0.376789826102845	0.246766645624135	0.311602368554562	0.548788792996529	0.123128402255489	0.148971883040352	0.300801481018835	0.395704366628254
"ARHGAP30"	8.57631104121375	5.20644943637147	6.30088649164514	5.18045534267206	6.82134796818978	6.13851844767438	4.75726013819623	5.20347327002798	5.93766289604235	7.35922324188549
"IL18RAP"	0.0499840975739545	0.0188139227660512	0.0127897253857561	0.0190210032253344	0.035217128175161	0.0320838031440855	0.00885160158504479	0.0377044998859976	0.0201595388961413	0.0535257078530758
"LY86"	3.59893820396149	0.963520674866469	1.82746681436135	1.66698603294326	2.1034920035666	2.59729705575755	0.532429756041132	0.797020847056208	1.46209044214187	1.98129756362785
"LAIR1"	1.32413620798254	0.611215936594596	1.25282485597866	0.592228211354792	1.16811618923343	1.18143472891114	0.571176818187908	0.645730102639718	1.02001509058565	1.25023095176768
"RGL4"	0.19087347267521	0.172617091752673	0.0992538284011986	0.0939188389548662	0.138945384958133	0.112508899190895	0.110247234853832	0.168102663764137	0.20792047727425	0.251754051893121
"CCR2"	0.417583903717953	0.141331981666434	0.943786098776294	0.428800404803629	1.17255612311186	0.246116846067934	0.099313781537439	0.357096307849305	0.518599585325244	1.48819579363631
"TNFRSF4"	1.17192714045255	0.539193737762616	0.719957722274974	0.155990368159899	0.527560254419621	0.870126666384973	0.458989803651776	0.574206313564376	0.318847048754226	1.04471132489277
"NOL4"	0.0247733484180713	0	0	0.0103855803087006	0.00130511181000138	0	0	0.00159934664761002	0.00153223319734236	0
"STMN4"	0	0.00526351016912265	0.00111678630656559	0	0.00107797604573872	0	0.00284752782789717	0.141917971702604	0.00140988585664775	0
"B3GAT2"	0.244527153067849	0.124861319413174	0.0962999526154545	0	0.0317673671554434	0.132796782924367	0	0	0	0
"FAM163A"	0.145618763954533	0.0345340372387623	0.0760727673412292	0.0507778954128137	0.0113680120358102	0.346595381460282	0.0236810567285041	0.00711256954277247	0.0104689274301815	0.00528671495952447
"RAB3C"	0.0293864093917673	0.0511794707596886	0.130381523918451	0.0101146326432355	0.1656299179273	0.243036003411777	0.0117867675015743	0.0218000106843233	0.0116194947684388	0.0480420942485294
"SOX8"	1.39485996288524	0.103246059161419	1.33376754461717	1.0061453216222	1.45824505926775	0.291934085127542	0.355223998252121	0.246291024765523	0.462185759832805	0.723808201677721
"PRPH"	0.0418404861530885	0.760562374413386	0.252334585937261	0.00684324602013729	0.0282965003885614	0.0239007893403375	0.0686605536247696	0.0353105045500215	0.0308531301902081	0.0766753248755532
"PCDH11X"	0.0190623907295798	1.08250944680464	0.00267384636229934	0.000464911535632379	0.00172529081816132	0.00138068276827958	0.00268372028029864	0.002584875339652	0	0
"KRT72"	0.010892004512121	0	0	0	0.00205283728841604	0	0	0.00229563950773607	0	0
"FXYD7"	0.601658515178409	0	0.0915505064281298	0.0117558027017194	0.0420836059667837	0.0868828042203101	0.0435809244863911	0.0422972301252825	0.0121815568104138	0.054993363485901
"GNG13"	0	0	0.00320425021929993	0	0.0140126409168139	0	0	0.00389757918270374	0	0
"NPHS1"	0.822340497190234	0	0	0.000964681049799573	0	0	0	0.00420651623479781	0.0511001730284003	0.00114114327089579
"TAS1R3"	0.115917983141872	0.164260230197237	0.221288716499707	0.00978257437807339	0.239839330776454	0.0173808773069488	0.0109265196469303	0.0231734843270331	0.0406785859629396	0.0921123790067459
"GABRR3"	0	0	0	0	0	0	0	0	0.000715428331542683	0
"TBC1D26"	0.541679619004618	0.242550700230705	0.0248577443328908	0	0	0	0.065603906505841	0.04978918112373	0.0671241081327932	0.104637152689647
"NLRP4"	2.62972040209161	0	0	0	0.0720659369210722	0	0.445668746174261	2.05805298054164	0	0
"IL17REL"	0.300443057679221	0	0.0130869393123637	0.00183217973403491	0.00368705567001393	0.00650874728184053	0	0	0.00763296575400289	0.00719844505035331
"MPZ"	0.111450807169362	0.0420221758921637	1.44361040742528	0.0356771042949692	1.95330107518008	0.171560560403791	0.0640825021160382	0.236496289041033	0.0456356709116892	0.135434891083711
"TNR"	0.0840799610056456	0.693775541722364	0.00840076283146155	0	0.0636628939849229	0.00321206586794772	0	0.0137614252069116	0	0.00510941552829592
"ANKRD34A"	1.4876196227137	2.72679784604182	2.26378834876067	2.36608823182497	1.21637662397379	3.07690902833454	2.32042917977657	1.98647081124086	1.20365352047901	2.02940404999317
"ZNF804A"	0.0323698492800912	0.0114505751508412	0.026613211327488	0.0261723916396272	0.0185267248482079	0.0317329587938915	0.00531896641564977	0.00252371238940216	0.0130958882220303	0.0111216935753298
"ZPR1"	1.0578136373355	0.948448813404965	0.865341221297764	0.814346872463989	0.811514803125284	1.05047706370935	0.925487920406133	1.10145625824708	1.04447551947396	0.905766477717063
"CDKL4"	0	0.00891449482553195	0.00259780581663769	0.0206952826110625	0.00291380595755696	0.0540363200342385	0	0.0230384631927164	0.0140346969356935	0.0038135677797971
"SH2D6"	0	0	0.00233421989226155	0	0	0.00374034280739392	0	0.0078920754345163	0	0
"KCNN3"	0.19038498043297	0.128717696874598	0.192938622296177	0.0407186668143455	0.664524355532526	0.236887026064629	0.0206815636603839	0.0459885498930596	0.0878402715763816	0.259534168951975
"IL12B"	0.0102076495880486	0	0.0030841676173289	0.0150094163977782	0.0057589809784451	0.00111353181670284	0	0.00349931245126134	0.0069420971748814	0.00981718866751185
"MYOCD"	0.00191212151485695	0.00104568159153562	0.00271294926665512	0.00428563759107262	0.0846829079980492	0.00772383980253219	0.00111696467057916	0.00766200694131343	0.00488195401501388	0
"PPP1R12B"	0.497636184557954	0.131207148641314	1.02846296681759	0.248385096053219	0.670763301087094	0.284084977519938	0.837515349827527	0.64991877098299	0.308321582450179	1.03503465420442
"NR4A3"	0.317105464334598	0.207099782260535	0.166387728572196	0.174868042746056	0.15241069626263	1.89210168040282	0.133409122249783	0.0406467587396366	1.93431911345898	0.137265566223236
"VIP"	0.00954676432034269	0.0183372750781981	0.0317277856011948	0.0442664700559949	0.025767726666683	0.0338066353836054	0.014674093404498	0.0461255272287357	0.0134312316722535	0.00787584068219585
"FAM180B"	0.00397913983909835	0.00527070861625768	0.00404714326757362	0.0575074204811796	0.0535059279926496	0.0983746069857708	0.0329768475580592	0.0958348480532383	0.0959732013269939	0.0442296749510656
"GPR182"	0.0618998979471276	0	0.00520472029640185	0.0674012181095715	0.0131289797717009	0.00181038762759657	0.0108394288416509	0.0179587106603127	0.00661618352317967	0.00576904712583735
"PDE2A"	0.16114387778001	0.212128003811373	0.185048786062985	0.395698255753932	0.848984832023989	0.474629696783219	0.303645167734281	0.391355042521442	0.154409310149712	0.176397455744762
"ACKR1"	7.62882068429406	0.489512764663516	3.77945471853619	1.15393792055351	6.12942628786849	3.83473343799281	5.77347057105287	7.00447458266578	4.58610256859785	5.37519934633388
"STAB2"	0.0422402003440009	0.00208520160498249	0.029166058904013	0.253192336553936	0.0163881926079607	0.00209867607615091	0.00227053792611965	0.00920136662706383	0.0311864877212433	0.00168524620235418
"GPM6A"	0.0896990419265082	0.00121135047282275	0.0457811337629495	0.0701487933190147	0.00803560601881972	0.00747299450300672	0.00952094062887336	0.00721315305037033	0.0137649437214879	0.00823155735179449
"SCN11A"	0.150718313674207	0	0.0635607475153247	0.0988863937579859	0.253952222112017	0.136953545999748	0.620068606784722	1.01142305449209	0.238212535797513	0.104568013127544
"CNR1"	0.0863836768854799	0.00129612142839173	0.113639959402444	0.114441290143235	0.0472545771699067	0.0231139108289124	0.188927321638532	0.349432384790245	0.0409658425500668	0.00729477101767971
"NIPSNAP3B"	1.50701056947216	0.814727814893246	0.910881901443827	1.1385770470498	1.98433331446417	1.59241176350673	1.0993098934566	3.06455991519016	2.89104914148726	1.28713649117345
"ABCD2"	0.0535736810943064	0.00396483768508221	0.046298559366575	0.0180360813414442	0.108165007614292	0.0121183045841229	0.00762990658503209	0.0219239078900442	0.0439390435444172	0.114718522395427
"SLC24A4"	0.0109485044098864	0.00469339972335966	0.00634640933245537	0.0203143533865888	0.0132905332738415	0.0870000958546448	0.00394499869618222	0.00274553078316434	0.00663971869564736	0.00612367564587503
"KCNS2"	0	0	0.00679630802034959	0	0.00957627914359089	0.00484382286485247	0.0110752016300067	0	0.00254939299182776	0.00970882380604361
"GOLGA8R"	0	0	0	0	0	0	0	0	0	0
"CLEC4G"	0.924481137279838	0.234134036070519	0.0434221003153534	1.93275056459286	0.0935674418353802	0.0388090804567917	0.215705054592539	0.42498304824142	0.0750505267331859	0.097050814260727
"CLEC4M"	0.310380053028623	0	0.00653966146268545	0.822582398851041	0.00408941081555343	0	0.00332580585866298	0.00161540630301886	0	0.00225629081882725
"TEKT3"	0.00295872106684901	0.00722494330853606	0.00436218360930401	0.00784645159440156	0.00904377900752361	0.0066045291201152	0.0165323396245987	0.00547181115471583	0.00293732606880085	0.0148914869522591
"CHRDL2"	0.00637565691967432	0	0.039808430131076	0.0529644700179557	0.144902053746272	0.0188294678262766	0.0727230519707525	0.0615273530123102	0.0102639030260105	0
"CMTM2"	0.0102531761030472	0.012700571350629	0.00854195023829494	0.0390647415628048	0.00788398922421284	0.122060718467517	0.0154231091310367	0.0233989582051864	0.0084543283422682	0.00735145660035477
"MUSK"	0.0670325095171907	0.00745718152108314	0.0572614067135792	0.00159997945969535	0.000731790982383342	0	0	0.00417549704525922	0.000948917019147458	0
"HPGDS"	0.00636990752130416	0.0101669166842538	0.0596713325534139	0.0872948117896615	0.1712208879331	0.19222491107275	0.0433810470141416	0.119790024983929	0.0410733289988657	0.0162908530601242
"ZNF781"	0.0652661235176475	0.0285139550716301	0.164676390277459	0.0237994520518808	0.0812208327612002	0.0441601162657998	0.00953500837968003	0.174881673477861	0.0277305521025176	0.0845930485414175
"CD5L"	1.00905033607719	0	0.00484531703752226	2.84462000247857	0.0508750272968635	0.128504178147649	0.0252712484796806	0.10043140106887	0.160612526230823	0.131085710661918
"MAP3K7CL"	0.703850422864585	0.917160607944427	1.24930462871387	0.796731525355521	1.29645000410034	1.62357908004322	0.791570272329587	1.12979253140581	0.637369639776032	0.621271542850138
"LILRA1"	0.117438492168947	0.0136006632596272	0.188684363561436	0.176295874470523	0.293530318106923	0.143672339690966	0.0637797380395493	0.0507254492933058	0.139990103182885	0.136626944448545
"CFP"	0.799545632065876	0.0613528671636365	0.0775125833722452	0.447337349370515	0.249250707890406	0.154677540451144	0.13652025076926	0.15037952489326	0.116294738971657	0.195531814134273
"CD33"	0.25918720661541	0.144277477696827	0.575251917066567	0.34660476829173	0.903125480568025	0.593353532056394	0.490880562916137	0.528881523294216	0.465366867382458	0.870751499788823
"ITM2A"	1.18205631016319	3.24729258989442	0.884822530719846	0.460766573609322	1.53320120770045	0.995554022996595	0.391231196113678	1.53207402684858	0.973363677228443	2.04433456291624
"BHLHE22"	0.0670543775059321	0.0401707528327993	0.0620788399967897	0.0529163978382613	0.630553279776223	0.0749552975144239	2.42379248368079	0.0616653203661433	0.085946719306509	0.0976848654494988
"ABCB11"	0.458633677186552	0.0655081151082899	0.0465970630118222	4.41515982290708	0.0163421863775161	0	0.115715884395396	0.167058843629358	0.0192661907301932	0.158536051914282
"ITGAX"	0.562643223726721	0.0400298673054897	0.178698960301646	0.135435135713261	0.394422118958511	0.331403160527204	0.373967160603715	0.0972103961971478	0.106059922828663	0.354219159696986
"GAS7"	1.08972843018519	0.631729492709708	3.28004240868504	1.44730456776056	2.82470750575119	1.03494242593304	1.5475247560174	3.05713739941682	0.850104893454472	0.955458457036337
"PEX1"	0.141647067332957	0.0810305491829875	0.218979183534297	0.235791692423108	0.206002022162533	0.178530902594306	0.211953049045967	0.334270036407775	0.326080732852937	0.168606982084266
"FAM153C"	0	0	0	0	0	0	0	0	0	0
"IKBKB"	0.774096389003249	0.439213538786468	0.75966614254715	0.808552180114043	0.824216270017656	0.887042865842595	1.16426951568254	0.74834352535431	0.903780845428154	0.710338061235683
"SHOX"	0	0	0	0	0	0	0	0	0	0
"ZNF675"	0.440421881541364	0.190419092966151	0.27711824954736	0.294451223052007	0.346672953790183	0.219818231702257	0.243332458586128	0.256768728825345	0.471805545699394	0.295185384775388
"ZNF44"	0.292976509408615	0.261541746036863	0.141091958822076	0.210862471110273	0.171900403657815	0.147379758443417	0.218511596285764	0.203515611498701	0.234068391751405	0.249392026554416
"TUBD1"	0.453869806943592	1.01571888332076	0.276958570118217	0.334617680196005	0.228372031941725	0.176739483461865	0.275484093718284	0.199212735579945	0.68105814964725	0.335273987233437
"C2CD5"	4.9534509765309	4.43930924776049	4.88890622544497	5.30680100882728	5.2942293794086	4.80821605684551	4.43100645099686	4.82125173226496	5.83551914595795	5.03432896090663
"LZTR1"	1.9676498423728	3.08253547748253	1.81243660375883	2.15204925474152	2.00261904248857	2.31498537846231	2.29005398185213	2.82007181598394	2.92870079469184	2.63692785443807
"MLANA"	3.25628855303575	0.34827730385389	1.03305275438798	6.19304065437763	5.08691716999037	5.7831213889013	5.9266883691467	4.91867728878434	5.68226814360029	6.86945161479301
"STAG3"	0.247506020423145	0.0343017587184585	0.0543648332015006	0.255797321022374	0.0652654443827942	0.488647311587281	0.0693547366518582	0.115217548071259	1.18945573224341	0.158758514203086
"EPB42"	0	0	0	0	0.0119506613966302	0.0246980412153594	0.0230399336840289	0.0216621751714786	0	0
"MMP21"	0	0	0.00664812565881105	0.00611864337661126	0.0162396914343478	0.00229364559100994	0	0.0148529274906846	0.0225571811704757	0
"PYROXD1"	0.458317995984301	0.241579626428764	0.346942050937863	1.22891983636327	0.447632284170503	0.341496472007615	1.07515701057765	1.29362058137859	1.06835857741801	1.23633497746029
"KDM8"	0.452471245446062	0.434015132563981	0.31605652442352	1.55783474851322	0.374749416225422	0.200239974287524	0.334060208135761	0.291739315812284	0.249897183062604	0.428469668899398
"BORCS8.MEF2B"	0	0	0	0	0	0	0	0	0	0
"PASK"	0.702566686584754	0.227954973635328	0.165103905058805	0.117009736010887	0.219222749753904	0.295646323609293	0.223296442611185	0.202032964401192	0.241923241367679	0.261227916937982
"NEIL2"	3.02657645568406	3.04722635723818	2.85143594005019	2.70756969084828	2.69347179624812	2.71303089769546	4.02697162605947	2.9273323809988	1.88946395493633	2.29178198330377
"MAGEB10"	0.0134673596913318	0	0.001731113012381	0	0	0	0	0	0	0
"RGPD1"	0.0204305555058642	0	0.00338147352767329	0.158125972177906	0.00533558582179503	0.0116412287138466	0.00562901122236969	0.00288127378257248	0.00572861574311271	0.0107393777726288
"FAM133B"	1.74471024125617	1.84441154769495	1.00031452793713	0.944134268576667	1.01940189318626	0.7988709562759	0.861071963699751	0.552387370442597	1.04116247167766	0.894649705804529
"CNTNAP1"	0.33892005984775	1.06833220054732	0.787698395313537	0.467382917787251	0.424097354729359	0.942582132525511	0.43971857396348	0.243892372618574	0.441878495609669	0.296436995050418
"NSMCE4A"	0.978395787604629	0.50454039432667	0.348216658920305	0.784949759824823	0.538266857523823	0.756043173865963	0.58160048552198	0.662751274576896	0.745243585786387	0.856198435454483
"GPRIN3"	0.159056463374577	0.378286833499308	0.267660775469183	0.101065088718439	0.288045636705765	0.126560253563406	0.148893301310994	0.0897249736995264	0.685858607657081	0.152703629331816
"SASH3"	2.43856706143436	0.194075638088976	0.597726954307401	0.350181157257656	0.697182396601042	0.673817482579489	0.274941514163706	0.317252787016731	0.492658330986709	1.36100133673735
"CCL19"	5.14603183150656	0.0400925241853748	0.136406673838048	0.832086192232983	2.46350231574174	0.0745971383127596	1.6790874871472	2.23188887809865	1.20311546283424	3.51113765912215
"LTB"	2.56951256090519	0.155738099545711	0.172002635388112	0.160356234387814	0.231294992695744	0.13135975873835	0.0939547235556387	0.265418967410869	0.208390964174987	0.744931847328429
"WDFY4"	2.66893414631144	0.0719548993558622	0.481414413833644	0.333002435302627	0.609298887376715	0.391333785783222	0.0796457847949047	0.130602283242712	0.351435742135804	0.49054831273454
"CCR7"	4.03179251235824	0.25579425194312	0.633423651288851	0.461719785217359	1.21674135797229	0.340166397591447	0.283949330488643	0.745194527710873	0.780062703561613	1.67655781191441
"EOMES"	0.708852072575377	0.0390354235124716	0.350461364465642	0.291052713439638	0.269922331404064	0.113908866970277	0.244640766894841	0.308126306956202	0.349529598002696	1.21252319253039
"CLECL1"	0	0	0	0	0	0	0	0	0	0
"P2RY8"	0	0	0	0	0	0	0	0	0	0
"HLA.DOB"	0	0	0	0	0	0	0	0	0	0
"FLT3"	0.530925858333533	0.0149279832956738	0.135803820657307	0.130991348455219	0.263671343046351	0.00555219603472614	0.00804087942097757	0.0881452380090867	0.157227906968302	0.28869962734383
"ARHGAP9"	7.83789935629889	3.79068853298252	4.96671429558932	3.91199011711787	5.13236846544268	5.16112840676579	3.65098767971949	4.42494701252717	4.68703744645525	6.77955239777573
"RP11.330H6.5"	0	0	0	0	0	0	0	0	0	0
"TNFSF8"	1.24419978156648	0.157757096756312	0.536894393693734	0.280241122785355	0.887741534618852	0.555198039532592	0.285898398494974	0.181336954641776	0.375615607305332	0.552494733466442
"CD53"	6.49753312350598	2.22442159915265	4.81790621427319	3.88354732609567	5.02956312583904	4.70458630826086	3.09530802937836	3.32823558235573	4.58880042259026	5.56381107652918
"TRAF3IP3"	2.56328573060727	0.244477133638767	0.763779818124551	0.484724278673695	0.98425455230493	0.654743749961007	0.289438320628168	0.514577099406313	0.731381907735753	2.03797198585606
"TLR9"	0.876451849634177	0.0794906820408695	0.0596443156136671	0.0133644166263243	0.0969281222059631	0.0179763168886502	0.0418628969058735	0.0319232688874925	0.0206047790320041	0.116480504241977
"DNAJC5B"	0.135237946201537	0.0159161144644015	0.0764486577572138	0.271632192551284	0.205363521233482	0.150186725708178	0.0121715071662686	0.0493765937357802	0.11209625164818	0.314293279861811
"LILRB1"	2.48979589518213	0.471386435011654	1.83211914042085	1.07857465158775	1.96510950254259	1.11523023663153	0.640969848763133	0.720151749796202	1.5386893918801	1.62674508443468
