"Pt1.baseline"	"Pt2.baseline"	"Pt4.baseline"	"Pt5.baseline"	"Pt6.baseline"	"Pt7.baseline"	"Pt8.baseline"	"Pt9.baseline"	"Pt10.baseline"	"Pt12.baseline"	"Pt13.baseline"	"Pt14.baseline"	"Pt15.baseline"	"Pt19.baseline"	"Pt20.baseline"	"Pt22.baseline"	"Pt23.baseline"	"Pt25.baseline"	"Pt27A.baseline"	"Pt27B.baseline"	"Pt28.baseline"	"Pt29.baseline"	"Pt31.baseline"	"Pt32.baseline"	"Pt35.baseline"	"Pt37.baseline"	"Pt38.baseline"
"IS01"	0.0139903887060926	1.36399160398242e-14	1.55448062491333e-14	0.0151833433698037	0.0200292912566065	1.47794894679945e-14	1.7417356038419e-14	0.0609784053840894	1.15169506911707e-14	0.0390443906720176	0.00049670277465178	1.28980068840557e-14	0.0813385157282779	0.0121194617956079	0.144245957283544	0.000565342595712914	1.514507217547e-14	1.89217278249913e-08	2.38087940469464e-14	2.17412231018845e-14	1.80572491598358e-14	1.40966501794145e-14	0.000106897344124393	0.00606528807107085	0.00169374008640159	0.0278422754276332	0.57075596393562
"IS02"	0.0419905659354017	0.281619441185883	0.105628525493509	0.146019242528102	0.181661598322178	0.324810256370991	0.129975211639524	0.137312921383433	0.150271736386098	0.12236043413754	0.00603528005257634	0.0419785544552714	0.117913746497964	9.57693003917371e-06	0.0474326523692374	0.0254164620898621	0.0613568267954253	0.0577403258702041	0.074071216414201	0.165671241596953	0.0327731102055489	0.2742001872904	0.0204372391188838	0.217517892620912	0.0801961275866292	0.156385967471487	0.0261596750080279
"IS03"	2.34704373271733e-14	1.36399160398242e-14	0.197266277562765	0.191304648637078	0.0482214391490574	1.47794894679945e-14	1.7417356038419e-14	1.78576251310407e-14	0.14368556278604	0.192312516114067	0.130648143110148	0.289769789110659	1.4983250693736e-14	1.21599781822609e-14	0.0636009056334979	0.145780760119324	0.0634033029813467	1.18396248392252e-14	0.138728792332903	0.126299688306066	1.80572491598358e-14	0.114621386034255	0.127757869029935	0.0509216547286536	1.82959032052971e-14	1.77649913854201e-14	0.0686718677582122
"IS04"	0.235211276159472	0.383400067698353	0.0824281189735993	1.23047830077882e-14	0.128328136404853	1.47794894679945e-14	0.303851768967498	0.310733079252588	0.0737258813097512	1.08278936334343e-14	0.253834995011361	0.21742460555052	0.0624585194193381	0.124506109259912	0.0421818418534172	0.374590081038636	0.225677576166753	0.0685038846350277	0.0641700761309685	0.0212877232888632	0.0606467064369397	0.140034439981248	0.0840838230243322	1.09347302537362e-14	1.82959032052971e-14	0.061855783792576	0.0204891769273207
"IS05"	0.0829722784560101	0.0792400106029762	0.208323691772887	0.327904566757105	0.284129112304745	0.33900785276067	0.230273149423801	0.124624764425866	0.242279243821873	0.193036308701763	0.0503398522988867	0.183152153170399	0.123698709943248	0.0497156589115857	0.00178502092288064	1.30431458213926e-14	0.141662162648803	0.0954426564992445	0.197110911340997	0.31909425534645	0.208598390574951	0.11018077512854	0.213722408451354	0.19581155173694	0.38441738854245	0.314684028396354	3.60055564430609e-15
"IS06"	0.279986441271191	0.117516926616936	0.223786223931596	0.319588198707862	0.249304263704119	0.213532388111986	0.249404641564073	0.177316367713281	0.203115715731503	0.212700743878171	0.157214193330272	0.267057023680597	0.104531020424526	0.235219696760533	0.0130727871174707	0.0520612198809664	0.0329486500637253	0.0885441590692832	0.240881910401566	0.367647091461581	0.30241916427206	1.10839016134372e-05	0.195105284761965	0.164427851714327	0.346563813815681	0.268191144206739	3.60055564430609e-15
"IS07"	0.026991837144027	0.0970288702824918	0.040334414436372	1.23047830077882e-14	1.6606329227168e-14	0.11287149694883	0.0864952284050337	1.78576251310407e-14	0.0230932416457931	1.08278936334343e-14	0.138994903647134	1.28980068840557e-14	0.282153091841236	0.482284068159017	0.0729554116917297	0.0378542980318302	0.0832510529240295	0.295894690382829	0.0628612543848539	2.17412231018845e-14	0.0417504343179372	0.0564244900479989	0.165864487799668	0.120322860598928	0.0455875069343671	0.171040800705158	0.0522625153323555
"IS08"	0.279158665939634	0.012250974224201	1.55448062491333e-14	1.23047830077882e-14	0.0808930882589853	1.47794894679945e-14	1.7417356038419e-14	0.000223962193301848	0.0174672033971854	0.0421218339923358	0.20846730294873	0.000617874032515627	1.10183173636936e-09	0.0841262812366472	0.554708910042238	0.289324751576154	0.223679552389109	0.176891650767654	0.22031459848297	2.17412231018845e-14	0.253445609820717	0.228371390592989	0.000105243375058509	5.23282353769027e-14	0.00160743573814088	1.77649913854201e-14	0.191986737614833
"IS09"	0.0396985463881482	0.0289437093891316	0.142232747829241	1.23047830077882e-14	0.00743307059943819	0.00977800580746371	1.7417356038419e-14	0.188810499647405	0.146361414921745	0.198423772504084	0.0539686268262407	1.28980068840557e-14	0.227906395043564	0.0120191469466457	0.0600165130859851	0.0744070846675026	0.168020876030792	0.216982613854018	0.00186124051151545	2.17412231018845e-14	0.100366584371811	0.076156247022941	0.192816747094679	0.244932900529106	0.139933987296294	1.77649913854201e-14	0.0696740634236241
