"Pt1.baseline"	"Pt2.baseline"	"Pt4.baseline"	"Pt5.baseline"	"Pt6.baseline"	"Pt7.baseline"	"Pt8.baseline"	"Pt9.baseline"	"Pt10.baseline"	"Pt12.baseline"	"Pt13.baseline"	"Pt14.baseline"	"Pt15.baseline"	"Pt19.baseline"	"Pt20.baseline"	"Pt22.baseline"	"Pt23.baseline"	"Pt25.baseline"	"Pt27A.baseline"	"Pt27B.baseline"	"Pt28.baseline"	"Pt29.baseline"	"Pt31.baseline"	"Pt32.baseline"	"Pt35.baseline"	"Pt37.baseline"	"Pt38.baseline"
"FCRL3"	0.348530461247136	0.0928657784613295	0.114026502835694	0.00221317773141943	0.0105258842234063	0.0426241396726708	0.0126407629493303	0.105664577993809	0.00353905091307965	0.011774603461017	0.169780117296511	0.0709444990976603	0.181124873771295	0.136326292316274	1.10235656945843	0.187619067079692	0.235577103206806	0.176483482436427	0.108001255397686	0.0634276051004593	0.0680945033478383	0.525678516822254	0.0582334541553058	0.0422929379631259	0.0586750344953199	0.241122727390361	2.99345754123158
"PLA2G2D"	1.4577554601391	1.21062280216576	1.70325457158891	0.00468793932454473	0.0298804562726724	0.117774530418604	0.449442668604063	0.740815031386493	0	0.191281347722691	1.0775025825935	0.444939472351213	1.07550298661631	1.60762905966793	3.90667504088789	1.1583993941153	0.291456340027968	1.56268954980651	0.844140322837076	0.407688439936916	0.347427224210627	2.07713905731733	0.662205141364698	0.0279351606284805	0.226566565651641	1.22180759148894	5.02085736544292
"BTLA"	2.05171896251713	1.78895385700064	1.48917362821536	0.165160583546534	0.16064367505538	0.529947404569136	0.724753584702623	1.55360166160798	0.275086707460391	0.332147202434956	2.11839861619762	0.559538553330742	1.60217614506577	1.24751706414366	3.93143170060229	2.28200637091278	1.20005134986003	1.54698728766734	1.4753440058015	0.845063657585313	1.29357277297255	2.53952336144693	0	0.910991491605507	1.13267542602307	0.795759228224516	5.23618144532613
"PVRIG"	0.393311052726266	0.586096197703212	0.49260760192905	0.108347088213657	0.514835138048468	0.712047453742136	0.814555042166361	0.637154394964858	0.504118391319927	0.626712402837086	0.631306841166152	0.352116494993546	0.961551617594707	1.24990498691185	1.50559573104412	0.713659265990006	1.14111347090464	1.16470985755078	0.757785986851522	0.796133063309375	0.549780214341165	1.19232252701724	0.459668216207536	0.417197119496215	0.358483475383769	0.583980007761036	1.91727940242384
"GZMK"	1.3564541755738	0.941683114783404	0.461812026176357	0.0183485306219471	0.0822681931106583	0.249932569424061	0.399583144659905	0.978716954447082	0.0382762036568386	0.186616564002783	1.55449716525185	0.502748764133542	0.971192252753355	0.67676565854148	3.17045498130431	1.19850234887743	0.719211117364411	1.94041912285517	1.06058069994599	0.436841938443922	0.182468371710819	1.57337768278855	0.288740815403684	0.274363501875793	0.38440722510229	1.16682281962324	2.72258610518422
"SPIB"	0.444462158376803	0.36336910388483	0.249265959215015	0.00717438162617672	0	0.0272737226200321	0.601984056197651	0.578981963323912	0.00974027620532799	0.0106083257992588	0.849131501610003	0.0606018294468446	0.43611722576741	0.669325895141688	1.96919228997266	0.828143738739062	0.114831845468174	0.475440308140109	0.394599916765719	0.161003703964678	0.340729161644729	0.292750789642983	0.200196110584062	0.10873542609721	0.231053298374521	0.110932263512011	5.14244012890473
"TTC24"	0.0816713573673223	0.223384783510069	0.245017197524784	0	0.0210445755934669	0.0504742659310765	0	0.646277326638885	0.0989672842247257	4.75211444142882	0.871974475744974	0.244543381519542	0.149695571899188	0.31560287719136	2.160262207892	0.681297316368994	0.565538211258339	0.538961475171664	0.339303306989492	0.182914303826848	0.0711610891656846	0.902973447826797	0	0.326255355409647	0.336688413766036	0.457181443015772	2.63432050142226
"ZNF831"	0.125881546703753	0.0466843462040138	0.0695540728742038	0.00122567462707217	0.0109132907327727	0.0116212568767667	0.022349318812994	0.071876109795233	0.0120961457314818	0.00972752096163772	0.0930634098336025	0.0256011780759306	0.0574061565805323	0.0342919874831515	0.496762298921636	0.189610584221544	0.0905333410367239	0.141437654032911	0.0932842815639257	0.0355978660344417	0.0875671803386765	0.142773814070208	0.0135952695923991	0.654819750440065	0.0486821099282588	0.0495892079596224	0.591691783359589
"RTP5"	0.000785835096687684	0	0.00184609721134204	0	0	0.002174100619958	0	0.00745314631307583	0	0	0.00448408702163531	0.00273914146572104	0.0059632175761333	0.00252251706373364	0.0952991896649453	0.00699264245530827	0.0149425251265381	0.021104411599966	0.00491392735693003	0.00137718655011256	0.00257619865116098	0.0191117875980289	0	0	0.0136526552285941	0.00633899479743498	0.0741432036124083
"GPR174"	0.0720263433767633	0.0879831611525446	0.0769975738828386	0	0.00184462688832573	0.00655666105206259	0.0322133229946354	0.0367080138907355	0.00277550039681332	0.0223125003360353	0.133352570829679	0.0403004200403525	0.0405337480088948	0.0131894906452983	0.34136736619937	0.150090587123453	0.0340682106907609	0.0171649273925782	0.0747844169630174	0.0343347822378842	0.02449712752092	0.260013423120527	0	0.0120537537569188	0.0301553274443965	0.0146371352135039	0.449622433837449
"NCR3"	0	0.00196121986641267	0.00149912628548789	0	0	0	0.00297606746107463	0.00564608254248764	0	0.0029014137476621	0.00108506955849891	0.00178407636919488	0.00185525134312178	0.00796645450919006	0.0235768373640461	0.00106277107479221	0	0.0061666596116746	0	0	0	0.00188291718451022	0	0	0	0.00831892278954807	0.0381539619907075
"PTPRCAP"	1.3370996398767	1.15326885542151	0.796973654211754	0.0896972755680705	0.147527309908724	0.635023799249698	0.932713219097926	2.13832483777678	0.145788746348606	0.278316797677731	1.39829241789579	0.863882637255989	2.34211033404992	2.32454089326077	4.59548616604015	1.85049910830054	1.87103805104137	3.79766807507739	1.56857561768239	0.692110968314123	1.85504658273336	1.90503151451321	1.59898682335266	1.39607939678039	1.04470595199246	1.91596633891224	5.69927155173628
"EOMES"	0.519340217869812	0.291052713439638	0.228900864199046	0.779533387082532	0.127729337186959	0.973338222249906	0.244640766894841	0.308126306956202	0.0370837630942756	0.0179523386296683	0.350461364465642	0.0801160945420788	0.248496149207676	0.12511721380066	1.21252319253039	0.269922331404064	0.113908866970277	0.308457580774027	0.221983255972919	0.0936376038320653	0.0255944869850249	0.349529598002696	0.172272754040737	0.0390354235124716	0.212135060889963	0.367304820285544	0.708852072575377
"SIRPG"	0.233193182649727	0.229740009188041	0.139283685059073	0.116964701156395	0.267302714193739	0.0422923861617139	0.0939359044685475	0.172665970466451	0.00447900465423613	0.0645123433985969	0.465627997719113	0.172105547877193	0.335774131378075	0.395737358518155	1.54637167134967	0.362368031492613	0.263337540673238	0.959839928416384	0.308269325765443	0.102953103235135	0.237903840809117	0.441738548024721	0.103674203738385	0.0675965181810598	0.142204834684201	0.318467745532533	0.99174274530343
"TRAT1"	0.0974107090625446	0.159339999170635	0.0532155832106889	0.000843087332228055	0.0146203353618553	0.00622370968800156	0.0317444096455012	0.0479297345340871	0.00190070385205535	0.00765085573658083	0.121552881187484	0.0252245848429599	0.0780263074509284	0.0290846719036923	0.476118266030467	0.155531167128765	0.0676730587334346	0.0620435121973802	0.0844935238001263	0.0321969728164478	0.0458734347395466	0.220870671629817	0	0.00239735922052672	0.0289320249450265	0.0203202162329694	0.189926809221835
"IL21"	0	0.0118505595479105	0.0089276159580861	0	0	0	0	0	0	0	0	0.023766944748316	0.0168212560858568	0	0.0805441580358889	0	0	0	0.0050344041515824	0	0.0222280759503019	0.0482208500429279	0	0	0	0	0.125326296330976
"PDCD1"	0.134662878683833	0.334356310665912	0.26608935783096	0.00449902371878687	0.0585517668332399	0.11310707238126	0.170448467100048	0.335584419291059	0.00524217894926376	0.0238780020002799	0.747549857218979	0.206876132428726	0.55474289578694	0.635148137198014	2.22429915877472	0.44449975661621	0.936018397465	1.3997785002202	0.563937028699319	0.289247409255835	0.18996619540255	0.833037182012841	0.216336768578863	0.126222547034624	0.334131425662807	0.455746300790468	1.65677272587581
"UBASH3A"	0.050374541016616	0.027241106272871	0.022245837079655	0.000770262021710985	0.00314564531003803	0.00867462907961488	0.0208215971940716	0.0597302470782604	0.001342951897009	0.00690508535379417	0.0885058867969025	0.0237681804379046	0.0399374315806013	0.035609607513332	0.398452852597231	0.0979072512316588	0.051910597307962	0.0949376353369236	0.0551197476166357	0.0220355531050037	0.0850999661191146	0.0728656137541919	0.00989161716156929	0.0222176335809386	0.0364113335047386	0.0325861152125143	0.250644454210247
"LILRA4"	0.0669540224444314	0.139624227671785	0.0650576849369354	0.0100553301486877	0.00193817663312727	0.0115247031594715	0.0269165463568858	0.0678612420237492	0.0157211700786779	0.0216750466843994	0.150214692901615	0.0351185580239585	0.0916472472311809	0.0810165922097371	0.136161997461684	0.158158541064121	0.187613422543842	0.0514778393441891	0.0910236708958424	0.0394822444093733	0.051912420116904	0.0640487622849742	0.0390554002625024	0	0.0518472616351059	0.0336058691475282	1.61344485758824
"KLRK1"	1.69340168928579	1.46900097186758	1.12001913209618	0.0549486278161884	0.298398933082408	1.38713773469615	1.3450985807597	2.22103186011637	0.054215539277477	0.332407940153922	2.2209524578518	0.941079966733416	1.60192337246849	1.1069927822718	4.90802317766674	2.0293210376145	2.04790999722663	2.1976910874258	1.88520317536535	0.880875287903443	0.471024830118797	2.17811950026553	0.399217470339542	2.89127386540028	1.55878115682135	1.57462791731888	2.6403486453602
"SLAMF6"	0.74742965380091	0.433671699577194	0.518472546771587	0.0339642323873911	0.16626083884354	0.0963367029967459	0.253430572553735	0.38241737198618	0.0330762370029081	0.0836509469582146	0.701977255053031	0.298328934436613	0.439659485313082	0.284366804316696	2.01525629045392	1.15282899480943	0.582828322738663	0.84057883426239	0.612885914050769	0.223197773867701	0.275402861476354	0.924808190092731	0.294683885718849	0.147228176235998	0.340304487650624	0.593479720788173	3.0570644453395
"P2RY10"	0.34200608020821	0.16610693760732	0.193486169755535	0.0141234538367386	0.0583884707680758	0.0295541221156739	0.0491134143121678	0.152817043690045	0.0132779786960154	0.0307231581482073	0.610898186777495	0.0878019210595714	0.161527157720751	0.090795782724334	0.887388254372278	0.663218116795634	0.143012439754428	0.127911215256272	0.324104032940618	0.104441815390438	0.177497862062323	0.528091314198392	0.0692067066379641	0.0125876837144569	0.0691508903893424	0.0976416559991874	1.94399728124288
"TIGIT"	3.4721599281739	2.81038429217877	2.93224410190855	0.15364636111017	0.336269206427031	1.40614713095783	2.02944778022655	2.96633661030677	0.162840008295114	0.43812869601971	4.26942924600293	1.94831775512528	3.07289530126537	2.16230472102482	6.30665206438106	4.23518470769904	3.83937028372977	4.2011458274171	3.76004641166548	2.58944092324939	2.39651268393993	4.5195908038553	2.34265803649532	1.80973933368651	2.74283072560127	2.86605459531085	6.01461310283955
"CD8A"	0.442208011087679	0.590493743196431	0.478403666543516	0.0234262170741375	0.0456314291198083	0.226741049510038	0.289628174714074	0.633127044964276	0.0601803092540017	0.0313964615207074	1.17479214355538	0.251748218912556	0.634486061242855	0.501606671153519	2.71993079843734	0.899191456390462	0.963023641099333	1.29510130751386	0.892597213165723	0.348825312487735	0.0612327245519098	1.02178175615331	0.236961581562009	0.16753854961384	0.582336949236469	0.615400960573942	1.23362140166407
"SH2D1A"	0.17967197011478	0.159583604206614	0.0868268681915305	0.00222719372774335	0.0116075675479009	0.023292870690367	0.0326544086891521	0.0899692955779214	0.00348771981281644	0.00877930899744271	0.216999398792192	0.0580615439774599	0.113706458655752	0.0454635936118045	0.927711111480787	0.275924816370773	0.0809846155583858	0.160611721433556	0.132988954638343	0.0635021386886835	0.0707061117672952	0.341949870320836	0.0401163635959726	0.0399136913696273	0.0676968835990037	0.0738036532897796	0.893512329100056
"XCR1"	0.148764255521608	0.0747717324305792	0.0297984002265116	0.00349264284213555	0.00353594791171288	0	0.0116736261532316	0.0177236501116854	0	0.00513109120106388	0.122064123889635	0.00913229759327596	0.0121747996030041	0	0.0609635443600972	0.229671692878774	0	0.00730432600366288	0.0604328697011082	0.0645718008594797	0.0347149832202292	0.120760271267332	0	0.0424418243981941	0	0	0.0915296561972334
"DCANP1"	0	0	0	0	0	0	0	0	0	0	0	0	0	0	0	0	0	0	0	0	0	0	0	0	0	0	0
"SLAMF1"	0.333036859136028	3.67228851196328	0.122236698399437	0.0165390816451639	0.0328909720316478	0.0610216425035269	3.5569453632915	0.291630563955956	0.00564028941086343	0.0370913937817423	0.261732356744117	0.0961901102760774	0.179501209311741	0.124800389032001	1.20734824284496	0.760276767131534	0.255912651216323	0.171023984830545	0.219179181571877	0.257005922697794	0.55827621255654	3.61715716399333	0.0548219874836803	0.0698238221774117	0.0772436062223656	0.10023346980907	1.88572404032508
"STAT4"	0.106268468488835	0.103558770852735	0.0795599369805404	0.00660658310677091	0.0383523675464776	0.0215118826319232	0.0648553464910537	0.119820378113934	0.0706214809421131	0.0260838589523426	0.203885983448619	0.0368282463301697	0.078088092805852	0.0166473897154492	0.438884119360303	0.199163513267059	0.0986057658884318	0.0653191802880889	0.0805660836225394	0.0503160338020124	0.0783558815914112	0.141625996736678	0.0161999422958641	0.103912598108804	0.0503380807051278	0.0414769873186548	0.30215063410229
"GCSAM"	0.0464874200055646	0.0413437645485275	0.0559728914381915	0.00963735543373353	0.0150488738379998	0.0458591068789388	0.0193534771737576	0.0329773783379573	0.0134300748969394	0.00892709899297969	0.0614898193244998	0.0333827294058631	0.0295559118282891	0.0198390289218496	0.141567287036064	0.0875581683873948	0.0277939648152264	0.0428737660947332	0.050986625829627	0.0582803833413544	0.150774802008572	0.0861319367414915	0.0250328988974212	0.00759641894243524	0.0313893641253476	0.0162699628772424	0.864220060125498
"THEMIS"	1.7322618829515	1.53696524854848	1.11292771607345	0.126505018206063	0.298008861742732	0.243073650656746	0.458396553001011	1.40736320918122	0.0764885638225303	0.362110216193577	2.60859372553283	0.82793580736371	1.4146762362369	0.720512999835212	3.47570308948211	2.49878588108868	1.34039592872156	0.986310133804531	1.75681662170848	1.03273824961821	0.865142978409128	2.53876555156475	0.0878225948510339	0.321820716819461	0.881831347301697	0.399276655639564	3.01438813881229
"CD3G"	0.254951918898431	0.308219351580737	0.218523812593035	0.00429283159354904	0.0428402013080733	0.0076331350746361	0.0720964325002154	0.241067131745684	0.00993780639305272	0.0234988211111998	0.513907172122178	0.0579486738568524	0.112902029068895	0.046355761041172	0.912667544163816	0.629618478890901	0.190916253297331	0.187988500509767	0.358215471328049	0.169221067047562	0.132303721411547	0.52682800860691	0.166961517716928	0.0660416824307336	0.172606429081072	0.232267917286319	1.12042364723288
"KCNJ10"	0.0501108730784493	0.176648003119164	0.186233779277995	0	0.00739543353006776	0.0186895253385708	0.269270593720377	0.0618433284866368	0.11004660230514	0.0456243074855561	0.711952593056713	0.0467399490151435	0.177843919518695	0.610291024114063	0.390436948142269	1.6989646505002	0.0475834076817389	0.107774997218399	0.205455029967154	0.197255960711269	0.00672906338606087	0.117216011435161	0.0684377741488746	0.00602882357938018	0.250535919470655	0.0482072806417381	0.278047671538612
"IL9R"	0	0	0	0	0	0	0	0	0	0	0	0	0	0	0	0	0	0	0	0	0	0	0	0	0	0	0
"CD3E"	1.67987917522154	1.49163859232408	1.19796218698518	0.108826775407011	0.280667069851884	0.363929468611089	0.763395795067706	1.51925460157071	0.0459660301472335	0.190429012161146	1.97834115386006	0.694263335148399	1.1951798518103	2.1090331286421	3.45640604088129	2.11349075035461	1.36498893696159	2.75047563135866	1.58869756443561	0.766329544324482	1.55536697982675	1.78587986169486	1.37349008985064	0.953057997717531	0.997657739287779	1.83105551523497	3.71048247430597
"SLA2"	0.104950362154716	0.0919387755833505	0.0819563347649266	0.00560419634367868	0.0177156211633875	0.0143595633165173	0.0539329560303622	0.121893761749666	0.00634047775869104	0.0196260207090287	0.155249521233715	0.0581795309467439	0.0768027497961773	0.0770335258817207	0.544381807732418	0.198099624586177	0.174194034485951	0.176477219303834	0.177165016792895	0.0934126731210732	0.0764199642586048	0.1657841249794	0.117989129080788	0.0530067056860772	0.0831596720888163	0.066551418239442	0.506265381179463
"PYHIN1"	0.106192875493435	0.0576302482470641	0.0591817152627918	0.0144096697659396	0.0265925446089264	0.0130116375844761	0.0340362555938562	0.0533936405340779	0.00719788500813077	0.0148551182814295	0.0822762593766827	0.0348764630782631	0.0675430418570508	0.0393795352315478	0.499763882990249	0.136623209517089	0.0764527937482452	0.0999004742719934	0.125376064145475	0.0545282167972642	0.0396721713903832	0.119794838396247	0.0109935496222979	0.0124127601938256	0.0685294443536664	0.0625255585793356	0.35209595051179
"LY9"	0.345827469953308	0.270624741769781	0.255986972331024	0.0510128670951674	0.0280298083040474	0.0530356478665773	0.120267219371302	0.312618682083283	0.0344979231248726	0.0312754031367597	0.184624837085149	0.0866506791989494	0.35096698659114	0.426678480350332	1.5511219489109	0.617284269157345	0.340083995106278	0.539386761578084	0.288407162620415	0.15903185503967	0.254018976211367	0.561642220804587	0.248470042473098	0.105727726229108	0.187002736996316	0.300418209608532	2.45493931258218
"PLEK"	0.785910477795023	0.946779725777626	0.721844480116675	0.109053141616258	0.500319081678529	0.25324660035119	0.780039253772159	0.632372261040173	0.274804228033848	0.375663532607719	1.04044103671223	0.827073795777393	0.651137902826055	0.295161721293481	1.7512579635728	1.55083158443282	0.949777822461776	0.849172092859011	0.941282971330602	0.668161183790749	0.334277528546835	1.13460551427627	0.310254622108116	0.1867477530511	0.389550527631103	0.228856728322206	2.29659158025023
"CLEC9A"	0.0673582312412046	0.0896229010891574	0.0106047492519299	0.00144429555170355	0.00146716849637312	0.0036396919629014	0.0027598538374555	0.0769505638546173	0.00111741686500749	0.00535403468877954	0.0674348916944526	0.00544254887956313	0.0329737862325022	0.00908303179950365	0.0671059682932773	0.10489999474798	0.00685336272036105	0.119384548984362	0.0543117063460601	0.0132523473442993	0.0103688127725877	0.101895750069097	0.0126540656157784	0	0.00919933156148631	0.00666085109184444	0.164335199837907
"CXCR3"	0.495361535306623	0.282408044124052	0.193373075033665	0.0134773708717909	0.0196515973611565	0.069539151135446	0.174280967473855	0.43394498669131	0.0143729123627817	0.0310688986650305	0.567094217262963	0.167085531762214	0.295038229091896	1.00906413145816	1.91205570761961	0.670583144704425	0.26202981372662	0.752887200166674	0.600290561586222	0.242729095037924	0.134434874912128	0.352118467610768	0.395546136256571	0.162883536661552	0.265064721393069	0.317955011817244	1.64186885747
"KLRB1"	0.855283311116331	0.76746186340544	0.647461089254285	0.0175248151912544	0.161622700522189	0.0860964460956116	0.328762836085007	0.698377754782414	0.0312719218845544	0.163310926896967	0.702925858867497	0.224364550875328	0.381017801952464	0.667905816023199	1.55391337857657	1.05089060222539	0.24968270790076	0.741922299271462	0.409857102128404	0.202893609495998	1.18682413678032	0.941451316346399	0.259826245681641	0.559186708562148	0.0701416562861629	0.510125607097978	1.52579252520171
"CD2"	2.41269618459037	2.07167791293379	1.49928064672286	0.0933719611313511	0.334674046877718	0.848957918234372	1.01716034538785	1.94822860251391	0.141774025080123	0.38160757267847	2.72994199953533	1.08225411832958	1.86096553799342	1.48033585494627	4.50835336425677	2.52723535171944	2.27212189218583	2.96099616555276	2.36672081464659	1.38817136662774	2.32717047670272	2.63094199861239	1.32531425692281	1.06928233384301	1.37096432834119	2.10599179751649	4.06384704460608
"ZNF80"	0.0303704460455762	0.00722398949101208	0.00846134597055083	0.00106699902277543	0.000989322754208507	0.00548553718748525	0	0.028541013586356	0.0066025799167292	0	0.0346090614213497	0.0161012257909408	0.015690387156029	0.00651390953587351	0.089331168869647	0.0234237512715102	0.0157304492540422	0.00153780770164786	0.0181909688632531	0.00831497141912379	0.0140019684673072	0.0519582104762038	0.013935163031161	0.00388357042814901	0	0.014287280506286	0.178774129992507
"FUT7"	0.175581112657977	0.0986003012232754	0.122355563724937	0.00565524099226089	0.0931556150178929	0.031289856464583	0.040846723086082	0.290471391838306	0.032474096564302	0.0517106717986765	0.351948603953893	0.0365163414472864	0.089533493122498	0.206906194679363	0.404203360494472	0.220570395521017	0.225833742016835	0.193162833865622	0.172043303956045	0.0992504426132744	0.811426304742806	0.116859700330709	0.101293057663475	0.13197734480692	0.127372988663142	0.0413029214962622	2.1330398326139
"TIMD4"	2.65277562632453	4.17288077565272	0.0622226225192718	0	0.142181580890732	0.504414760336412	1.61038691299539	1.08118383513138	0.105144263293077	0.371717584059791	1.54335934738808	1.76193839923809	0.90901107294994	0.757340444960535	1.06608972830112	0.742445211796909	0.662595592105437	1.23049684107449	2.13487000046489	0.530139469485758	0.425423082396682	0.87046349177234	0.234645363719674	0	0	0	3.82329075918625
"CST7"	0.841233552213006	0.817766064794799	0.565524417091429	0.0705421073526576	4.1979962176178	2.59523911127191	0.605671402811587	1.02734150586111	0.457293111396416	1.86305801296062	1.53668183350953	0.518594995209253	2.05839541830869	1.37238893189603	3.37774988300562	1.28423682036763	1.3028655379932	2.48712115106718	1.04129972920179	0.517866536079614	0.837706076762402	1.29112424484569	0.905773803961141	2.54251172299825	0.780335446141967	1.38803629251257	2.19641389100765
"FCRL6"	0.0313195894483408	0.0338910661036873	0.0219051418576465	0.00187279963264754	0.00828190006956018	0.00395938327602601	0.00705537411191163	0.0358134690354392	0.00602541038819799	0.00324173822122614	0.0323373846125611	0.0341291771461739	0.0437874762122156	0.0204064369522865	0.311332802497658	0.0351902593941075	0.0112480785270252	0.0286407846339905	0.0343354409137028	0.0175833183085416	0.00342716945024083	0.0301746354458968	0.00537781407174539	0.012993030280824	0.0155043130544946	0.0264809055354035	0.0145664660592626
"WIPF1"	1.88110903923196	0.404463249729787	0.528756227978314	1.23356037733655	1.73919307673919	1.22132982456394	0.424004099604715	1.15277169972427	0.896132853556367	2.39224273307504	1.70351681642439	0.559469441130207	0.414303308608666	0.812399342831067	1.12559816466982	1.24273916712617	0.989704754988111	0.446265719700608	0.566639934885802	0.429175548626102	0.230204736236997	0.614935382410366	0.463137609694389	1.18135437268085	0.479903250023992	0.134813488002869	1.82557458643113
"TMEM155"	0	0	0	0	0	0	0	0	0	0	0	0	0	0	0	0	0	0	0	0	0	0	0	0	0	0	0
"TMEM244"	0	0	0.50843940996442	0	0.449009790274576	0.265634937686188	0	0	0	0	0.596124366693491	0.686847271752162	0	0	0.578858627619814	0.931795919517726	0.524781117113058	0	0	0.235260721103461	0	0	0	1.2552755643897	0	0	0.728323957305624
"GTSF1L"	0.0231965248695418	0	0	0.00964287294512439	0	0.0170597060762973	0.0491360426789369	0	0	0	0.0457548067746962	0.309096377424026	0.0631730257200318	0	0.213062571946617	0.0100608271391475	0.0121063216179256	0.121858847531292	0.031525514918362	0	0.0868983530435794	0.0399292107229588	0	0	0	0.0481466558257184	0.378803161573732
"DOCK10"	1.18445075963163	0.970955727771216	1.21468884710309	0.414959866112125	0.766487972310535	1.29834281245653	1.21142580893037	0.804520059490866	1.40381545051951	0.990807069536365	1.03070951328986	0.831655443484968	0.495176418698541	0.302071666993962	1.27941618743899	1.03950077133088	0.902500475742667	0.311548580906762	1.27416460033196	1.41386450157152	0.268931972285322	0.647559821933587	0.14759740054231	0.322081187256405	1.1510589550002	0.648560133236411	1.34079663087715
"SIGLEC8"	0.0231821943601664	0.216181084308075	0.103917963584976	0.0119193384970305	0.0982691006786803	0.00691680757377297	0.0030906221652445	0.00731415673446405	0.00171524721233323	0.0114026623028061	0.00837629736936413	0.0375702358052965	0.0878247994694941	0.0643549761975306	0.144408562819116	0.0663227448107832	0.400638719176656	0.0495353327760985	0.0765024652496136	0.0313618464772424	0.00574867991737636	0.0422548698451441	0.0138661865146915	0.00583527350644982	0.016751976850294	0.0426750872459082	0.143257128218221
"IL10RA"	1.64935642056169	1.72373729505573	1.30776390473636	0.278440253024962	1.24480643232926	0.520931469419988	1.37176973632011	1.65977277094853	0.481353366103307	0.825423604840773	2.61205369939336	1.53442016823817	2.11245428477596	1.320945274732	3.20455047163372	2.95330384435925	2.16751322195741	1.91115589291241	2.16631194625103	1.62108507964129	1.11396997567686	2.37884529822539	1.056552493437	1.33433317000658	1.11460902532595	1.26210414807988	3.07934715540488
"IKZF1"	0.300446054812467	0.205128121465672	0.2257392623897	0.0245679324869806	0.176539935050955	0.438604239496738	0.11291238115314	0.170427838025232	0.0481064728394402	0.063223738370083	0.378888853684145	0.144315468752552	0.167851400884996	0.145891724399208	0.812090913744166	0.493834636352183	0.289158674489683	0.236978632953131	0.410092186735685	0.24839138500536	0.196768118835974	0.324902695969595	0.0921355361617661	0.0627210621503888	0.114226203222189	0.113143258618706	1.68876325139309
"CCR5"	0.99932757057339	0.836119146444254	0.598422171701202	0.0930041184302563	0.147236768398548	0.349226538546413	0.508505927031932	0.688725877138123	0.201406077300011	0.23680029162383	1.89205204885101	0.61760613323477	0.707692211112298	0.464896356400215	2.16395540666522	1.41596319187366	1.06007174097358	0.571703137861764	1.20544521379068	0.828147829738577	0.340051679310979	1.10995444919288	0.368457168349396	0.286994889810601	0.450191371825312	0.464443216998728	1.31664481560286
"SLAMF7"	1.98916078853305	0.925037931011545	0.505646285766746	3.35118460597157	2.79795521917583	0.339679181913274	0.751854940780552	0.748487116191049	0.0663896168725976	0.0626944686962287	0.663834893601121	0.694325491881543	2.12996370739595	0.313159838289767	2.80945308748779	1.94012602003283	1.06210534601382	0.81365599354149	1.01547178809666	0.81096451657292	0.537284860032318	1.07051775115536	0.797061098911184	0.094209362803036	0.46185633806356	0.640006755917133	1.27517617344233
"WAS"	0.880502538069439	0.922246366414025	0.843530217504272	0.100139879889431	0.801504986400619	0.50551479595577	0.850713959150449	0.950845756842444	0.488321799145949	0.36330150409126	1.75661261334871	0.777915429119592	1.10087927336647	1.59087437837925	2.23012594074955	1.93459156767107	1.58822779562779	2.14190943564174	1.58398682045327	1.10729528976738	0.76862799046632	1.05239055568241	1.1526301445556	0.790426179472002	0.721193258039927	0.964128414000568	3.47146968012255
"LAIR1"	0.709645637065859	0.592228211354792	0.492223056503614	0.169121959333514	0.7242386800726	0.28253135761168	0.571176818187908	0.645730102639718	0.286740440535445	0.50902143602993	1.25282485597866	0.829653856618196	0.655720573653455	0.716314044758333	1.25023095176768	1.16811618923343	1.18143472891114	0.775488525760591	1.0380474422198	0.736516778605449	0.241124855748899	1.02001509058565	0.830014650766918	0.611215936594596	0.383247564007406	0.541831656328171	1.32413620798254
"CMKLR1"	0.304111723224865	0.112584077454964	0.141185032569813	0.0297706560884805	0.114802641425064	0.0398546718689404	0.156448542986799	0.170066431261545	0.0118489027682559	0.0938193470285681	0.284538183022403	0.197896320598789	0.135354379988025	0.0811738124856332	0.308609251779999	0.388562191353327	0.258161587106117	0.153542281559145	0.230527595702775	0.123290967777532	0.0256341008994659	0.255749507718123	0.14695918506478	0.211843889113867	0.0684375371628914	0.0906528825791468	0.222597319181605
"C1QC"	9.11496357073527	9.64356479930314	9.39611451986324	6.70485634651759	9.75754523656795	7.98821014384942	9.16262611060436	9.24376355648861	6.86709039615487	8.37111858384287	10.5865525733027	10.2267907081192	10.5620465137185	10.4927827137443	11.5553688243846	11.1215511332885	11.1933273459124	11.8342952779785	10.6641450242421	9.69368555986679	6.4321158412956	10.6439555043924	8.8606487983672	8.6653360788104	9.6448755864481	9.10299168917807	9.43306347098215
"FCGR3A"	2.74404683405718	3.96875220056714	3.08291492427585	1.23756231364437	3.78551863324357	2.32784758228215	3.08050876372033	2.56274660384495	2.06677496537497	2.49114629610096	4.8698243066253	3.31536256997523	3.80442151840535	1.71706794308872	4.79250340870697	3.90365739615204	4.26651353878063	3.19742006097249	4.29628373593445	3.94892755401063	0.867171998138229	4.70116334764566	1.74455605746287	1.65131996644238	3.08886944038238	1.32522870420048	1.02166425086293
"SRGN"	2.37689691995207	3.493908333777	2.5963275917207	2.65575241316694	3.32410881831268	1.83229701575868	3.02738411318326	2.47254274129219	1.80081870367253	2.32232640434745	4.50338429347492	3.81483075792941	2.73996022996708	1.72792575207033	3.93214890093251	3.81760486952315	3.21555669140666	2.27092827918092	3.45357697621016	3.31849718577775	1.47695290760607	3.29295072750112	1.26969711460279	1.29291195295717	1.99412512502074	1.29775582396133	3.94635781731144
"HAVCR2"	1.59823165709374	1.88351199748444	1.20805266078932	0.551759438664878	1.71403354238989	1.21580048896405	1.96864318137148	1.08522668378635	1.01391106140185	1.04980862203348	2.84331767013285	1.70303524855875	1.49773258048213	1.11245728965353	2.58263630227148	2.45899007750391	2.8931443234972	1.72626224223766	2.2209844885827	1.75224345259719	0.602859642235518	1.92954329646246	1.48195236223295	0.683398146285846	1.09704614133261	1.03912468126553	1.91551485079086
"FCGR1A"	0.541793553998381	1.10550465146825	0.422758722795291	0.112531373770676	1.06240953466392	0.472856419427196	0.685598130906558	0.67424634902121	0.343198721836033	0.760191378399659	1.72628252174487	0.896585018356982	1.22442817738757	0.664586760890741	2.08494001294641	1.04673863225208	1.66275484262986	1.53323349688865	1.63047306518854	1.16349423090284	0.124618073105729	1.56011461829318	0.396971384979876	0.706965313282088	0.526557814588246	0.41602330269032	0.443271479491103
"FCER1G"	2.0718212389353	1.68054071505501	1.65163697170975	2.4279429554847	1.68901014398452	1.34956018759606	1.86281544958651	1.18284294659397	1.15630680593701	2.79583960756708	2.64946064494921	1.8625932622425	1.76241684929016	2.9692051453565	3.19369649301474	2.49334401575108	2.77733493030805	2.73186002850893	2.58599937709989	2.06682032578256	0.562640897322777	2.29357060928906	2.01591521575222	1.87178994223569	1.38196673709107	1.23268062502478	2.67087535649106
"TNFSF18"	0.126846429380264	0.0286801410271969	0.0216128268673012	0.00573001287005995	0.036385020042112	0	0.0314766703923792	0.0175139182257587	0	0.00639550777598724	0.0480692601010584	0.0500169030061994	0.0256560864563695	0	0.0283361195929031	0.0531377018850182	0.00451180637510562	0.0423879308018171	0.0143390163712849	0.0109719461324562	0.00839932717132695	0.07502667131254	0	0.020527060795646	0	0	0.0195671087613985
"HTRA4"	0.0487087767876932	0.0436343897309841	0.0326072243504973	0.00109476850720657	0.00493364608696574	0.0102880010083154	0.0248053938090027	0.0120646903586997	0.00180879751354239	0.00612298756810546	0.0401808809585518	0.0583696721582753	0.0302490822980382	0.065462154078357	0.104211914681443	0.067919415794043	0.296772507134468	0.0260005262234512	0.0171588830676285	0.0148098746764067	0.00805711070038486	0.0120126739355793	0.0316225517344258	0.00239330626363683	0.00968100352293328	0.0192433842626104	0.0187932730989878
"C1QA"	9.34113501971647	9.48234976047748	9.33943332490774	6.48679446127188	9.24019939458858	8.15980890706538	8.91180905702898	9.40211551863695	5.95615494295622	8.22113956067708	10.2399316126552	9.93944207295261	10.6330501226343	10.9814644038937	12.0752227330753	10.7894327148859	10.924318165812	12.1207546015206	10.0843668436535	8.99486594331669	6.43194637857411	10.6411096938177	9.16832369135179	9.33957752778878	9.51026024327718	9.70975278760622	9.78079655264414
"IL2RA"	0.34458958188851	0.166712027220507	0.242813402906364	0.0237815195804833	0.162442780831264	0.0436049792554785	0.13873595359651	0.154337128318075	0.0410376748315967	0.0809524249075989	0.461433990318011	0.629233744675817	0.364230556756988	0.0515218845359503	0.274778838559955	0.431717972715109	0.199542983752645	0.244339114152986	0.491835672977591	0.262169888216434	0.291655055024749	0.573246667926644	0.143726282350016	0.245082133650294	0.0495540417544432	0.08635192114479	0.829078142813865
"LCP2"	0.787151782758612	0.904953270033332	0.842243290223906	1.20323927959201	2.1677716100387	0.257375982248848	0.586262512271016	1.32065053844704	0.478132172282958	1.00274474742535	1.35665358858562	0.721640729448956	1.09820648213104	0.507331063830255	1.74029438888996	1.69333776007502	2.19196736904616	0.931185593266841	1.44184598258438	1.31172259564608	0.444347100179144	1.19490672767718	0.649210086653689	0.230570206810789	0.432959181924856	0.283380192861698	1.31970567378668
"LILRB1"	0.585642162843464	1.07857465158775	0.675046208041852	0.10691939924282	0.782781062443031	0.218755356827249	0.640969848763133	0.720151749796202	0.373672646207131	0.668144272798207	1.83211914042085	1.12466790974573	0.89384724365944	0.510594791407912	1.62674508443468	1.96510950254259	1.11523023663153	0.866594020775729	1.70552154576064	1.23162491916245	0.348888988082788	1.5386893918801	0.963651414890868	0.471386435011654	0.623464149217126	0.790850719272192	2.48979589518213
"CD86"	0.928391082602468	1.27653059502534	0.958608293023298	0.211927026801239	1.01322165865631	0.544079654537835	0.852142801615259	0.68132729955394	0.603795344009347	0.578076362255569	2.06188245794382	0.957984500205573	0.993927299469026	0.474252834198509	2.03164703599302	1.9914568193318	1.67388488943667	1.1975765101152	1.54658475270311	1.37334377543251	0.498662359251438	1.62289337948451	0.587351229316242	0.616955277109261	0.610645176287906	0.47730735999813	1.8882958247251
"DBH"	0.00394778465482764	0.286591471532135	0.0313886341594539	0.00296727054024696	0.00136556033886746	0	0.00610151932084946	0.0106855212859156	0.0364375742455566	0.00615026805557397	0.0403174434722647	0.00823634702366494	0.0246250584175885	0.0130997180642985	0.0953586459129717	0.0221136229762458	0.0377404475923926	0.00658030889217637	0.01616744347789	0.00914107303756827	0.0300486249687698	0.0430820164307438	0.00522395961690453	0	0.0188132712251446	0	0.0396528464811462
"MFRP"	0	0	0	0	0	0	0	0	0	0	0	0	0	0	0	0	0	0	0	0	0	0	0	0	0	0	0
"DNTT"	0	0	0	0	0	0	0	0	0	0	0	0	0.00392144220078986	0	0.00273544949156396	0.0015247161392599	0	0	0	0	0	0.00185700420729764	0	0	0.00560352629646018	0	0.0118058628893771
"C19orf47"	4.66882246723904	4.26677006863145	4.52669694305347	5.09468925374654	4.06678755387271	5.25814235917881	5.38053800610188	4.75928017905944	4.36085555632771	4.63616044576418	4.63153075924157	5.20157624730087	4.97651554725926	6.75825386472587	5.15765429186692	4.69879399762507	5.38482695877375	6.49090237904392	5.37736558914206	5.04822000767298	6.092643017834	4.56686219138377	5.49151273950992	5.72330829048794	5.30926998984827	5.48190768755642	5.17186184580023
"CPA5"	0.00215109854612159	0	0.0143732336161926	0	0	0.0126489101562563	0	0.0107038750686728	0.0039508413889728	0.0498850475060557	0	0.00373434359691931	0.00375400421104934	0.0122552581594008	0.212686983107129	0.0126503230094549	0.00600701920496031	0.0276171388906693	0.0108911154121866	0	0.0210891716239377	0.0211662745980488	0	0.027295987389797	0.0288258859896042	0	0.272936127747403
"GPHA2"	0.014693847828189	0	0.0179350940365195	0	0	0	0.108791690232317	0.0493591309053165	0.028228292209143	0	0.0170162676951677	0	0	0	0	0	0	0	0	0	0.0398897604228964	0	0	0	0	0	0
"CXCL11"	0.715463634687794	1.38801232632159	0.562139893539866	0.00696493866127543	0.0645394754064968	0.242896084802202	0.36230833409324	1.49438295432771	0.0554460785941263	0.0437096109944521	1.71347654701057	1.65417686236131	0.662555161389784	0.124716574365503	2.71844139665316	2.17553653470526	1.95537964683137	0.611490492795522	2.79564448124686	1.745014437214	0.106899033334589	1.11377688979662	0.46698147787112	0.383158166381798	0.769737687840208	0.19776054809284	0.942408000907737
"IFNG"	0.0451013786557611	0.173497202790912	0.0922813826107847	0	0.0479398614410428	0.0412437988317511	0.0169737322840398	0.0755866019200784	0	0	0.222662317873453	0.141773077769882	0.0663995538330867	0.108833680302756	0.799825248181332	0.137426302329149	0.205587208096938	0.0633730734329032	0.129866565530014	0.0544729561809085	0.00552640437007075	0.117447549420827	0.00562427317839975	0.0121476962907972	0.0628664153593078	0.0282007433681562	0.158260988885474
"GBP5"	0.488731759737912	1.01973120134487	0.746330374148322	0.0164584461276479	0.0778377196509423	0.298296067587575	0.233341159930079	0.711032671169098	0.0518020681229119	0.0808545686544598	1.49148236980895	0.786636714057922	0.812418761261976	0.241754175442268	3.08813788745037	1.23872300573542	1.39598628099752	0.928766988853772	1.93899367882316	1.03471891192978	0.37663048264895	1.51557470987965	0.374107695872683	0.204623497822733	0.647972923879511	0.431002722875715	1.32375824992507
"IDO1"	0.228061689394765	0.267011277260913	0.958773951129554	0.0049030503356154	0.0730162072324552	0.0664116613170197	0.237444366647539	0.143786686238081	0.022164569492794	0.015005433262703	0.462326939934391	0.272024809541039	0.23981357998933	0.0613962490113839	0.966988605459018	0.589625684642314	0.624909168895164	0.505985540319854	1.43218253716453	0.582221548436685	0.168242952872123	0.612023046265666	0.39612548657492	0.727745200910587	0.178394691936496	0.371943371384145	1.00670653020767
"CXCL9"	2.54502636866033	2.55795854401955	1.50276666368369	0.0567971946782985	0.0948572144678417	0.90763625219	0.79287518908067	1.94559345834703	0.0430002436314691	0.0805068986103902	2.45741943399722	0.953958850431828	1.63971894102853	0.845226271684702	4.89297971339112	3.71696109886471	1.79016444996316	1.93985213018669	3.40922687993315	2.80653456015055	0.188704473192635	2.92152016495075	0.413434774235763	0.466107566526178	1.7827475901269	0.822556492287519	3.31063712404013
"CXCL10"	3.45980647917804	5.37673360799742	3.95217123063614	0.208081918424418	0.689108402876522	2.90919771909017	3.15565654018267	5.1810748765115	0.898861028161824	1.02400609378221	5.5382680769859	5.28175509754779	4.21218174254281	1.76026967528114	7.08070079164607	6.33174731435972	5.7661502024402	3.83348381345664	6.05949701290615	5.21264330347498	1.16492311424191	5.24918844354429	2.97503333396388	1.32612417089559	4.13101091124838	2.21279749162622	4.47212552376546
"GZMB"	0.800572147344421	0.524866960465629	0.920173921584265	0.0271236172903831	0.230885060681996	1.2659329593193	0.716339730911534	1.58191922066403	0.243183769953276	0.258958375916605	2.26757755958148	1.2055323248864	1.12546819564712	0.567199852450753	3.29088055827144	1.33504429262172	1.68622504617122	1.89662322050581	1.78250936871641	0.915047904031234	0.410662562488072	0.816796287987682	1.25431080825318	0.636298228876917	0.929905975012962	0.741971032006332	4.15318088585736
"FASLG"	0.131596639768819	0.155744489714952	0.113603228235136	0.00116471062970956	0.00882048833453991	0.0241674892548849	0.0353237416151072	0.15387053465734	0.00920857908859623	0.0435615926450383	0.262799076085994	0.129570545598677	0.137958724389335	0.0514745812683092	1.02059879646268	0.248070397141548	0.204960530192095	0.167470686472355	0.183067198892258	0.0905994336403633	0.0386176830470435	0.277657053166415	0.0367974877020351	0.0287576835341048	0.0565682878345068	0.0284066267419142	0.137392054379093
"GZMH"	0.12915068270571	0.0767886071952137	0.107837843367737	0.0124552654279601	0.0329486418483835	0.100312130576387	0.0831906270149813	0.252666615819084	0.0104693650888394	0.0177121284147335	0.272614262073288	0.146474810298082	0.143447071323681	0.120764862248673	1.24098924686775	0.191185049963471	0.259058040864533	0.352663513246413	0.220984426243834	0.0780372622958896	0.0277789874810158	0.12477229431081	0.102706428404801	0.0608310476869558	0.142954847770878	0.160776538852094	0.516607356139155
"LAG3"	0.173534914529501	0.283420794699075	0.199658630307154	0.00572362088439011	0.0277451406120992	0.215429406260222	0.291998205154839	0.38868861757191	0.0571033590447167	0.0622793868980177	0.705058525395776	0.360987304405094	0.788716699436075	0.883277746080366	2.2488761607235	0.466538127204163	0.731520470287716	1.95625960483732	1.0335848902993	0.481995514397532	0.15635945600955	0.485678945860569	0.602527518697624	0.222773053065452	0.450136860614122	0.713115472945538	1.42979983710443
"NKG7"	5.38267375728353	5.67596869439984	5.55003877020033	1.45536491663057	3.07468393905335	4.80084258673876	5.15737205977764	6.53813274809722	1.68867420521557	2.84492053122891	7.18060215821093	5.59345756039227	6.46795002144468	7.01227738173158	9.6537904600749	6.30637927366559	6.61368906378123	8.75998313048622	6.5709179937578	5.06197297494643	3.21049701131341	6.17088783938155	6.00533667464694	4.89830544394221	5.71057081188677	7.06014657527171	8.3667092308946
"CD274"	0.108161535594147	0.237340979289247	0.170741836035679	0.0334694251559785	0.0334250333382322	0.0328685331875774	0.0720745108534974	0.072812206236519	0.00774792614444238	0.023799928508438	0.161245421866417	0.87667690125405	0.0440811256746708	0.0652397678695526	0.348724229823323	0.194584191489633	0.110668649161941	0.0595432289523656	0.183426151859696	0.145223193179955	0.411979516250524	0.125565782551139	0.0791522230759386	0.0139494218534083	0.11334150133356	0.082277773852288	0.373118503846677
"GZMA"	1.368538885356	1.23464243513903	0.986533278172682	0.059937457240769	0.193851951596198	0.541512542076438	0.65961180766979	1.55945048818621	0.088353246943815	0.542528259336754	1.95550911845686	1.03792519609605	1.16884300791493	0.870584492348354	3.9346690419609	2.01346914082121	1.38160437557324	2.37546734283377	1.81704867065268	0.910513567714613	0.382771888669247	2.00127463869921	0.414516975716125	1.37818123842119	0.777621128659258	1.16617438918946	1.90809834252417
"CCL5"	2.05299693241661	2.02071110988846	1.74181451212928	0.383937704222183	0.532119192149322	1.15176986380468	1.59991751751931	2.17463178630301	0.398131909143041	0.470566568571394	2.89774693030584	1.66049179034674	1.80994697723081	2.7930246923693	5.3445920111527	2.69796799837017	3.14640727436115	3.56948252187256	2.45517129115227	1.45932348326144	1.11597149536665	2.34357691636669	3.84940495883176	3.61283824396556	2.17917891417813	3.39277299964759	3.9467338465682
"CXCR6"	0.406745657003141	0.322134096365173	0.188636201131058	0.01536261700871	0.0194693229895417	0.200942581229269	0.131847258417348	0.255575994716029	0.0287748126169462	0.0677828854617857	0.54696213249738	0.227228692743967	0.303007102253517	0.132655095678636	1.76023844825179	0.396735660912004	0.517174327358921	0.627427479045209	0.383804718567857	0.214727574228127	0.367758575297695	0.651049918544517	0.134485506178179	0.215196827675602	0.242937154271953	0.3603414412207	0.582510822985051
"PRF1"	0.33792506656283	0.194387268213589	0.331537558177936	0.0326141414058108	0.15508076472912	0.165990625993145	0.221286012046861	0.351427732823331	0.0459079267603745	0.147476649690149	0.54890271265414	0.347651183824912	0.395123626352533	0.38272074380621	2.00562574613347	0.446139570453633	0.853955937410541	1.26882605158502	0.511149097263842	0.201914275823723	0.110486879243638	0.346990557468689	0.819086717424168	0.166305649145088	0.347938350250694	0.436835498857291	0.991191879237125
"FAM26F"	0	0	0	0	0	0	0	0	0	0	0	0	0	0	0	0	0	0	0	0	0	0	0	0	0	0	0
"GPR25"	0.015125940795823	0.0220553666794911	0.00289328849379484	0.00323435634951436	0	0	0	0	0	0.00912777306756084	0.00326921436391826	0	0.0239001346382031	0.00945368052999483	0.00953308127557069	0.0224874487233601	0.0135821710382943	0	0	0.011684390975409	0.0277221145733405	0.0130369286469031	0	0	0	0	0.268382722856769
"IL27"	0.0169003929926707	0.293923785753624	0.0295839743232437	0.00314116605953044	0.00265149693062736	0	0.0534403865334429	0.0985072716940049	0.0168298839341623	0.00458171584897055	0.067407933109808	0.0908464758538236	0.0531155325149721	0.0260574263980772	0.156061020764302	0.0978718984868231	0.183895636896297	0.164737923965193	0.0774128418986177	0.0347815414637859	0.0268132336609966	0.052499033352313	0.0458452720821851	0	0.049776562914226	0.0459775432790132	0.0338200784431852
"TBX21"	1.37150168607228	0.774102084082807	1.22684446093282	0.0379179274785564	0.442209669931776	0.4464733115226	0.77383250049398	1.63465113097224	0.203480076875656	0.233109519201243	1.18010030169782	1.32305487795956	1.37192955486004	1.11460671097138	4.11103451461689	1.78570840543775	1.56264418159775	2.21953966127251	1.73840859721118	1.12295258504322	0.724030377257247	1.40553234943943	1.00581163069812	0.507825492715802	1.0656108480298	1.13490445348307	3.53860023379686
"CD7"	0.468271055166288	0.43540468591904	0.301041285200741	0.0187018864443815	0.062315173066059	0.189855792835039	0.416986302426078	0.706543664958363	0.0173520018332154	0.0276801746673242	0.945321338456492	0.217255868719326	0.602777358749981	1.2396008979178	2.1848876398885	0.686018765801112	0.958561832938482	1.94436888187006	0.768252086839417	0.340713675870491	0.76920048345497	0.749100249092754	0.962661651682812	0.727038646381574	0.375183867940604	0.843766035090226	2.30255304061794
"KLRC3"	0.0108079917750996	0.00463571341582618	0.00676680408702056	0	0.0189602461285277	0.0754190193603775	0.0885332579544198	0.285929416324055	0	0.00243980225390002	0.052520569204867	0.0201316790515163	0.00838581911283623	0.0207656368755172	0.165864094456243	0.0253219849238318	0.00871735330703718	0.0170326549598452	0.0328793770993585	0.0102452029440355	0.00169350988179715	0.019982475363167	0.00448343258785992	0.365257095302108	0.0562616331753913	0.0133380307466327	0.0703778797975016
"KLRC2"	0.00496678577117413	0.00365056442072859	0.00262814266694767	0	0.00452605991080746	0.0588274252103158	0.00678929832235871	0.00859026852162594	0.000445758213496984	0.0077661936583866	0.0109123517877968	0.0586644409727254	0.00222192422403592	0.00898626981645952	0.145322252499227	0.00654257775819346	0.0176499840824176	0.00493021705951263	0.00510852748186351	0.00590583655524093	0.000737470994946794	0.015533308238186	0.00227825820252277	0.27589072712463	0.0289851006017866	0.00453492977242257	0.0151741748919796
"KLRC4"	0.0333969485112777	0.0463693980562492	0.048525560315688	0.00102329707946561	0.00514584286547776	0.0790451122604623	0.0562528816305546	0.0441439746347754	0	0.0219717524567839	0.0831970837822975	0.0193308337938217	0.0119335858235624	0.014418192130039	0.28493244388167	0.0650898415672865	0.0664081537339098	0.00594202957941836	0.047901518397091	0.0144494521082504	0.00317101675815361	0.0858383419593676	0.00837366602947683	0.154814527727135	0.0180831534746734	0.013243475082223	0.0364909277818768
"KLRC4.KLRK1"	0	0	0	0	0	0	0	0	0	0	0	0	0	0	0	0	0	0	0	0	0	0	0	0	0	0	0
"KLRD1"	0.0257731219607407	0.023379127602321	0.0294192618292091	0.00126552469270464	0.019665523752555	0.0163297190744928	0.00952281876826574	0.0455272649005938	0.00664400586285082	0.0082565286946571	0.0271966037733249	0.0173159136846867	0.0215164265134316	0.0062489849753614	0.365844932303892	0.0360267934401348	0.0310085812347761	0.0472815298640496	0.0659950420050495	0.0247030737227415	0.000692587761235726	0.0410585269944985	0.0313570392618323	0.022945240544934	0.045590499963234	0.0537799774759906	0.0754775499502931
"XCL2"	0.134663829666909	0.322607499108559	0.0576524861419058	0.0134728243246595	0.00587213321445728	0.0696087526093481	0.0175590351280487	0.2129514174758	0.00621348051766385	0.0138233642821273	0.148639656070887	0.0127735805937218	0.174786742471659	0.0764735548528783	1.36920048520759	0.148403573505341	0.0784360874099104	0.540359523360197	0.0756335294442521	0.021967321174125	0.0151026001229447	0.313389745094409	0.0317389161926921	0.0428248437475012	0.0758138681237251	0.239378714455133	0.446125905290283
"GZMM"	0.134190042053548	0.153399552957281	0.0490729108022549	0.00107731843063951	0.0202490105129433	0.0574916612518514	0.102959849790144	0.415943628324815	0.175119232482598	0.0460737018171932	0.369616972320841	0.0543718462760992	0.228765298554142	0.32080293855677	1.23261469628444	0.19591810751651	0.210338653814402	0.761420206968668	0.134563346511969	0.0546525969029003	0.154984553400149	0.192090818110262	0.368780452406231	0.106550076965882	0.154641695535725	0.186135216523183	0.64006255760329
"CD3D"	1.26611583548203	1.28010893690971	1.0632428682696	0.0418790226667882	0.123120361735578	0.559472956927264	0.595890392751276	1.60349461900014	0.0394915600057746	0.221784575483596	1.82054799013382	0.485343967261622	1.31948584612646	1.41275830990198	4.05236259298561	1.90470010348759	1.39304224866009	2.67818959391081	1.41166680214362	0.70718172451309	1.97381705981444	2.07595158051587	0.79246432421291	0.604549820906849	0.75776211897315	1.31995095688573	3.28312570771384
"CCL3"	1.81307438916816	2.83585074731386	2.03857628092934	0.512809735301757	0.578722531539718	1.60830332496961	2.01040294059675	1.34914051587234	1.13194769348191	1.25936934557367	1.37004763017082	3.04845790098014	1.72636189357607	1.55204491427525	3.11159711525029	2.43360853846575	2.52079288291346	2.77798319229509	1.81709412001214	1.29767247384511	0.803992803198187	1.79094663663918	2.37665228258761	0.541053590560742	0.85221261035372	1.21122323134371	2.17401891109502
"CD37"	1.61362248620728	1.96281384810399	1.36748335263763	0.410124254444589	1.51418467473898	0.50790698501379	0.93069322639383	1.42718857496181	0.576818225847609	0.584865185382524	2.16650708149047	1.37476016671183	1.41643383664889	3.39022396323899	2.72567938620719	2.85299207047733	2.34250273013293	1.92219861938226	2.06345514943508	1.56978883496934	1.0070387474868	1.25365903133568	2.05769808149001	1.62870679919098	1.29948055407562	1.69471080679659	6.30271640291682
"S1PR4"	0.333669231210205	0.247745005162855	0.234559856618873	0.0261953336022822	0.127700232089687	0.0706086791331264	0.280678491815984	0.494045549752505	0.118527826682546	0.101520140521675	0.36030104433539	0.185287289957208	0.547984592212889	0.483771374737344	1.441270207067	0.446149221980759	0.584405336686558	1.01095461385385	0.349429565427353	0.0958329906385041	0.652447020111023	0.297131297376103	0.467769065494042	0.304286069376545	0.248439297783449	0.392187102661803	2.2467559529504
"MARCH4"	0	0	0	0	0	0	0	0	0	0	0	0	0	0	0	0	0	0	0	0	0	0	0	0	0	0	0
"BIRC2"	1.84301521617791	1.53678061770273	0.772940994537986	1.25294375454947	1.55313058474763	1.34529251060469	1.54589709513305	1.77452509541031	1.93865745467287	1.77369234950917	2.08707131498954	6.10286572292656	1.76756129842172	0.659519747936147	1.57939373109182	1.89290563946413	1.73228234636668	3.59909912984558	1.75639582358652	1.84322247394763	1.6221383157233	1.6855761530271	0.375210565414543	1.54983554693298	0.925734686414507	1.29368381637536	1.75234849953104
"DDX10"	0.727635469629049	0.490449462488221	0.353850021773393	0.650696947512484	0.648954855835999	0.483825774128466	0.637702861874402	0.524592949302687	0.582626886633483	0.49313802142835	0.618877753804556	1.36775361310592	0.546887198951289	0.256401648785171	0.475896265015812	0.507407173222893	0.719945752922267	0.633607727949326	0.80555484979507	0.793833709415138	0.726571352665849	0.737285630507823	0.442771010424521	0.823751337851513	0.598981613567258	0.68044560435839	1.0439230627975
"RTTN"	0.286080907657883	0.97266484222672	0.718881282057892	0.611460089519749	1.24365134706866	0.588927326542761	0.322108211916562	0.289241409929345	0.447497254540989	0.565852398354593	0.23489107773968	0.304664397293374	0.347327791820649	0.129759060259482	0.353073717759778	0.612120062901958	0.730687268785223	2.66245169441064	0.50730089967761	0.662667885032518	0.201713319155423	1.48692898122096	0.184429719279572	0.262699238411539	0.76905783873839	0.794638691290583	0.336882176547708
"RCL1"	0.719710848264313	1.70765111207722	1.480334161303	0.769005485837925	0.575556612154383	0.833860435452922	0.961085685376811	0.533483579623952	0.783990348377281	0.553177265227439	0.423744979478104	2.77153869562494	0.787433522261301	0.613993659048919	0.681041201586099	0.615338385857782	0.645563560145945	0.981562986344653	1.05155680811071	1.02673401813654	1.10394241679452	0.619337184621723	0.630491703181365	0.280664964890081	1.04859601640731	1.23768909899908	0.952484309913658
"C6orf203"	0	0	0	0	0	0	0	0	0	0	0	0	0	0	0	0	0	0	0	0	0	0	0	0	0	0	0
"UTS2"	0.0307913695049512	0.0284918021094358	0.0200494010936097	0.032135239534252	0.00570064862030382	0.0158443046451404	0	0.0274182328920366	0	0.00671070228000547	0.0257793893924538	0.023200309742406	0.00667818197911552	0	0.0251009210655244	0.00555439324864681	0.0390068306313284	0.00911315941926468	0.00962676773048651	0.0261808815139084	0.0872554106100332	0.0338334742216016	1.03094856311539	0	0.0163448124742507	0.151253753444733	0.0352253335496572
"PQBP1"	2.16010191510868	3.23363198310963	2.93144722460026	2.8045911180662	2.80789758418746	3.42504279467166	2.87915278904366	2.82702701668817	1.91985201204233	2.62730651441281	2.48519053780832	3.42625419804153	2.61477093854444	3.58067866752218	3.15522564625994	2.57871760576188	2.99843014156483	4.68618543578792	2.74914285349239	2.84212520498299	3.14372591748688	2.07192152077046	3.06822765028088	2.21299256942693	3.02874721073804	3.49784533295596	2.60685270232457
"SSX7"	0	0	0	0.00192443524392925	0	0	0.00234379233077239	0	0	0	0.000975494137345113	0.000720302038424321	0	0	0	0	0	0	0	0	0	0	0	0	0	0	0
"AL133475.1"	0	0	0	0	0	0	0	0	0	0	0	0	0	0	0	0	0	0	0	0	0	0	0	0	0	0	0
"C2orf80"	0	0	0	0	0	0	0.0176945936362495	0	0	0	0	0.0117143596260201	0.0899245607459274	0.059621043418579	0.0287454227054187	0	0	0	0	0	0	0	0	0.103824661832794	0	0	0
"MOK"	4.6760007423176	3.80917551600827	1.35037307976448	5.3369070771248	3.811068779907	2.30793086449202	3.52444766135054	4.99366584508595	2.93647431894646	4.43963188117341	3.32496590626072	1.54827758654868	3.36790354930522	3.84788681822462	3.96367842084805	1.86511133959084	1.51194909643669	3.3869209837646	3.73271942727189	4.11215904011413	1.39345524114875	2.94659437743419	1.20632848568401	3.68402129002234	3.83157904985131	4.63082325315676	2.02797617327415
"FAM78A"	0.914003226857587	1.0102270456441	1.0398231395291	0.25869108282248	1.54032830625692	0.326631432637755	1.32126052358746	0.9189216792198	0.362525509317265	0.902373845664979	1.11844259965425	0.563370531674862	0.714369775009818	1.02392574040331	1.83444365116056	1.7046242024252	1.70979404304442	2.46826610647901	1.84892191165309	1.7144785947871	0.572357511723507	2.17181018609181	0.623567108924232	0.452371485016964	1.64913838390914	0.53873703366758	2.43777572521362
"CEACAM21"	0.168052540623146	0.132238240915819	0.124439833905483	0.0363028962474826	0.133480085001381	0.00885514696564145	0.0669256764555074	0.0986924582843591	0.0553549585211631	0.0593531811380743	0.158301336305846	0.123171027334912	0.156555335504812	0.0668723001782387	0.63569006771833	0.323879872184709	0.15803218477953	0.239930607671685	0.177111131444084	0.123718299193897	0.132461855652185	0.0695401974936879	0.00965052559117716	0.132454951171798	0.0992275962614425	0.0730747293965222	0.614683575710898
"NCF4"	1.36002644735258	0.891190835178231	0.87714944581453	0.173267589165675	1.08912512132655	0.655833277922451	1.04157973285595	1.39990631226426	0.504808441514131	0.575495880244001	1.80425449955554	1.38842725653364	1.8262752032135	1.3480272836087	2.6388963522664	2.20727933700681	2.31748571556164	2.32546299589561	1.35765047827448	0.915793514027108	1.49041660887325	1.37872387265666	1.05801512436624	1.74031427663664	1.0179023503728	0.920474448603522	3.14389847350475
"TSHZ2"	0.26001003981328	0.187845844042664	0.0330161724979548	0.0113514794172915	0.0762070250997736	0.0307645707885362	0.0615824821184965	0.0825516243876915	0.327002524009166	0.128006150809356	0.148338451342276	0.0661327654370244	0.0347414675185862	0.033760210121849	0.0693542720841155	0.468284771775867	0.0955295070069202	0.058137864243686	0.164017009972918	0.0806309151659374	0.0768551156301488	0.0386710611057232	0.345902836784178	2.27759395944657	0.0811432495515753	0.136740599272375	0.459653184446151
"FGD2"	0.358069776150772	0.381834097697881	0.275533330631691	0.0556758945883468	0.254930551860338	0.0992239900511227	0.263934328936861	0.278364935245066	0.0454524994659498	0.113929650446002	0.469135802857438	0.36219769278474	0.478710854980488	0.320410975396702	0.88628656520111	0.892654499657414	0.712935098218592	0.427305971883101	0.537786200524121	0.361669005251304	0.516723596082689	0.651374629153039	0.15002246791674	0.0924260011734841	0.212020121874515	0.172027024215812	1.69615876962287
"BIN2"	0.703807769338612	0.719623078725087	0.607421528837382	0.0821687273452211	0.553335419191767	0.173319705606704	0.421326418232215	0.538930408531343	0.195462574981648	0.23977177803147	0.894738966479582	0.506899733187572	0.689090206683941	0.323651391042402	1.68647808504444	1.32277392754921	0.972988489989582	0.680853263280695	0.863416984323122	0.601984619538924	0.5124034656536	0.930970336468314	0.283146038609319	0.313731792362091	0.40856017677088	0.26972333629254	1.99090932736046
"EBI3"	0.215513746755008	0.626450376917474	0.305907185218435	0.00970568935158916	0.442310274749656	0.0106669056941842	0.146509624926824	0.575844050142611	0.489301654111418	0.150473860443416	0.285844635212384	0.419631764560865	0.749136811565078	0.259940641918996	1.49942803608791	1.03350740499996	0.325815657348425	1.63605552309107	1.02099704898026	0.676212486397883	0.833918736830147	1.11834299250028	0.1149817097774	0.143344858085406	0.320243520712279	0.490937911333888	1.51025010251723
"TSPY4"	0	0	0	0.889138082253979	0	0	0	0	0	0	0	0	0	0	0	0	0	0	0.18239307791844	0.52052855632008	0	0	1.3575334012311	0	0.153646160050198	0	0
"TSPY2"	0	0	0	2.28367008440304	0	0	0	0	0	0	0	0	0	0	0	0	0	0	1.68337059586932	2.38477178035031	0	0	0	0	0	0	0
"OR5H6"	0	0	0	0	0	0	0	0	0	0	0	0	0	0	0	0	0	0	0	0	0	0	0	0	0	0	0
"OR5H14"	0	0	0	0	0	0	0	0	0	0	0	0	0	0	0	0	0	0	0	0	0	0	0	0	0	0	0
"CT47A1"	0	0	0	0	0	0	0	0	0	0	0	0	0	0	0	0	0	0	0	0	0	0	0	0	0	0	0
"TNP1"	0	0	0	0	0	0	0.016727513477208	0	0.106956840706254	0.12161037901743	0	0	0	0	0	0	0	0	0	0	0	0	0	0	0	0	0
