"CAF07_1"	"CAF07_2"	"CAF07_3"	"CAF07_4"	"CAF07_5"	"CAF07_6"	"CAF07_7"	"CAF07_8"	"CAF09_1"	"CAF09_2"	"CAF09_3"	"CAF09_4"	"CAF09_5"	"CAF09_6"	"CAF09_7"	"CAF09_8"
"FCRL3"	0	0	0	0	0	0	0	0	0	0	0	0	0	0	0	0
"PLA2G2D"	0	0	0	0	0	0	0	0	0	0	0	0	0	0	0	0
"BTLA"	-0.736061951060925	-0.736061951060925	-0.736061951060925	0.955031398552634	-0.736061951060925	-0.736061951060925	0.0676233782847255	-0.736061951060925	-0.397577994167783	-0.736061951060925	1.52090680239555	1.32099064815494	-0.736061951060925	-0.736061951060925	1.52471275135016	1.63287057497809
"PVRIG"	1.4860038041122	-0.537196818882226	-0.496972774542344	2.54570326828673	-0.215658125589888	0.124205505585053	1.48970687595598	-0.999417837811563	0.175488209350358	-0.855095344626993	-0.0132529476519061	-0.873504267050828	-0.638040028100455	-0.174588989029709	-0.421084019729258	-0.596296510275161
"GZMK"	0	0	0	0	0	0	0	0	0	0	0	0	0	0	0	0
"SPIB"	3.75	-0.25	-0.25	-0.25	-0.25	-0.25	-0.25	-0.25	-0.25	-0.25	-0.25	-0.25	-0.25	-0.25	-0.25	-0.25
"TTC24"	-0.407174669224975	-0.407174669224975	-0.407174669224975	-0.407174669224975	-0.407174669224975	-0.407174669224975	-0.407174669224975	-0.407174669224975	-0.407174669224975	3.20146327666775	-0.407174669224975	-0.407174669224975	-0.407174669224975	-0.407174669224975	1.49730042948944	0.594506993767487
"ZNF831"	-0.365823061463777	2.48516175252829	-0.365823061463777	-0.365823061463777	-0.365823061463777	-0.365823061463777	-0.365823061463777	2.6363611079646	-0.365823061463777	-0.365823061463777	-0.365823061463777	-0.365823061463777	-0.365823061463777	-0.365823061463777	-0.365823061463777	-0.365823061463777
"RTP5"	0	0	0	0	0	0	0	0	0	0	0	0	0	0	0	0
"GPR174"	-0.25	3.75	-0.25	-0.25	-0.25	-0.25	-0.25	-0.25	-0.25	-0.25	-0.25	-0.25	-0.25	-0.25	-0.25	-0.25
"NCR3"	0	0	0	0	0	0	0	0	0	0	0	0	0	0	0	0
"PTPRCAP"	0	0	0	0	0	0	0	0	0	0	0	0	0	0	0	0
"EOMES"	-0.495808268728699	-0.495808268728699	-0.495808268728699	-0.495808268728699	0.267807185377415	-0.495808268728699	-0.495808268728699	-0.495808268728699	2.12570715767797	-0.495808268728699	1.02426458821396	-0.495808268728699	-0.495808268728699	-0.495808268728699	2.53192029347504	-0.495808268728699
"SIRPG"	0	0	0	0	0	0	0	0	0	0	0	0	0	0	0	0
"TRAT1"	0	0	0	0	0	0	0	0	0	0	0	0	0	0	0	0
"IL21"	-0.25	-0.25	-0.25	-0.25	-0.25	-0.25	3.75	-0.25	-0.25	-0.25	-0.25	-0.25	-0.25	-0.25	-0.25	-0.25
"PDCD1"	0	0	0	0	0	0	0	0	0	0	0	0	0	0	0	0
"UBASH3A"	-0.25	3.75	-0.25	-0.25	-0.25	-0.25	-0.25	-0.25	-0.25	-0.25	-0.25	-0.25	-0.25	-0.25	-0.25	-0.25
"LILRA4"	0	0	0	0	0	0	0	0	0	0	0	0	0	0	0	0
"KLRK1"	-0.683948534186255	0.0350218489208387	0.104741902940202	0.588383493569937	1.98806843584614	-0.00246689847006381	0.471274113503663	1.37898434916415	-1.2092155760718	-0.17474234754866	1.46408623373747	-1.2092155760718	-1.2092155760718	-0.265058824207787	-1.2092155760718	-0.0674814689824422
"SLAMF6"	0	0	0	0	0	0	0	0	0	0	0	0	0	0	0	0
"P2RY10"	0	0	0	0	0	0	0	0	0	0	0	0	0	0	0	0
"TIGIT"	-0.25	-0.25	-0.25	-0.25	-0.25	-0.25	-0.25	-0.25	-0.25	3.75	-0.25	-0.25	-0.25	-0.25	-0.25	-0.25
"CD8A"	-0.25	-0.25	-0.25	-0.25	-0.25	-0.25	-0.25	-0.25	3.75	-0.25	-0.25	-0.25	-0.25	-0.25	-0.25	-0.25
"SH2D1A"	-0.25	-0.25	3.75	-0.25	-0.25	-0.25	-0.25	-0.25	-0.25	-0.25	-0.25	-0.25	-0.25	-0.25	-0.25	-0.25
"XCR1"	-0.464500273655456	-0.464500273655456	-0.464500273655456	-0.464500273655456	-0.464500273655456	-0.464500273655456	-0.464500273655456	-0.464500273655456	-0.464500273655456	-0.464500273655456	2.04029187923192	1.85861708443611	-0.464500273655456	-0.464500273655456	-0.464500273655456	2.1395945938529
"DCANP1"	0	0	0	0	0	0	0	0	0	0	0	0	0	0	0	0
"SLAMF1"	0	0	0	0	0	0	0	0	0	0	0	0	0	0	0	0
"STAT4"	-1.10179605305633	-0.951420023879191	0.457957611318385	-0.673610425614948	0.121741924288207	0.259934638474744	0.450979346051809	1.2518358566872	0.317025218947945	-0.00647714618551779	-0.462477509056718	0.618096274647489	-1.10341862896207	-1.9838669365779	0.864525321876692	1.94097053104021
"GCSAM"	0.771377983439835	-1.17971498619504	-0.496752177384701	-0.285364613301553	1.49510847598064	0.724346098214631	-0.331838762476356	-2.11921782379883	-0.095922921695067	0.536862331565442	0.520088218351104	-0.208239563787511	1.50429608375744	0.110806515059133	0.524594644902903	-1.47042950263206
"THEMIS"	0	0	0	0	0	0	0	0	0	0	0	0	0	0	0	0
"CD3G"	0	0	0	0	0	0	0	0	0	0	0	0	0	0	0	0
"KCNJ10"	-0.144795247408879	-0.947240255386557	0.0634458608048591	1.35874206111238	-0.111878153294623	0.902429651548371	0.778528639546455	-0.442548138255461	-0.947240255386557	-0.947240255386557	-0.113347401193261	-0.947240255386557	-0.126213330414868	2.64196175158978	-0.947240255386557	-0.0701244171019721
"IL9R"	-0.303849971307709	-0.303849971307709	-0.303849971307709	-0.303849971307709	-0.303849971307709	-0.303849971307709	-0.303849971307709	-0.303849971307709	-0.303849971307709	-0.303849971307709	-0.303849971307709	-0.303849971307709	-0.303849971307709	0.600577984544878	3.65332161376305	-0.303849971307709
"CD3E"	0	0	0	0	0	0	0	0	0	0	0	0	0	0	0	0
"SLA2"	2.28188021316082	-0.560372394574118	-0.560372394574118	0.546755234858723	-0.560372394574118	-0.560372394574118	-0.560372394574118	0.643588277480569	-0.560372394574118	-0.560372394574118	-0.560372394574118	0.34528726273077	2.34658535208442	-0.560372394574118	-0.560372394574118	-0.560372394574118
"PYHIN1"	0	0	0	0	0	0	0	0	0	0	0	0	0	0	0	0
"LY9"	-0.25	-0.25	3.75	-0.25	-0.25	-0.25	-0.25	-0.25	-0.25	-0.25	-0.25	-0.25	-0.25	-0.25	-0.25	-0.25
"PLEK"	-0.690563957448521	3.1230532217519	-0.895334915347272	0.420178308223938	-0.0772725343969804	0.00794705824139816	0.88844865225217	-0.63888925903301	-0.530690013957679	-0.115741945465963	-0.475822348814358	0.921120300897399	-0.685876104666088	-0.529755157496108	-0.682262001881454	-0.0385393028593741
"CLEC9A"	-0.25	-0.25	-0.25	-0.25	-0.25	3.75	-0.25	-0.25	-0.25	-0.25	-0.25	-0.25	-0.25	-0.25	-0.25	-0.25
"CXCR3"	0	0	0	0	0	0	0	0	0	0	0	0	0	0	0	0
"KLRB1"	0	0	0	0	0	0	0	0	0	0	0	0	0	0	0	0
"CD2"	0	0	0	0	0	0	0	0	0	0	0	0	0	0	0	0
"ZNF80"	0	0	0	0	0	0	0	0	0	0	0	0	0	0	0	0
"FUT7"	0	0	0	0	0	0	0	0	0	0	0	0	0	0	0	0
"TIMD4"	0	0	0	0	0	0	0	0	0	0	0	0	0	0	0	0
"CST7"	-0.390284659351006	2.53818661538412	-0.738883731433295	0.0644505555524415	0.704842411570056	-0.738883731433295	-0.738883731433295	1.8598885078268	-0.425082170950686	0.633840399593235	-0.0156620845557847	-0.738883731433295	-0.738883731433295	0.202006544963893	-0.738883731433295	-0.738883731433295
"FCRL6"	0	0	0	0	0	0	0	0	0	0	0	0	0	0	0	0
"WIPF1"	0.448840025731103	-1.40242870877203	-0.462638800299212	1.4711970646381	1.19899392121833	0.978358033358978	1.3365355970221	-2.14645361066489	-0.255327414461111	-1.07865531824938	0.0462486578224386	-0.00366480818972662	0.348713869532057	0.0644933997892018	0.0109432470990868	-0.555155155575037
"TMEM155"	0	0	0	0	0	0	0	0	0	0	0	0	0	0	0	0
"TMEM244"	0	0	0	0	0	0	0	0	0	0	0	0	0	0	0	0
"GTSF1L"	0	0	0	0	0	0	0	0	0	0	0	0	0	0	0	0
"DOCK10"	0.449945969110912	-1.7175700442398	-1.31932123958086	0.559187382182265	-0.301374030120936	-1.06223527049284	0.776169075605963	-1.87430310159815	0.920258103120583	0.936143746068133	1.10359928161195	0.996857972006117	-0.230970968955901	-0.123402533037914	0.620582159330541	0.266433498989938
"SIGLEC8"	0	0	0	0	0	0	0	0	0	0	0	0	0	0	0	0
"IL10RA"	-0.81216358303303	1.57221101335439	0.457456474115907	-0.81216358303303	1.27360930638207	-0.81216358303303	0.275579013396148	-0.81216358303303	-0.81216358303303	-0.81216358303303	-0.81216358303303	1.08043214918153	-0.81216358303303	-0.81216358303303	1.27360205590657	1.37658223496066
"IKZF1"	-0.365141733359966	2.37267597139201	-0.365141733359966	-0.365141733359966	-0.365141733359966	-0.365141733359966	-0.365141733359966	-0.365141733359966	-0.365141733359966	-0.365141733359966	-0.365141733359966	-0.365141733359966	-0.365141733359966	2.73930829564752	-0.365141733359966	-0.365141733359966
"CCR5"	-0.351603030206325	-0.351603030206325	-0.351603030206325	-0.351603030206325	-0.351603030206325	-0.351603030206325	3.22083776759934	-0.351603030206325	-0.351603030206325	1.70160465528921	-0.351603030206325	-0.351603030206325	-0.351603030206325	-0.351603030206325	-0.351603030206325	-0.351603030206325
"SLAMF7"	-0.25	3.75	-0.25	-0.25	-0.25	-0.25	-0.25	-0.25	-0.25	-0.25	-0.25	-0.25	-0.25	-0.25	-0.25	-0.25
"WAS"	-0.705514763833564	2.90435433366958	-0.211417185032117	-0.16920759008326	1.17347425240443	0.180244295322399	0.416070361251952	1.0259755815948	-0.376437880031419	-0.709836266121185	-0.581928774274657	-1.12358325552514	-0.590210680156761	-0.652554972337933	-0.580985045951084	0.00155758910395697
"LAIR1"	-0.25	3.75	-0.25	-0.25	-0.25	-0.25	-0.25	-0.25	-0.25	-0.25	-0.25	-0.25	-0.25	-0.25	-0.25	-0.25
"CMKLR1"	0.681495641439214	1.08723204994651	-1.3395014501645	-1.95684677529489	0.750346126875588	0.43662270762948	-1.98097426840855	-0.603792456694195	0.66529381743797	0.422111709096425	-0.353207918890584	-0.297078666919733	0.911483707763627	0.764378348461646	0.173212470789447	0.639224956932538
"C1QC"	0	0	0	0	0	0	0	0	0	0	0	0	0	0	0	0
"FCGR3A"	-0.365913743627631	2.60611090730569	-0.365913743627631	-0.365913743627631	-0.365913743627631	2.51668150348114	-0.365913743627631	-0.365913743627631	-0.365913743627631	-0.365913743627631	-0.365913743627631	-0.365913743627631	-0.365913743627631	-0.365913743627631	-0.365913743627631	-0.365913743627631
"SRGN"	-1.40723974158221	-1.02197826973492	-0.964876047060857	-0.80595122506588	-0.265399909915768	-0.644806235403344	-0.753521260332253	-1.39432283364805	0.739195544591952	0.409654909797698	0.850446791242431	0.975600915919925	1.34850133061609	1.37935866915027	0.973428091752023	0.581909269672901
"HAVCR2"	-0.318007084053266	-0.147630045130562	-0.0884492500557489	-0.180802116904923	1.01909809455716	2.87077258172975	-0.737568085418183	-0.655025870282106	-0.82083775166722	-1.01257209479918	1.01551093458107	0.443574242966185	-0.0721640775935734	-1.2517155259906	0.170942312141571	-0.235126264080377
"FCGR1A"	-0.345467013500605	3.32189644283234	-0.345467013500605	-0.345467013500605	-0.345467013500605	-0.345467013500605	-0.345467013500605	-0.345467013500605	1.51464174617614	-0.345467013500605	-0.345467013500605	-0.345467013500605	-0.345467013500605	-0.345467013500605	-0.345467013500605	-0.345467013500605
"FCER1G"	-0.38863111341395	1.30886759443286	1.32332741372212	-1.04403814795289	-0.947042591093357	-0.507057648636308	0.251857386767565	1.96762458000678	-0.785493726100579	0.0293741901927295	-0.947695343820732	-0.870328733244933	-0.953413350366434	-0.375197877638957	0.92000466111835	1.01784270602773
"TNFSF18"	-0.390177705668481	-1.25787132670142	-1.25787132670142	0.738223672833777	-0.805510152638784	0.740641582023308	-1.25787132670142	-1.25787132670142	0.300160712476856	0.454235271473717	1.42992013123135	0.374881657171085	1.38873526429819	1.46447233339343	-0.354609407100893	-0.309488052687869
"HTRA4"	-1.12849390911885	-1.12849390911885	0.281767130317211	-1.12849390911885	1.95209996809765	0.166110350112758	-1.12849390911885	1.66443500097662	-0.454609018529889	-0.0195207524366555	-1.12849390911885	0.279088399300071	0.775012277440102	0.88485916815296	0.423705633235049	-0.310478611071596
"C1QA"	0	0	0	0	0	0	0	0	0	0	0	0	0	0	0	0
"IL2RA"	-0.311982302885282	-0.311982302885282	-0.311982302885282	0.752319488261581	-0.311982302885282	-0.311982302885282	3.61543275213236	-0.311982302885282	-0.311982302885282	-0.311982302885282	-0.311982302885282	-0.311982302885282	-0.311982302885282	-0.311982302885282	-0.311982302885282	-0.311982302885282
"LCP2"	-0.288619064630167	3.7041226285827	-0.288619064630167	-0.288619064630167	-0.288619064630167	-0.288619064630167	-0.288619064630167	-0.288619064630167	-0.288619064630167	-0.288619064630167	-0.288619064630167	-0.288619064630167	-0.288619064630167	-0.288619064630167	-0.288619064630167	0.336544276239636
"LILRB1"	0	0	0	0	0	0	0	0	0	0	0	0	0	0	0	0
"CD86"	-0.313912015029357	3.60511910225988	-0.313912015029357	0.78964910815112	-0.313912015029357	-0.313912015029357	-0.313912015029357	-0.313912015029357	-0.313912015029357	-0.313912015029357	-0.313912015029357	-0.313912015029357	-0.313912015029357	-0.313912015029357	-0.313912015029357	-0.313912015029357
"DBH"	-0.366928255747299	-0.878693707450128	0.398549863213676	-0.878693707450128	-0.346024596260928	1.43357339511011	-0.327079724307963	-0.556332058981487	-0.417790878514929	-0.878693707450128	2.69864194264456	-0.395695601965616	1.17438182026336	0.0400680610795071	0.179410863267523	-0.878693707450128
"MFRP"	-0.841968854063787	-0.841968854063787	0.173351527730073	-0.841968854063787	-0.00199388122453903	1.911783580674	-0.841968854063787	-0.333594027289523	2.70640804681127	-0.0433124251753548	-0.841968854063787	-0.0803077659917015	0.392205642952177	-0.113247451216562	-0.00199682254798012	-0.399452154402922
"DNTT"	0	0	0	0	0	0	0	0	0	0	0	0	0	0	0	0
"C19orf47"	0.295478101022506	2.2497660036429	0.615279096533568	-0.244316821804349	-1.22253115296156	-1.82414442655637	-0.651950923405602	1.73459277843792	0.436089227916408	0.239569953257296	-0.720912289309573	-0.146577301678554	-0.494143669033568	-0.345042804137147	0.0705781908758063	0.00826603720032017
"CPA5"	2.74202960524936	-0.228669736483397	-0.189003082284228	1.07684691579072	0.884108120386206	-0.93584130693497	-0.93584130693497	-0.191116329783689	0.125579047335475	-0.640568366919149	-0.318732204148308	0.985145999076388	-0.630576460259901	0.128321719780404	-0.93584130693497	-0.93584130693497
"GPHA2"	1.02806874482606	3.09138046978166	-0.474209402131388	-0.474209402131388	0.309177773659821	1.26188583730911	-0.474209402131388	-0.474209402131388	-0.474209402131388	-0.474209402131388	-0.474209402131388	-0.474209402131388	-0.474209402131388	-0.474209402131388	-0.474209402131388	-0.474209402131388
"CXCL11"	0.72171457259136	0.851750515417689	0.444523263962677	1.28507933448136	-0.35181741825184	-0.679552034088307	1.41726870884146	1.94644836317891	-1.05330373945383	-0.595142519478897	-0.634254172601751	-1.19952352228809	0.0659582877434229	-0.191872731643324	-1.25947491010188	-0.76780199830896
"IFNG"	0	0	0	0	0	0	0	0	0	0	0	0	0	0	0	0
"GBP5"	-0.250362460532065	3.61559140162977	-0.607187790558583	-0.195686418347506	-0.235828555084123	-0.503353377719572	-0.222659315009194	-0.607187790558583	-0.12701877479655	-0.254050085364971	-0.420934407505236	0.546609822555402	-0.0622210097037312	-0.125773091174703	-0.235829852044541	-0.314108295785809
"IDO1"	0.502498672917757	2.19818976137914	-0.83279630939359	-0.83279630939359	0.00857017323627353	2.21486046591849	0.152616589469444	0.807258299285123	-0.83279630939359	-0.712340044443495	-0.83279630939359	-0.276620644544479	-0.117396122561062	-0.508141619072781	-0.105513984616468	-0.83279630939359
"CXCL9"	-0.874161456608504	-0.874161456608504	1.07809263565851	0.916492887536495	-0.874161456608504	0.0270383650001168	0.799111450488041	-0.874161456608504	-0.874161456608504	2.17151462953211	-0.874161456608504	-0.138133264921279	1.4973288743939	-0.170025796045797	-0.062289585382562	-0.874161456608504
"CXCL10"	1.07309549116339	1.38195588058082	0.598128826756441	0.600093249813975	-0.260436958589964	-0.175294486904766	1.62613887287799	1.35226081145342	-1.20673809794867	-1.13579518684329	-0.915060406412184	-1.09272670489663	0.0691339893512057	0.00818743224706005	-0.866692974249346	-1.05624973839947
"GZMB"	-0.25	3.75	-0.25	-0.25	-0.25	-0.25	-0.25	-0.25	-0.25	-0.25	-0.25	-0.25	-0.25	-0.25	-0.25	-0.25
"FASLG"	0	0	0	0	0	0	0	0	0	0	0	0	0	0	0	0
"GZMH"	0	0	0	0	0	0	0	0	0	0	0	0	0	0	0	0
"LAG3"	0.144736943833087	2.82015785407987	-0.430521362834213	-1.1487383684335	0.99023871144742	0.133902509735772	-0.600881994678319	1.29337250150187	-0.635158147012648	0.0720257937390163	-0.272171412675968	-0.186845977831854	-0.637071558107854	-0.448634136315441	-1.16560485120705	0.0711934947598125
"NKG7"	1.19800552754926	-0.889960629511388	-0.889960629511388	-0.480254059112112	0.209374388107138	0.728290480637336	0.62116570789906	1.7183423101773	-0.889960629511388	1.84450876305812	-0.889960629511388	-0.889960629511388	-0.889960629511388	-0.251374975807957	-0.889960629511388	0.641666264071574
"CD274"	-0.396646114596431	-1.25218287915158	-1.53805521037522	-0.785762809621211	-0.412423502242622	-0.835998360653048	-0.647808250611952	-1.19257798377462	1.1488200041173	1.09876125443834	0.709240668390454	0.728085059853093	1.41754801983803	1.34512398335707	0.388705875994805	0.225170245037598
"GZMA"	0	0	0	0	0	0	0	0	0	0	0	0	0	0	0	0
"CCL5"	-0.367656336448267	1.14759861825139	-0.0645986517604336	0.653414413866079	0.397513661914501	0.370215354039866	1.23966329631539	2.58420996199532	-0.875976173542506	-0.875976173542506	-0.770282680926582	-0.827360135313766	-0.875976173542506	-0.695622196711382	-0.480512326452389	-0.558654458142207
"CXCR6"	-0.435835731992962	-1.46605840656247	-1.13425830005294	-0.13998472127259	-0.524902893927531	-0.280634590449897	0.168912699765282	-1.13519836554877	0.235947281923634	1.41731152068443	0.23720129695472	1.91547053235343	-0.159808982720722	-0.876910040671266	0.487137381424561	1.69161132009309
"PRF1"	-0.25	3.75	-0.25	-0.25	-0.25	-0.25	-0.25	-0.25	-0.25	-0.25	-0.25	-0.25	-0.25	-0.25	-0.25	-0.25
"FAM26F"	0	0	0	0	0	0	0	0	0	0	0	0	0	0	0	0
"GPR25"	0	0	0	0	0	0	0	0	0	0	0	0	0	0	0	0
"IL27"	0	0	0	0	0	0	0	0	0	0	0	0	0	0	0	0
"TBX21"	-0.464774732653228	2.11034093898263	-0.464774732653228	-0.464774732653228	-0.464774732653228	2.03297060279676	-0.464774732653228	-0.464774732653228	-0.464774732653228	-0.464774732653228	-0.464774732653228	-0.464774732653228	-0.464774732653228	-0.464774732653228	-0.464774732653228	1.89875998271258
"CD7"	-0.218441050789284	1.07737713489334	1.10988837782124	-0.0656849674342223	0.763660263850859	0.899088263397043	0.375689502620134	2.12598091580045	-1.71806164482465	-0.681374197448035	-1.18892777133954	-0.439283215468561	-0.648159944173449	-0.885725896934726	-0.524787433821805	0.01876166385122
"KLRC3"	0	0	0	0	0	0	0	0	0	0	0	0	0	0	0	0
"KLRC2"	0	0	0	0	0	0	0	0	0	0	0	0	0	0	0	0
"KLRC4"	0	0	0	0	0	0	0	0	0	0	0	0	0	0	0	0
"KLRC4.KLRK1"	0	0	0	0	0	0	0	0	0	0	0	0	0	0	0	0
"KLRD1"	-0.647356864609132	-1.57198638290321	0.243497101228324	0.563741682192797	1.09698746771096	2.47483509123303	0.499585079259419	-1.54558989535713	-0.560150149574357	-0.751455073428068	-0.350999245645812	-0.193432574532147	0.753372505461532	0.257875891877411	0.0340145137400077	-0.302939146653613
"XCL2"	0	0	0	0	0	0	0	0	0	0	0	0	0	0	0	0
"GZMM"	-0.272209448515837	-1.00370205155213	-0.0828644783728562	-0.159503137596901	-0.242266110113615	2.7320290734982	1.33930131608591	0.822408841171712	0.308281495492254	-1.00370205155213	-1.00370205155213	0.029537844519419	-0.628636957081729	-0.343322917735997	0.512052684857962	-1.00370205155213
"CD3D"	0	0	0	0	0	0	0	0	0	0	0	0	0	0	0	0
"CCL3"	-0.568524217684067	-0.568524217684067	-0.568524217684067	-0.568524217684067	-0.568524217684067	-0.568524217684067	-0.568524217684067	-0.568524217684067	0.245695155296359	1.21547164014258	2.23128292789554	-0.568524217684067	2.18841653199719	-0.568524217684067	0.372900139193062	-0.568524217684067
"CD37"	1.64566744517962	-1.15427112271758	-1.71339096613137	0.979026921032464	0.381692693177934	-0.211302294843477	0.115097782649266	-1.62144412461619	0.675070423018369	1.09601743048029	-0.435437683445367	0.0881763404923427	1.04322333233755	-0.162083174344566	0.344105635703503	-1.0701486379728
"S1PR4"	-0.451305170843336	3.15620574638768	-0.451305170843336	-0.451305170843336	-0.451305170843336	-0.451305170843336	-0.451305170843336	1.52148706084743	-0.451305170843336	-0.451305170843336	-0.451305170843336	0.309710589767658	-0.451305170843336	-0.451305170843336	-0.451305170843336	0.428258653117256
"MARCH4"	0	0	0	0	0	0	0	0	0	0	0	0	0	0	0	0
"BIRC2"	0.153475219833026	-1.65375503412258	-1.71252174886244	0.00063773635665132	0.665898170174849	0.57898884390911	0.297248799134363	-2.41004377930126	0.813233046400071	0.729581276131039	0.341260994431088	0.364090492612593	0.775750808353957	0.70113685922351	0.308721166049693	0.04629714967632
"DDX10"	1.08973009655677	-0.801520865529919	-0.575541050618039	0.0756947330476664	-1.30363132129901	-1.75314402734451	0.0997748420278328	-1.68068467368046	1.32809395201921	1.10325165758609	0.767733311778877	0.681027197927892	-0.171468810991143	-0.313566342040078	0.782315128482669	0.671936172076155
"RTTN"	0.883767213048159	-0.0467476265340502	-1.5790537820152	-0.577010900584891	0.945634450517991	0.693885009436438	-1.10402806782187	-1.66899978170719	1.55492579881959	1.35561232877809	-0.385520749639082	-0.496322226864008	0.774580677858946	0.557959490514221	-0.58793020594976	-0.320751627857371
"RCL1"	1.02568477086403	0.775512647986348	-0.806452743342124	-0.548471708308356	-2.61384707360192	-0.298742629413495	-0.532765242832629	-0.247178231820023	1.33852361925256	1.06067922408606	0.478987617470372	-0.0544038674988565	-0.656296596057166	-0.457314533013892	0.484961744657433	1.05112300157166
"C6orf203"	0	0	0	0	0	0	0	0	0	0	0	0	0	0	0	0
"UTS2"	-0.462732957740152	-0.462732957740152	-0.462732957740152	2.16390147651197	-0.462732957740152	2.16709335958592	-0.462732957740152	-0.462732957740152	-0.462732957740152	-0.462732957740152	-0.462732957740152	1.68453361452409	-0.462732957740152	-0.462732957740152	-0.462732957740152	-0.462732957740152
"PQBP1"	-0.269687191368302	1.7368371591359	1.55429940814535	-0.53216522652141	-1.20078773431761	-0.836384138891641	-0.38950285388683	2.3187337080556	-0.432872533770432	-0.218980952699271	-0.318137967319863	-0.264501410602754	-0.510583950586052	-0.76581363085964	-0.309318001051558	0.438865316538506
"SSX7"	0	0	0	0	0	0	0	0	0	0	0	0	0	0	0	0
"AL133475.1"	0	0	0	0	0	0	0	0	0	0	0	0	0	0	0	0
"C2orf80"	0	0	0	0	0	0	0	0	0	0	0	0	0	0	0	0
"MOK"	-1.64610187098415	-0.505514814966866	0.778964402620026	-1.45424315389496	1.26235668936383	1.46681841463822	-0.548750497544027	-0.297709825288838	-1.15583421074121	-0.0558433901421992	1.21506529352449	0.331602734077561	-0.595464976987885	-0.381420058589131	0.295522120618328	1.29055314429681
"FAM78A"	0.715246577301023	0.0430959458343069	1.14450724376042	-1.04377145142009	0.983309544069974	-1.04102498483598	-1.11253678227893	-0.849645631724329	-1.06831296824672	0.634509274727801	0.292760065636245	-1.47718806437093	0.78297342124474	1.77140760480513	-0.3821771046847	0.606847310182038
"CEACAM21"	-0.25	-0.25	-0.25	-0.25	-0.25	-0.25	-0.25	3.75	-0.25	-0.25	-0.25	-0.25	-0.25	-0.25	-0.25	-0.25
"NCF4"	-0.302952927183163	3.65699511060969	-0.302952927183163	-0.302952927183163	0.584345869954591	-0.302952927183163	-0.302952927183163	-0.302952927183163	-0.302952927183163	-0.302952927183163	-0.302952927183163	-0.302952927183163	-0.302952927183163	-0.302952927183163	-0.302952927183163	-0.302952927183163
"TSHZ2"	1.17148292419591	-1.49184072052995	-1.26799745383725	-0.33451547216339	1.13741143819707	0.909787495293703	0.187147004254356	-0.795009008723144	-0.967102987491751	-0.689259104241149	-0.0575276451116564	0.25946197291002	1.59606663244401	1.46465610485324	-0.349365606576798	-0.773395573473216
"FGD2"	-0.25	-0.25	-0.25	-0.25	-0.25	-0.25	-0.25	-0.25	-0.25	-0.25	3.75	-0.25	-0.25	-0.25	-0.25	-0.25
"BIN2"	-0.25	3.75	-0.25	-0.25	-0.25	-0.25	-0.25	-0.25	-0.25	-0.25	-0.25	-0.25	-0.25	-0.25	-0.25	-0.25
"EBI3"	1.202390503744	2.13715709370427	0.283006078857787	0.593146302281279	-0.0997830962741263	0.453702260666225	0.0766399274963481	1.32955308206488	-0.726984700126643	-1.22820975221146	-1.22820975221146	-0.703343563856054	-0.118300061723129	-0.974240432324126	-1.22820975221146	0.231685862123679
"TSPY4"	0	0	0	0	0	0	0	0	0	0	0	0	0	0	0	0
"TSPY2"	0	0	0	0	0	0	0	0	0	0	0	0	0	0	0	0
"OR5H6"	0	0	0	0	0	0	0	0	0	0	0	0	0	0	0	0
"OR5H14"	0	0	0	0	0	0	0	0	0	0	0	0	0	0	0	0
"CT47A1"	0	0	0	0	0	0	0	0	0	0	0	0	0	0	0	0
"TNP1"	0	0	0	0	0	0	0	0	0	0	0	0	0	0	0	0
