"Pt1.baseline"	"Pt2.baseline"	"Pt4.baseline"	"Pt5.baseline"	"Pt6.baseline"	"Pt7.baseline"	"Pt8.baseline"	"Pt9.baseline"	"Pt10.baseline"	"Pt12.baseline"	"Pt13.baseline"	"Pt14.baseline"	"Pt15.baseline"	"Pt19.baseline"	"Pt20.baseline"	"Pt22.baseline"	"Pt23.baseline"	"Pt25.baseline"	"Pt27A.baseline"	"Pt27B.baseline"	"Pt28.baseline"	"Pt29.baseline"	"Pt31.baseline"	"Pt32.baseline"	"Pt35.baseline"	"Pt37.baseline"	"Pt38.baseline"
"MCEMP1"	0.276902171215038	0.460747281040921	0.703478161331173	0.108784436270524	0.30288051785309	0.099321532861172	0.631464736432619	0.0833635709434713	1.94835040977925	0.481583112080573	1.53674423322944	1.07661723956373	0.213510907514301	0.0446718595073987	0.393754455502648	0.722437607470723	2.46079759742817	0	0.161026128175802	0.128516915629729	0.382926720868042	0.1069381425853	0.847571248730271	0.320944418672542	0.0630696545644541	0	0
"MRC1"	1.45168588647002	3.03997007317744	0.71076258061272	0.347089029939233	1.39171273815219	0.764730007315605	2.29156230390607	2.41557750715836	2.28256434884263	2.57191339741107	0.894806512667454	3.38284982579953	0.699998407921706	0.133533935065339	3.72969958833598	1.58574855533801	0.93289154056034	0.815821731620442	2.20590856266485	1.00713377283313	0.928336967713555	4.10666657522343	0.411614976942899	1.82480857790486	1.44675380768418	1.10289324294507	1.80671999654575
"ITGAM"	2.28989051972406	1.9504646814285	2.1362455355625	0.544081751047814	2.81849066010209	1.5494646409629	2.02857445621291	1.45943686479154	1.83671390529514	1.74092756031863	3.35367898033639	2.40547098981829	1.67367400562815	1.91222638229275	2.43479500355054	3.35849472647171	3.18997395901408	1.8502693643191	2.58776581723327	2.52221899754569	1.47636094786681	2.10800750299062	1.32681918686475	1.3999257472761	1.34194021767261	0.949384025759972	2.03873817481157
"FCN1"	3.50651308479422	3.75332106078506	4.5374110059155	0.784122424441961	3.07227133209124	0.945094503864552	3.39369968663157	3.98609687596731	1.4144603058161	2.59365614347123	4.79761224643995	2.37392099618364	1.62445655175283	3.22295599280831	4.53674609788842	4.79049577283879	3.99355209427809	4.67890572218112	1.40837220357268	0.879680675715572	1.66641348502375	3.01394010131203	3.06272098299598	3.28763777297445	2.13647359656665	2.59030739071436	2.19265184055955
"OLR1"	1.02486998295522	3.95830910414378	0.173759777503985	0.88172999913382	2.72377260178443	1.37661545325983	1.4073663485787	1.1853971967405	1.42686586422687	1.18334676397759	3.06184530707107	1.26941621792774	0.889235604781591	1.49595605196665	1.4272789817886	2.91442866650335	4.50213325524051	0.162036103076551	2.18392949753416	2.76726706156778	0.498286615280638	0.425945313367537	0.80549553314126	0.476013513555963	0.479644474576236	0.134819714675566	0.11656291401569
"CD300C"	1.28720039743073	1.17906511534264	0.87641085853556	0.302045841671399	1.23465459493589	0.850553820087674	1.60489921201848	0.797375785584461	1.23395859838592	0.690684824160583	2.19851458381636	1.33739997300651	1.44915723134612	1.80690967888965	2.00135549635491	1.92842907196566	2.14220428911827	1.00558898098975	1.63344516060284	1.45591765907734	0.907744033875007	1.45804334057353	1.3113229126501	0.790746185869529	0.729182940685672	0.65756958350931	1.27236366075574
"CLEC12A"	2.06664204583748	2.26112758656132	0.806132235290346	0.0173733658788834	1.73156341983729	0.49283866534109	0.421545403431953	1.10789873508112	0.26318527980084	0.339010216866793	1.93953878302766	0.986715279944177	1.46573943621404	0.62366837230757	2.69067186348493	2.80501482877095	1.57650278898886	1.04894061809089	1.72059148952835	1.0398578069232	0.396550257409602	2.22875405631023	0.155531646461992	0.719789748879836	0.933811305237243	0.560733538223111	0.827275981420069
"CD33"	1.86631456137705	2.01115746755663	1.9083825323819	0.732289173470594	2.01225042314048	1.18463893969331	2.53018563372337	2.64896581265944	1.1349010479333	1.43131272687012	2.75042964059091	2.17302666523031	2.47676272649964	1.47755040626078	3.38974576092671	3.4873474240931	2.7703649837687	2.87163964646822	2.45602809295583	1.93100220151805	1.33555757256412	2.41166622296786	1.30896657975252	1.20105666770691	1.5046102235921	0.843364035229422	1.78634543658521
"ADGRE3"	0	0	0	0	0	0	0	0	0	0	0	0	0	0	0	0	0	0	0	0	0	0	0	0	0	0	0
"DPEP2"	1.27503089350182	1.66936925150728	1.15626392656432	0.279079590143026	0.950263473442489	0.758191441767362	0.725296611453612	1.42481999444652	0.432927881373354	0.482296908200271	1.65536098855199	0.754313729786681	1.8874843288149	1.84263294566369	2.1125883821003	2.09280787216119	2.63421105464109	1.45580721674484	0.883946851980072	0.682005096207898	1.01775946207701	1.34979553063309	0.574609208637959	0.996902095445588	0.551226588279062	1.12005992101637	2.50981996663223
"FCER1G"	7.20986759358378	6.64905494076252	6.58578355125144	7.50212370553276	6.6426286555595	6.04761363622481	6.98237758920024	5.95523956007283	5.87786937623542	8.08096671827319	7.96548994485006	6.9125420898278	6.81992359556066	8.45054319554085	8.55991620781062	7.78421931572168	8.08494919647066	7.98602404086018	7.78144496116751	7.11922128123726	4.57660376336931	7.49029334133546	7.2525992088629	7.0618517859155	6.18334557286416	5.93464859318808	8.08042316371117
"BCL2A1"	5.96428656713737	5.97492388884363	5.50082594908895	4.49741756628457	4.73941339293609	6.86960001188624	3.51144906297989	5.61960228587488	4.63541485953365	6.88239850405388	5.85109187220382	5.40545635335024	4.84050100026111	8.57478461264848	6.57155395118817	6.60344608956386	6.54980776628262	2.68373574896704	5.11780722945432	4.52642255418926	2.77663042305105	2.85780189083303	2.66170400190173	5.05579867608881	6.93135212574951	2.66471265202706	6.97263522073365
"MMP19"	2.66613507677933	1.09370889994381	1.57816343350905	2.01127020012483	1.11304367008518	3.4321062283985	3.04900685889324	2.39736762386892	2.71115787134404	2.18279398168883	2.36109737828446	1.94459423979733	2.04865470184035	2.37296602347243	1.94067982633358	3.17448072467928	2.82912701686587	2.13804771059566	1.99108914274247	1.79767501255785	2.30762815705703	1.69995355898514	2.48084673667266	2.82200198947552	1.4312217839103	1.10025107288682	2.23812037617356
"LY86"	2.91792625437307	4.07464243793449	3.59604659790603	1.79359836753244	4.01413655097114	2.08667848088263	2.14848675091806	2.75095373882044	1.71603609587357	2.79014437069717	4.35454031631403	3.44235104011489	4.31731130497619	4.19302655271551	4.52492246576037	4.71526191605375	5.27570549751475	4.16690821984245	3.86606228532002	3.55758163972931	1.89398924877047	3.80771039953743	3.2025713083089	3.11429705421168	2.7399992753968	2.56752597794367	6.51272466318197
"LILRA1"	0.278410651292817	1.01919020953345	0.926790785460349	0.0876479016950205	1.0984903027988	0.114783913575446	0.46154060807396	0.380235168765521	0.31306818906504	0.481119110184551	1.10862146953067	0.328321780571648	0.813646584696369	0.542550769517443	0.851542377724981	1.52345406352401	0.886146643526245	0.653084788126311	1.17084482698852	0.806089742213321	0.337627182202098	0.8628314311518	0.325273573763298	0.114767592089955	0.302607999750548	0.159683431168204	0.804909337210799
"CEACAM4"	0.344828496997441	0.536221039036388	0.34991665768245	0.0163559658699441	0.562546747342225	0.0320121623160274	0.395189509753178	0.664993837091242	0.163025656853942	0.275141176134152	1.07113452783578	0.40197608224632	0.819963231459866	0.156035023754713	1.3423129486415	0.721636892383202	0.753791064861096	0.818836657304801	0.51101962592489	0.298167363847373	1.48496560628848	0.300878005598221	0	0.907992009361398	0.0777051343136079	0.395348019010596	1.08854869701024
"CCL13"	5.53200051679453	0.545485084143125	0.59815364536142	0.873073750695388	1.13224648197025	0.326667921088307	3.34951602229088	3.65312882444817	0.710690297238992	1.54196328882488	2.63001165891678	3.71890407612679	0.578071145077454	0.641612613475937	2.93606781461157	2.31132581932577	2.13080734612751	1.14602431237143	1.44548040729291	0.280173008730071	0.991580074226588	1.99827494850246	0.862183161002502	1.51927014709713	1.06631655850494	0.449906787743178	0.521504084105841
"ADGRE1"	0	0	0	0	0	0	0	0	0	0	0	0	0	0	0	0	0	0	0	0	0	0	0	0	0	0	0
"SRGN"	6.08313676293869	7.33545288501239	6.29896067803621	6.2613681455919	7.13058085854061	5.26288035985808	6.89587817867424	6.26469030025608	5.37688594172952	6.00049020760052	8.47627636568869	7.69049392174717	6.54322751842687	5.39171789278531	7.8432395740965	7.75772001623973	7.06496905210714	5.91704023637502	7.24986720322664	7.08536622829996	4.93865747560015	7.13891683634224	4.66498337325674	4.70548586430495	5.56085860551511	4.55807166895887	7.97915649604846
"NCF4"	3.25283495098321	2.47744549348809	2.43462422477788	0.698739443808532	2.79684171250419	1.9536004939349	2.80209496554693	3.37093425652483	1.73913953954472	1.86385125193471	3.90301416070289	3.27786352607743	3.9203075936842	3.37376234188371	4.89016941176254	4.41572486985975	4.51367075541114	4.47931788094114	3.18826323213033	2.4731569747416	3.49728662080255	3.27805613662825	2.88542793998838	3.89231330287487	2.68414547237453	2.51625473555042	5.57678815941885
"CRLF2"	0	0	0	0	0	0	0	0	0	0	0	0	0	0	0	0	0	0	0	0	0	0	0	0	0	0	0
"KRT38"	0	0	0	0	0	0	0	0	0	0	0	0	0	0	0	0	0	0	0	0	0.0366458203113864	0	0.0471752613256832	0	0	0	0
"OVOS2"	0	0	0	0	0	0	0	0	0	0	0	0	0	0	0	0	0	0	0	0	0	0	0	0	0	0	0
"KRT36"	0.0101621757959604	0.0895887910025119	0.0485110947178879	0.101144977193721	0.0493316039978837	0	0	0.0295191086517903	0.0788284765949631	0	0.0374092832640527	0.0456112753650264	0.197023678570252	0.107242339144664	0.34502160073248	0.148460653720217	0.18587859414268	0.095309751609116	0.0148782108600536	0.0330040613691957	0.207788549138652	0.0658309120080288	0.170167353852149	0	0.159361803951628	0.0779629360555443	0.454270665659499
"LECT1"	0	0.062838735541898	0	0.0148210939980325	0	0.0252752722393261	0	0	0.0134905595778494	0.0209297639030447	0	0.0119810355037136	0	0	0.0308595916171578	0.0630309864912085	0.0195445791689252	0.0300630529623282	0.0155680753248246	0.0345827528175256	0	0	0	0	0	0	0
"KRT84"	0.00892204135636544	0	0	0	0	0.0179512603088817	0	0.034377093730646	0.00877987302906067	0.0285470872803546	0.0201285048548857	0	0	0	0	0	0	0	0	0.0137348006940842	0.419696365891765	0	0	0	0	0	0
"STRA8"	0	0	0	0	0	0	0	0	0	0.0999956083517092	0	0	0	0	0	0.0262368203976739	0.210331504643186	0	0	0	0.545972815761237	0	0	0	1.03319391421362	0	0
"IL1R2"	1.11636475669178	1.33447674571807	0.67122859696436	1.22989550083389	0.753855659733852	0.408836834847743	1.13139324865403	2.31404970531463	1.13622092250747	0.25890600348644	0.557174789024418	1.27963769371498	0.359982691543828	1.42675049208932	2.53093345364836	0.47025103088725	1.98207360611587	0.819093034327375	0.832785528887742	0.380064458843981	6.6995585728112	1.05764989617265	0.934639535864439	0.625614637481217	0.287833957839614	0.381131618480033	1.75218767214022
"CHRNA6"	0.637445171882253	0.941081890120563	0.0255142665273603	0.547209935854347	0.112987842496687	0.404188135376359	0.271693990027793	4.0556468597967	0.0905865410497316	0.064438595869877	0.879185439766893	0.012983058974135	0.0718798920890035	0.0746212035429814	0.222455898521759	0.578279872792447	1.27592483417018	0.0153369200407925	0.0992003907383783	0.0932278583165822	0.312700020843837	0.0733855088009394	0.438454679879881	0.0467748915142869	0.685504247455055	0.0499500767665002	0.43722773891291
"TCHHL1"	0	0	0	0.00385694880643435	0	0	0.0127917644827145	0	0	0	0	0	0.00657538251626739	0	0	0	0.00556963008130043	0	0.00417440902587353	0	0.0936150705431355	0	0	0	0	0	0
"KRT2"	0.0140751115362267	0	0.0231879894684352	0.0293552774954454	0	0	0.0222260401894033	0.0574927639093731	0.00696424971993078	0.0314195468424935	0.0221876824175467	0.00647108665035774	0.0132473492374471	0	0	0.022461562964685	0.022548134199943	0.68232743397284	0.164187712246634	0.0755895848367028	5.61592090507112	0	0	0.0957923947062463	0	0	0.278240542711392
"AKR1B15"	0.0423089068371129	0	0	0	0.0122288940077824	0	0	0	0.0107414618387525	0.0177972252604464	0	0	0.0592432636434542	0.065928564339395	0	0.0534483662730453	0	0	0.0125007383080958	0.0140219347752309	3.40629175588013	0	0	0	0	0	0
"AWAT2"	0.0228083137642146	0	0	0	0.0127759633401863	0	0	0.035088394555266	0.0345225371818496	0	0.0275027196605639	0.820530681784014	0	0.0318490373987407	0	0.0143494364803637	0	0	0.0120688101814189	0.0136429114337812	0.106066453823549	0.0168852174877394	0	0	0	0	0
"KRTAP29.1"	0	0	0	0	0	0	0	0	0	0	0	0	0	0	0	0	0	0	0	0	0	0	0	0	0	0	0
"SPINK9"	0	0	0.248776479463845	0	0	0	0	0.447306235570972	0	0	0.107288813551743	0	0.308697538544212	0	0.154977171332189	0	0	0	0	0	0	0	0	0	0	0	0
"CIT"	1.38686611539981	1.36856443005606	1.73659838154851	3.43544857928151	2.77786784141668	2.36165889007815	1.80696534180086	1.61405724506523	2.22602446758127	3.48073689409409	1.69667269963057	3.23089775032351	1.90916249320752	2.79530772204626	0.771606306560933	1.90563971778103	2.79412885846565	1.52657967570107	2.4581312957352	2.05361879774503	1.28494640319876	1.68545356317583	3.03239182198952	1.81548115877718	2.06316811537147	1.69795614618607	1.33710020764164
"NFE2L2"	6.31687794870377	6.08965492015399	5.967527161245	5.63013896068314	5.74274462134431	6.00724596793199	5.7004896567205	5.43800501585418	6.79596171093154	6.05154829466832	6.16724651763939	4.75854303775903	5.19702399320339	5.15620445481439	5.69817957606169	5.87262809772091	5.06273479610892	4.01626898659097	5.43690971693518	5.44200460949608	6.29603885497098	5.07689681315226	4.39789877334209	5.70905071809097	5.64121652985509	4.77356914821121	4.88208053317037
"BORCS8.MEF2B"	0	0	0	0	0	0	0	0	0	0	0	0	0	0	0	0	0	0	0	0	0	0	0	0	0	0	0
"VANGL1"	3.22753084716541	2.5600032124001	1.88164895904495	3.87488547208199	4.19586331686153	2.11256002608114	2.40237155498267	2.5232344898469	2.23201293337727	3.94407599316946	2.24836632971841	2.53747002499688	2.67174739892103	2.19078392847281	2.9155514943582	2.42837290354195	2.27862266415488	1.69974705826979	2.66092063279657	2.88880071206265	2.7512291088217	2.31902102281936	1.70232952013332	1.48846873503193	2.82137551993883	3.07122722164576	1.14627723081595
"KATNBL1"	2.83648669642362	2.94937898279442	2.95565316194252	2.68277103638695	4.30118521610318	2.63537364596932	2.11330210299409	2.29973553611915	2.32184441614828	2.17007727788218	2.98666122340512	2.91069621037091	2.94456425591649	2.57979321152549	2.45707942076887	2.83627157238238	2.30827349297707	1.34229303415467	2.43346426219596	2.67263805308784	3.52770844426103	2.17074870541924	1.50374561254204	2.08489425615814	2.73978546936942	1.53030551075005	2.45142741743241
"KCNJ2"	0.474914136633396	0.963333916797915	0.946766038267541	0.211229671939176	0.933858505263345	1.04148130866508	0.358063120740663	0.341241728026729	0.861677911378314	0.426226640208712	1.03887931737599	1.01989544673913	0.736550326773594	2.64286789377954	1.16503399888637	1.60983768314038	1.35844690168946	0.577126661307052	0.724137707475467	0.905778714997592	2.19730398949418	0.828388268849129	1.06420686095324	1.55006828988868	0.555801433608562	0.298659488486836	1.61837023090203
"KRTAP4.1"	0	0	0	0	0	0	0	0	0	0	0	0	0	0	0	0	0	0	0	0	0	0	0	0	0	0	0
"SLAMF1"	1.31528798186519	6.06864394258414	0.575478860369152	0.0830658738679691	0.173891123944443	0.295226957751092	6.02217692074835	1.22949871282649	0.0328308244060881	0.198674557817417	1.11957530394806	0.475351082329335	0.827481272527053	0.656624502725806	3.09639680418716	2.35244780940933	1.08410985867543	0.768543868401084	0.923694201305731	1.03848534764056	1.93698273135554	6.03352651945238	0.311215942912196	0.388267801583622	0.385785523865554	0.485972886938071	4.16304781962383
"HLA.DOB"	0	0	0	0	0	0	0	0	0	0	0	0	0	0	0	0	0	0	0	0	0	0	0	0	0	0	0
"LTB"	1.4758682923341	1.05178622975583	0.818409260996751	0.0512691428740076	0.300021194374637	0.265370280888238	0.721188017697441	1.56885904532345	0	0.211253349562584	1.14462724749593	0.386424704896995	1.14098801130071	2.12556679873206	2.87277262628087	1.4165479313834	0.920098894915018	2.77897493599828	0.743629138293006	0.340603284847295	2.31084904622462	1.28836742211553	0.4415928992838	1.10528919503914	0.416539284245089	0.976859236415964	5.67921546385257
"RP11.330H6.5"	0	0	0	0	0	0	0	0	0	0	0	0	0	0	0	0	0	0	0	0	0	0	0	0	0	0	0
"WDFY4"	1.25226426015529	1.23669465807476	0.782523053333973	0.204581472930625	1.09921776471933	0.273579742836866	0.393009750253083	0.61174415009658	0.378516617189459	0.434081601190562	1.66374537558121	0.739647666471407	0.939974252986689	1.0658273283105	1.66415057264789	1.95906718008923	1.4165965705707	0.85812665022565	1.59893683382253	1.20004288340286	0.539155832637776	1.30197387430198	0.500457396397712	0.373725041673097	0.405817047966809	0.459233300016012	5.01017560606381
"ITK"	1.62872927567567	0.808911368419307	1.05057134911675	0.186850413139379	2.33444242049037	0.214279638020459	0.444353265095806	1.05298270490238	0.111208165273922	0.270155736929677	1.62263053898209	0.732131111020059	1.59674913004372	1.09398940534578	3.06909289627184	1.90728680143664	1.52692015125163	1.15062141220442	1.0229593298871	0.60245973079022	1.40892376677155	1.75316592797185	2.53534381551693	0.415608332895023	0.763997032618155	0.748376214541236	2.89926845505718
"CLECL1"	0.620808779476032	1.52031915029513	1.16006180030591	0.10819523384389	1.24967287756465	0.380533862531529	0.579959224813126	0.512793232285356	0.223278582176029	0.0943765483921325	2.22456667539837	0.314113181954539	2.22932489145936	1.71568694279086	2.83850406884413	2.51952429221895	1.44132677186841	0.883614560683856	1.65067036735316	1.37314982827599	0.560500245914259	1.06881868362706	0.150585670846441	0.212188304992546	0.616373695483128	0.423958895424826	3.50048340147311
"ADORA2A"	1.4504326709319	1.54324097653503	1.24722877613689	0.467741694946834	0.195611543268661	1.40770624290119	1.19018688675107	1.51364738698346	0.774880232294087	0.617147998326171	1.80614461167937	1.24013722573904	1.49853682475173	1.59210297290682	3.77082904603249	2.40237291943522	1.86407320135985	2.07756944866947	1.4277697404562	0.778012979117794	1.88751942196605	2.33093551653885	1.31260128468222	2.01968056737896	1.28755503641931	1.43761127006666	4.079395179282
"SP140"	1.52235460523433	1.26360235519845	1.11846604686553	0.463061067082489	1.31183730304816	0.358802455088745	1.12294301248131	1.65552127807846	1.16061045295805	1.31118629228746	2.25370644608698	1.67682929987136	1.53378010994104	0.944357350152603	3.09540208672239	2.3849505190222	1.94831115813712	2.00592271277995	1.30091442695677	0.934037473733397	0.885101848299084	1.86013646195821	2.42725484180891	0.922819710051338	1.18670972058494	1.79327997931562	5.53482733274648
"SIT1"	1.9608211965407	1.87339587832263	1.40805421172339	0.138499295370646	0.287829230807131	0.901350796247738	1.4577413641381	2.26554641429018	0.106621487681921	0.583798738366584	2.67568949226361	1.03495166837256	2.31974942384963	2.91435977638041	5.16314445562995	2.85671484790038	2.25427203094254	3.19633556906209	2.42762762533676	1.22569755662766	2.38624810287351	2.73752128539756	1.23619256784126	1.66305764595634	1.19257294138692	2.10820661068628	5.85833416344116
"ICOS"	1.40411291037582	1.06347049856006	0.765704889480145	1.74808762966771	0.088611855088071	0.541532185397772	0.598954931692491	1.01862135645588	0.104405639119245	0.157269477488134	1.90005722291489	0.717646376316173	0.926266292453713	0.44344009544891	3.00717396848171	1.59826038219297	1.57619317078525	0.889779960999606	1.07475887904151	0.720552967126202	1.97868803925104	2.08743228973775	0.320131109424527	0.287279607699125	0.596924650021508	0.266324804400069	2.84876613879972
"FUT7"	0.516024731309513	0.299507847958187	0.361088953943647	0.0167837605483177	0.280664183038168	0.0932798577575394	0.13606608035269	0.828685194358904	0.107729241599816	0.163386661440288	0.959154003999919	0.116496177029891	0.28327499187966	0.650918009600304	1.05747869256303	0.647782820076605	0.647810444268122	0.55010376180455	0.486788500684134	0.290578338173395	1.85593390139371	0.356005733194133	0.335771354533289	0.428442586136698	0.376517106498211	0.129232497002083	3.73520804282731
"TIGIT"	2.131790301929	1.57437282068645	1.65479754405284	0.0478960518311308	0.117971122819186	0.591559267123436	1.04988513355529	1.76169589359749	0.0580117135559342	0.160350223971407	2.86794389428282	0.960331918059592	1.82095091687759	1.19904723786325	4.77349530234493	2.8416883748622	2.45680352136826	2.7402853803545	2.3244909289851	1.37035681306554	1.3175066798419	3.05948161174173	1.30992703184903	0.935032722316496	1.51331387195665	1.6071574759294	4.60537580326534
"CTLA4"	1.75910468860865	1.41502036717351	0.953283866332174	1.11648586346156	5.4931861716631	2.48150303332191	0.409734154890837	1.15523111629928	5.90661886245348	3.39014281114704	2.30351629072239	1.02596783571111	2.50731641058843	3.41057922734263	3.08105238936711	1.478720767195	1.95272121527773	1.72585892272098	1.38706194805631	1.00010459159906	2.66100389309148	2.15303839658285	2.18734019504492	1.58474127052014	1.02484445804195	1.03430024577401	3.0944455326077
"FDCSP"	4.29494784520603	0.640109092315007	1.2827096363975	0.0637322366639569	0.96954654008709	0.265129000236261	2.97004835426884	3.00142485918367	1.62641810940988	0	9.86794741443751	0.177021608254695	1.46814535936063	1.55285903665576	5.04023053232272	3.9179138462402	4.63375668098196	1.64292794977043	3.154648012873	2.42496910264615	2.05581862789943	0.323486517667506	0.301853335543968	0.481820739004394	1.55223441775463	1.46768640394613	10.8728595334183
"TLR9"	0.437427507444888	0.154526827361766	0.227646207204943	0.0703250921821765	0.167264785470564	0.115876167311539	0.462204697049157	0.367301725150771	0.44872232070081	0.212350817033805	0.620310043371622	0.155443566520377	0.402186250337904	0.724225476287306	1.03365275720604	0.91682552425629	0.209376627808648	0.444964373427619	0.346580818033361	0.262521556828403	0.0685941858757809	0.235983720327805	0.453885218772881	0.816793827597714	0.0871223929457518	0.588101273635938	3.62322307589651
"CD69"	2.21072237898092	3.94980103668565	1.34799723964655	0.105311592172354	0.509971941516371	0.529429179778367	0.881240948967259	2.15502381763653	0.642039327949281	0.787451271253163	2.87386535487684	1.74034691249758	2.16409919352395	0.994160430956047	3.92896717679879	3.11853000176516	1.92628603080973	1.65572733844785	1.61198204543582	1.19074126825662	2.45946047224958	2.38628259715507	0.590709316413241	0.809711596461648	1.13188576278912	0.701475423280217	6.42771845996379
"CD52"	6.54645464088866	5.84831371364758	5.81675712474728	3.37322571055077	3.12980311779573	4.53734887795821	5.43077032774686	6.41394351048837	4.59173924876741	5.32810401870778	6.32768646608374	4.55206653605883	6.41452288384594	6.69859077443533	8.77919897196518	7.51248369751184	7.25366787540769	6.57306469065786	5.2038452126807	3.87169089607089	5.94000108950555	6.22934854316392	5.51165778850881	4.59795420739629	4.41506905788769	5.40576777174118	10.3627438310194
"PLCG2"	1.84115193745773	1.58824090416763	0.944944255506046	0.395891425464273	1.06830622187284	0.346967665242632	1.07275752497175	1.29181570346744	2.12295592966026	2.05001752541891	1.63050099560773	0.87021911101306	1.28143119699561	1.3163456199283	2.42872664188852	2.69682623949343	1.23009539143582	0.966604702449756	1.15644515868279	0.861403978622605	1.60380079298565	0.973740937763747	1.23100223932731	0.731596870729084	1.53007074222508	1.10264469525888	4.8285198822243
"MAP4K1"	1.55915649142211	1.2334647584632	1.44718243391883	0.255272905304577	0.501395322233341	0.725133417271283	2.32052655744606	1.81532949397419	0.519521776150043	0.395470865417601	2.59163633648043	1.16627517908591	1.96462781859126	2.62977275571836	4.33443598441926	2.50787454109603	1.76438862163249	2.68514740123874	2.13918295769767	1.45436543190788	1.85308344787737	2.26750733339979	1.27009233025582	1.07923131657764	1.39863494069324	1.74546969382583	5.57420143942335
"IKZF3"	1.21722761364735	0.987373988148187	1.02133402917513	0.0177140024431487	0.605384337792965	0.200348035229155	0.522293332227638	1.02586722807773	0.0225453929754992	0.15378458705733	1.83600691570878	0.754041300419943	1.14926586997117	0.823172574549523	3.85528212501032	2.44082200420496	1.43955399291205	1.88710214812683	1.91733054358427	0.888072221412051	0.909996546189235	1.79053017853689	1.30425402060982	0.716487015119621	1.2296863548652	1.69843631095241	5.35723528069911
"CSF2RB"	2.56914228507484	2.029818593104	2.00682939800561	0.476774130195502	2.08780056208707	0.749246343513365	2.00743951873362	2.24481400942399	1.16899496492755	1.44038882589335	2.95630947371938	2.71253525421382	2.05789384354275	1.47576455393944	3.6119926648488	3.67233481708969	2.9549472471103	1.33908891411386	2.18682538100811	1.75362806759083	3.96420915628705	2.57035363180701	0.868167586131304	1.38535372323457	1.10563114931862	0.667790417887822	5.408226126277
"KCNN3"	0.528694330257196	0.104629329464849	0.746535496185714	0.220571415816198	0.404034410540973	0.187653745567698	0.0566643308978867	0.125370403391586	0.790069282583593	0.17594992185241	0.479139484326119	0.155846358787351	0.169013571534651	0.320081995821588	0.614392769678645	1.38786982145611	0.566390439999066	0.515326928318968	0.117935759855778	0.0986495001244248	0.114400476430718	0.223736386923831	0.691704776968538	0.346365795044228	0.464417341697848	0.323175198388859	0.49909529914581
"MEF2B"	1.12660288701843	0.29127997616619	0.0710876842984955	0.62611247823415	0.000607768831464192	0.344643888380186	1.1348419208181	1.29737339306918	0.157812338893538	0.285530649996321	0.00997400567109197	0.464839184878028	1.28754617150697	0.662312159419976	2.55255044969853	2.54634752080077	0.169184869366798	1.21472787506027	1.74089950464489	1.59526971679401	0.424677910890303	0.712426740827826	0.744915406314591	2.16536529910444	0.461968530081477	2.56620872941962	5.21763399394859
"CST7"	2.89896965462216	2.8297034567466	2.25909769564036	0.450630091630963	7.11072341275487	5.2752529404711	2.43624714026882	3.30330951259071	2.04242546536971	4.47801724034487	4.08372396639301	2.16510316006944	4.77289912228931	3.94744641657907	6.28811950834648	3.71093313738954	3.7061492460905	5.23470823711978	3.20687136178923	2.11190935253964	2.94648384062131	3.6768428367283	3.12580812339673	5.45218027729667	2.74260559190287	3.78814277096489	5.04471322569492
"PTPN7"	1.80678597584186	1.50274557784155	1.40694748864322	0.162052736590942	0.778620295616181	0.721772052428408	1.52875383200143	2.19027508369121	0.703262860755889	1.35533488528717	2.7939967740599	1.4575916654294	1.88670621136873	2.07304556197354	4.57928274578288	2.73509212076373	2.07056621893843	2.4433719292369	2.19652993464215	1.60158480430272	2.29657046911713	2.53758681353647	1.3368831957518	1.11507986668633	1.04744067026017	1.59459632011842	4.96024294050529
"IL7R"	2.66791596185146	2.09577086182808	1.59415199277468	0.380673490352614	1.65269987180408	0.473758862545228	1.38406362564699	1.85260016774033	0.876168791454833	2.0387048182082	3.22024017063477	2.30134620177408	1.16926762395411	1.43775773075593	2.54199053816093	3.27197315684375	1.55185311976875	1.81240375395314	1.18827114584678	0.782600212556203	2.89751441478844	2.46506678259823	2.75087658293479	2.64314043551271	0.915556848172587	1.91937059516713	4.53567974119837
"HEMGN"	0.015675754350696	0.0649751893879255	0.0449036766849917	0	0.0386477239583589	0	0.0181089119007199	0	0	0	0.00928689745174534	0.0115179660883114	0	0.0883967263950934	0	0.0404528588265203	0.104427513190469	0.0414104457120286	0.00760341779070504	0.00852862454401783	0.0173938918653073	0.0334163761379882	0.165837350879583	0.0670766721840839	0	0	0.299147341479887
"DCANP1"	0	0	0	0	0	0	0	0	0	0	0	0	0	0	0	0	0	0	0	0	0	0	0	0	0	0	0
"HLA.DQA1"	0	0	0	0	0	0	0	0	0	0	0	0	0	0	0	0	0	0	0	0	0	0	0	0	0	0	0
"CLEC4C"	0.2668560881613	0.202142478320096	0.280779379886249	0	0	0	0	0.216325102122063	0.0170224546292957	0.0249264197714013	0.746532486553276	0.0784666510380017	0.135533228095439	0.053092981090227	0.148325930003166	0.508812474983736	0.0649494678006342	0.133623428562287	0.284485113224543	0.161948548316115	0	0.460100873881058	0	0	0.0711489472640519	0	1.91806941741782
"IL12B"	0.234625167519242	0.364337099737272	0.0110307671095264	0	0.0188679344604742	0.0123336756335963	0	0.0991785719543062	0.0478225723931439	0	0.0862302193206388	0.0393727864828082	0.126237250992889	0	0.253734579343834	0.157781689544818	0.0310432317472994	0.0157212782545765	0.0606733844032491	0.0296094269332966	0.21683340845756	0.182377666714783	0	0	0.0325761134891614	0	0.283924142235923
"EBI3"	1.31346354588161	2.56593709519504	1.63495563907805	0.0783382108569863	2.07216412466578	0.0877734794523349	1.01538837831179	2.52005005434848	2.26770507634037	1.00166318966933	1.62189011137621	2.02610598264928	2.8876900015135	1.59713543655463	4.16627357203004	3.45509110866792	1.74481123846316	4.31849400353202	3.32910636997928	2.6318365058654	3.09336072702621	3.55800429980864	0.871330336178886	1.03298241669943	1.69063163995702	2.21075977767244	4.29691987668713
"GIMAP5"	3.68452141750494	3.16526720357027	3.25609279641495	1.18844840171935	2.59708059686857	1.96121768690855	3.12433475285418	3.77107211702665	1.58640927906635	2.16854416257991	4.05054958333109	3.67783519353921	4.05858924828031	2.22629272594931	5.53526604379251	4.55825538701699	3.98199417655776	5.12610559140394	3.80524085614289	2.43822763603044	2.80298518905921	4.29143779769938	2.93142966503721	2.54090264212846	3.00301928451329	3.24413203380403	4.8450082358058
"GPR183"	2.54239797820794	3.11404296525057	1.81881375698107	0.770737302507757	2.15561486411334	1.10837725255707	2.17003880956205	2.0894150985696	1.26747886816922	1.94493338905791	4.54969073090972	1.3900485474166	1.91326474726973	1.78915957167576	2.640977162172	4.00855411707405	2.3756122239921	1.89317967790644	2.24794118101607	2.01411601430431	2.7568396967052	2.56690037398574	1.18119798497591	1.80519338301168	1.1952026915432	1.09143580947883	5.73841657614816
"GCSAM"	0.443965689348189	0.394015231130471	0.506861374471909	0.092384651336118	0.152903775289442	0.406909948503593	0.206690104559676	0.340769045243928	0.144681407332364	0.0942960063291202	0.578016542335623	0.326922130547592	0.301317811060436	0.225944288731956	1.09881366449446	0.77477904899825	0.281517846308854	0.404533683896402	0.462046558478055	0.51373429035767	1.18020197712425	0.74488312369384	0.27362211111419	0.0882896589125873	0.304906998496004	0.165033355510958	3.44381481947251
"PLEK"	3.9226450526059	4.23351230941271	3.73132989362918	1.24922687229926	3.14677983978441	2.1509430445869	3.9579610166456	3.61683404650427	2.3804302410877	2.75562789559973	4.47647566059866	3.99547547373918	3.62974128747047	2.57077256718617	5.5724501250394	5.32110552425915	4.27374339088849	4.02563126857068	4.18313314191025	3.56857331799285	2.66146230892088	4.60567507425061	2.60613423079851	1.97692080804241	2.78565516687587	2.09266074664633	6.40570311115709
"AMICA1"	2.9606794340551	2.98186452351656	3.10853282020344	0.453472802955716	1.99054830791249	1.2132135054251	1.39435499222641	3.06261738043315	0.832662809771635	1.80169258213149	3.14698914065837	2.01820151438372	2.65073009942891	2.19525939592923	5.01459854870478	3.50500802489356	3.87654641407766	3.28921329403423	2.59071817763724	1.93055001155386	3.20264809554474	3.66226247700561	1.26559291952162	2.36901692372225	1.91115466521527	1.7881553026449	4.25418584650111
"IL10RA"	3.26597540568222	3.33902475907274	2.7561202124632	0.823722054804748	2.66773774519594	1.38311257979125	2.93338756865028	3.33950870280108	1.39917656374326	2.02848782150743	4.47348171881866	3.0966312517564	3.87527385169035	2.94956388000574	5.10281137808169	4.86265223382194	3.92424243739629	3.56808684342661	3.85002927361382	3.15323300757106	2.56205554876072	4.16336991447478	2.51691024818458	2.93878260325451	2.47783790586818	2.69554178691182	5.08347294488805
"LPXN"	5.50841439031794	3.37204246771186	2.61233834304913	5.37057756602461	3.14184556108804	4.37760271657106	3.85027436578394	4.73563589877476	2.58224406777812	6.16852470752867	4.9029201301539	6.05684360619195	3.37962442740282	3.82882957312189	4.90719112577123	4.57407425288784	5.01483506998917	3.35930117920716	3.66007863548347	3.30213111543148	3.34892144471579	3.615157304607	2.72862801821391	2.98530004207748	3.20262615675153	3.11079919347279	6.36397001637739
"TREML1"	0.376873234420674	0.370009119693358	1.11842883543744	0.272047084433193	0.609881168832854	0.156199713151666	0.42236703589874	0.563799999093636	0.0443185726219805	0.201917981388088	0.514115188737859	0.181843209157848	0.392021158979573	0.349962502183657	0.826800244207584	0.404841555673019	0.90878447618562	0.187320556279842	0.642205264064948	0.657971946922393	1.92108970720354	0.431303632832105	0.250477765258882	0.384157037613808	0	0	1.90047076703757
"SEPT6"	0	0	0	0	0	0	0	0	0	0	0	0	0	0	0	0	0	0	0	0	0	0	0	0	0	0	0
"RCSD1"	2.7573966769193	2.83937412945474	2.39794667669588	0.707227916796547	2.60292359249605	1.0293956362502	1.88623016324541	2.21731758556473	1.59751210501875	1.65537701830606	3.50796585098904	2.14302110439376	2.67566239677001	1.53988835107996	4.10908887919698	4.04973966269698	3.58501660077082	2.96340938620649	3.2090493544533	2.62499338113882	1.85864547676032	3.3700742837002	1.70398660386343	1.81230106065307	2.16033938007825	1.75975239376897	6.0559569817778
"XCR1"	0.820169157162474	0.452162086716552	0.191881600115769	0.0219337140327193	0.0239803860866694	0	0.0831908977795478	0.125969094255589	0	0.0353932712155863	0.713764869020405	0.0623910174829481	0.0853149202322212	0	0.38536035030769	1.17376067279771	0	0.0494747809587144	0.36463798238717	0.383214349532453	0.237921961458767	0.690990036759856	0	0.297032902197241	0	0	0.59013920978734
"STAT4"	1.24853180016107	1.21109943806377	0.990548307912495	0.103107429828362	0.555741564818401	0.319545682038339	0.893701194562004	1.39641983037833	0.945374725825884	0.405759876498874	1.92995191929266	0.545536484102245	1.01509787551803	0.301562479695338	2.89557600940792	1.90748101794706	1.19021028001327	0.858391259156834	0.989825305296505	0.680276191182159	1.03516780525651	1.51284378806234	0.287371817160166	1.29895151646805	0.697319236745136	0.594426249687748	2.48309860378182
"IGLL1"	0.376246701693403	0	0.0555781468289768	0	0	0.121567830798937	0	0	0.0238612634346467	0	0	0	0.77052631254336	0.0940387416197621	1.84386327953657	0.0321832402177988	0	0.254203991021902	0.0393363559943133	0	0.0813703082584248	0.130489429841366	0	0.226822929083018	0	0.194944343355507	0.615094197533701
"TNFRSF9"	0.843264326459201	0.734032356409637	0.752799962422761	0.00453616750787033	0.105769651262655	0.374680624977296	0.866636223559555	0.629482056231555	0.0243449013130168	0.181495699180666	2.17727680627966	0.988580718104602	0.463958244535934	0.516729759804912	2.39366331016713	1.32585265335356	1.11159892792762	0.982827147656273	0.982696839403806	0.590086499478801	0.520784291262657	1.72314130999255	0.744472856273781	0.557579679278132	0.639976707410989	0.990896062570759	3.45491942664195
"CLEC9A"	0.588369486656193	0.73368406179933	0.104558079735731	0.013586531688829	0.0149084104869462	0.0347788763816424	0.0298563952403782	0.682070288873949	0.0120213824735265	0.0548313242739128	0.602661159620769	0.0556360325159736	0.320075639821372	0.103050611947854	0.589607705854353	0.864299871598729	0.0710774666846087	0.915561819553875	0.470349959880173	0.126545268984625	0.110186687847096	0.823538646238484	0.138343976642854	0	0.0915694526138518	0.0667377148154788	1.25787356254275
"TNFRSF4"	2.26838348812102	1.12650046805161	1.40019087596823	0.608693822455382	1.62519098697122	2.82916254358861	2.35007427742307	2.67895866456036	5.40584093680193	6.67588507276367	3.00465868685745	1.84879217334006	2.35881258032634	2.39861305265924	3.61968884536202	2.53905952545234	3.29229880720711	3.22904719529326	1.63257533723513	1.24861376931406	3.88881142528085	1.85061342466705	2.74405127430539	2.6314838277413	2.20699635350813	1.61660706499769	3.95235220572009
"DOK3"	2.34377449030016	2.51020367239639	3.23186935966811	0.99257557522559	2.43681879305461	1.65524877528626	2.87217275041214	2.59703648517356	2.45374802327651	1.86415642359193	3.5129347839967	2.91023665022571	3.07188963734871	3.7308409954549	4.41054463075407	3.90312023909341	4.28530603598672	3.40165776941195	3.01291455705636	2.80006846101618	2.88373419436758	2.77755227429364	3.17286350171039	2.29173909899153	2.67381192572086	1.95720886090243	5.96902612636815
"OR5B21"	0	0	0	0	0	0	0	0	0	0.0514188101746728	0	0.0265472557823159	0	0	0	0	0.041487126141638	0	0	0	0	0	0	0	0	0	0
"PIK3CG"	1.30138571369311	1.30359957813371	0.924876336996373	0.282794430126997	1.30130376184086	0.446187931883865	0.61924959764151	1.17622701536701	0.555709666497686	2.28268739945478	1.87222989219487	1.22364496114767	1.03655748873384	0.518872483719113	2.54473018344543	2.29416195405999	1.51409195378589	0.777697864503029	1.77473224932377	1.58399075887048	0.72361316660982	1.58099685749506	0.540613555043924	0.738421116062101	0.740074423928913	0.511619840658699	3.60817053137482
"NTRK1"	0.36779206985993	0.126643323989051	0.23137034910676	0.0224425293795957	1.83636651370719	0.271225453898779	0.232673894464021	0.42554846335683	1.06353607559169	1.55806187000526	0.38426591848566	0.160823403067016	0.328220660416579	1.74230808855735	0.864195258990727	0.482913319017631	1.36557216763071	1.60181534972849	0.106123354114228	0.0949774313388148	0.122582742201394	0.19005853318404	0.533384931371019	0.942518258687309	0.43479313576706	0.113082221209069	0.0490528770286671
"PIK3R6"	0.699578283047393	0.538392645225059	0.46644492832286	0.205580188775248	0.500613419819335	0.355442016386217	0.602070095226271	0.953140057203459	0.249766915494932	0.332675857483612	1.4332399040422	1.09830501083225	0.900535686563913	1.37211074470907	1.43754735528778	1.35602827728556	1.3948406183448	0.835955190870667	0.886868890163221	0.626631638949061	0.961295860466046	1.69450582335477	2.48729339399181	0.344334260898799	0.414942999658769	0.638240693463825	1.36461165065711
"WAS"	2.66023840174443	2.71365072991888	2.55114560657765	0.493442903539788	2.47379470292568	1.78004967643529	2.648266397206	2.84441879724475	1.85300158122728	1.48125243558537	4.04285004685287	2.45017265726952	3.06825290163848	3.92301127620128	4.61523088679426	4.28110473161226	3.78476569631639	4.46344263185974	3.70665210732102	2.97961657017615	2.49826618810178	2.96055155790296	3.23147695434902	2.58857672982899	2.31905427135225	2.77459521451936	6.14776866173781
"ICAM4"	0.503700333333649	0.400891455845236	0.277223041243225	0.102186986797989	0.125749944704682	0.267884519580645	1.31650202658943	0.579994451920104	2.12783794962958	0.936075543423699	1.91413203283993	0.194239258502615	3.75369545058505	2.36946648365072	1.36104963970275	1.9169389970976	2.44263568807267	0.947552831127455	0.253004752258152	0.223633841401329	0.393792339520263	0.499510696539569	4.82887018339106	0.71502705429374	2.58473405592066	1.11553936294473	1.11631151973018
"SPATA31D3"	0	0	0	0	0	0	0	0	0.011050345560835	0.584614288298632	0	0	0	0	0	0	0.00506118232630438	0	0	0	0	0	0	0	0	0	0
"ADAM30"	0	0	0	0	0	0	0	0.00639099259020552	0	0	0	0	0	0	0	0.0252359321961187	0	0	0	0	0	0	0	0	0	0	0
"OR4D10"	0	0	0	0	0	0	0	0	0	0	0	0	0	0	0	0	0	0	0	0	0	0	0	0	0	0	0
"OR4D6"	0	0	0	0	0	0	0	0	0	0	0	0	0	0	0	0	0	0	0	0	0	0	0	0	0	0	0
"GSG1L2"	0	0	0	0	0	0	0	0	0	0	0	0	0	0	0	0	0	0	0	0	0	0	0	0	0	0	0
"TFAP2D"	0	0	0	0.0225999040151434	0	0	0	0	0	0	0.0495649737548618	0	0.0175800378251577	0	0	0	0	0	0	0	0	0.0162677383876647	0	0	0	0	0
"DEFB106A"	0	0	0	0	0	0	0	0	0	0	0	0	0	0	0	0	0	0	0	0	0	0	0	0	0	0	0
"KRTAP13.1"	0	0	0	0	0	0	0	0	0	0	0	0	0	0	0	0	0	0	0	0	0	0	0	0	0	0	0
"EIF4E1B"	0	0	0	0	0	0	0	0	0	0.0137368727794444	0	0	0	0	0	0	0	0	0	0	0	0	0	0	0	0	0
"NMS"	0	0	0	0	0	0	0	0	0	0	0	0	0	0	0	0	0	0	0	0	0	0	0	0	0	0	0
"CEACAM8"	0	0.0587264883222036	0.0758982729382005	0.0200284139945913	0.0209208768983992	0	0	0	0.00902964407336756	0	0.0222231989079434	0.00732993135046746	0.0133374054512297	0	0.0184197478016887	0	0.0227645750660913	0.0165067317951531	0	0	0	0	0	0.339190986032078	0.0368458122738762	0.100319440336688	0.0917251508857169
"PDHA2"	0	0	0.0912795382787209	0	0.0157234901945027	0	0	0	0	0.0228914562371094	0	0.0126075739006458	0	0	0	0	0	0	0	0	0	0	0	0	0	0	0
"DEC1"	0	0	0	0	0	0	0	0	0	0	0	0	0	0	0	0	0	0	0	0	0	0	0	0	0	0	0
"NOX5"	0.013113054974975	0.733688399733733	0	0.771676446507558	0.609409373577239	0	0.787579150558695	0.806933593588714	0.0538696123413732	0.0437215443082121	0.859097308589345	0.21129198064023	1.32794599149835	0.688883962502071	0.250847002024866	0.342720281822675	0.662234216520283	0.303278091411483	1.68525394847794	4.12037267812787	0.454350164432964	4.68622316691366	0.664851431440421	0.462192653992929	1.00297609349937	0.0968682243486664	0.0452601059637266
"SFTPA1"	0	0.106464842745301	0	0	0.0289944723724264	0.050199439894376	0	0	0	0.126228791300196	0	0.0258313760565119	0	0	3.21471544317829	0.0115032244168125	0	0.0394236051265996	0.0108477118414397	0	0.103097423059034	10.1342594508241	0	0	0	0	0.0984386929548974
"NAPSA"	0.356275112040939	0.319199977624376	0.0379108438823539	0.230981342131961	0.306746945831721	0.516105943135061	0.469407776435696	0.216950837262309	0.24924689998206	0.0245298973156445	0.294650153841201	0.251663958639626	0.291234586384877	0.464644744609932	1.35104310487028	0.253975958290624	0.102868658784912	0.14226429176901	0.148923955204218	0.331232265163247	0.253240806386753	6.89226958182554	0.112941484613621	0.117099492262178	0	0.194235853895735	0.806578955681384
"SFTPA2"	0	0.182439327045323	0	0.0174045823675776	0.0259542328356479	0.142268213424005	0	0	0	0.195751370426275	0	0.00815030691720698	0	0	3.61913712308579	0.040955606334454	0	0.0184807105076043	0.0202408231451425	0.0341650651453715	0.117600765784454	10.5923308893758	0.111346800639534	0	0	0	0.0465748744647179
"CHIA"	0	0	0	0	0	0	0	0.0202070361053374	0.0108408387626232	0	0	0	0	0	0	0.0176451689857486	0	0	0.0555072788149053	0	0	1.45726595141918	0	0	0	0	0.424419072201957
"C4BPA"	0.0672127285649759	8.29588599800365	0	0	0.125228744095486	0.0297333050197205	0.0229955373273474	0.277866947184109	0	0.0278953128484292	0.0108427002247024	0.0494545669620081	0	0.0261178130798131	0.191603075914861	0.104063394205766	0.168952617961662	0	0.0572428557819918	0	2.44449215199069	5.29305222919131	0	0	0	0	0.387357025936155
"SCGB3A1"	0.272084718841773	0.7131533827044	0.0685458977870634	0.140515609850698	0	1.63547348525151	0.452710339706316	0.162914451304578	0.457824873510011	0.312471755823536	0	0.217641438016198	0	0	2.30274163362152	0.1386581357108	0.526363331840524	1.81085847440518	0	0	0.193193918995064	8.76447520971946	0.909028047282909	0	0.359451451601535	0	0.709173274105565
"SCGB1A1"	0	0.145389865623369	0	0.132032891813401	0	0	0	0	0	0	0	0	0	0	1.63564992848246	0	0	0.167063706141113	0	0	0	7.96506275674463	0	0	0	0	0
"GGTLC1"	0	0	0	0	0	0	0	0	0	0	0	0	0	0	0	0	0	0	0	0	0	0.915002240407829	0	0	0	0	0
"SFTPD"	0.0467282419725485	0.368813598447827	0.0297089259746034	0.0121309717392209	0.0351346475962883	0.0253708888810157	0.323956828266637	0.695002287537249	0.397120052358256	0	0	0.0794738267697094	0.0564579113246879	0.0818120395414853	0.508840357708957	0.0696801033309107	0.281292903406673	0.138353152053522	0.0184067857727816	0	2.2479396624033	4.04173799126131	0.0998928983210946	0	0	0.0910411717867707	0
"ROS1"	0.0054835430576399	0	0	0	0.00932449603976305	0.00374596655843306	0.00579902188672364	0.0120191863111225	0.678148546250923	0.848295032724757	0.0300593793057151	0.0215240025443845	0	0	0.0600381116432385	0.0716633519080303	0.0250134103886698	0	0.054272395077938	0.00566041111552677	0.0988173692605934	2.26990538398347	0.015379528476311	0	0	0	0
"GGTLC2"	0.471642182393355	1.75861871883574	0.291859896507206	0.0998591087571277	1.14334116985062	0.614626459820737	0.722538594578218	0.46950832616299	1.83919572410213	0.290624928078536	0.312372423125137	0.494598911911023	1.17521479158182	1.16500569009702	1.13995205901075	0.505317293624252	1.5263117450652	1.01995022874078	0.423785753544075	0.284573948177947	0.917288529051066	1.90107541022365	0.78491684034069	0.840310143969889	0.461295949364313	3.09193504617656	1.47047439250682
"SUSD2"	2.1015055304408	0.905260776467215	2.60000564762533	0.262462624632208	0.615199217480888	0.840586096906506	2.31358398916489	1.98642731907746	3.55501238932227	4.38092334609686	2.006497312126	1.1175387976496	1.30693588460152	4.74748139198627	1.28485759117728	3.0105256442816	2.41745559260073	2.07551722864698	1.37977342945477	0.927388292929211	1.88530688461022	3.49390987443491	3.30831427200576	1.89291554693023	1.71800426481974	0.865373297501107	0.678196332194073
"AMY1C"	0	0	0	0	0	0	0	0	0	0	0	0	0	0	0	0	0	0	0	0	0	0	0	0	0	0	0
"RP1.179P9.3"	0	0	0	0	0	0	0	0	0	0	0	0	0	0	0	0	0	0	0	0	0	0	0	0	0	0	0
"SLC46A2"	0.142659410296254	0.177725334999919	0.245917882919098	0.0725603236251057	0.293565302571468	0.298254187063726	0.296787464112444	0.176661064113	0.274750678083077	0.189998462321114	0.527326613880327	0.123736905978606	0.362451372759207	0.130930935702933	0.237638359641639	0.453758293640681	0.515579246012742	0.113414331824113	0.251796640113461	0.405393925444787	3.20676979804334	0.860814648407161	0.29140906397185	0.239038697925955	0.162171357644594	0.112016149865738	0.189302090103512
"COL6A5"	1.24483835973482	0.00829211413886928	0.035679716318051	0.0256316228931691	0.0384210803388156	0	0.108396389955212	0.708636200846971	0.00588867495435473	0.00830365405560815	0.0413497433227322	0.0212718364231378	0.0110014812591662	0.318390890548467	0.0273237245490582	0.0453352538980428	0.00727043346930279	0	0.0550172155725625	0.0245874820901119	0.293957213903176	0.994013758173014	0.0114772042834191	0.0389024887162569	0.106307175641406	0	0.0184663958980376
"WDR49"	0.0932739073313032	0	0	0.00923715629670493	0.0096706494253676	0	0	0.214488542512447	0.032008070307485	0.0434440411012693	0.857466707060632	0.00534963806471986	0	0	0.0538808698294134	0.0200178851991024	0.0330728709309098	0	0.0370011314886844	0.0335029268313322	0	0.0718634210778782	0	0	0	0	0
"RASGRF1"	3.29363165841043	0.266054890079012	0.343020019237852	1.59611937178574	3.88662330444719	1.11560261546204	0.0891588606642014	0.553839192214794	0.0445118384709154	4.7319679281119	0.107086967145829	0.486234510262975	2.35299151785618	0.328424042611	0.393398626614487	0.385712645868344	1.66046774951637	0.160753068477163	0.850350585962583	1.08917608474983	0.209249970282982	4.48425416098935	3.53220473149871	0.0498635316246637	0.423698637038516	4.69035563161495	1.00095186464619
"IDO1"	2.17786359048001	2.35275993723165	4.30612003420913	0.0879070550364411	1.02528753477223	0.917601698866349	2.26804956369018	1.70435630798076	0.407755181088428	0.278352959371321	3.16941195199135	2.38319001394308	2.26178503211641	0.99690064964859	4.37689462152095	3.55205116130071	3.61261199537181	3.23746505736349	5.10179082611292	3.41260608837362	1.87139618599032	3.56774621360102	3.00929341957977	3.9698319970815	1.86160605868776	2.78203526123153	4.5692784148682
"CCL5"	5.24155420879597	5.17411674780705	4.78208874605989	2.06939627460692	2.59801854523616	3.81768464748361	4.67931118873496	5.46080644192427	2.26585692081078	2.44891019916062	6.29664186231138	4.69794614105387	4.94908197706724	6.28867785419	8.86867287704402	6.07207577975997	6.54635045358919	6.96552457618026	5.67255121869425	4.34307020637105	3.93153651113003	5.60236631099956	7.41866222167908	7.16711703022744	5.36199639387133	6.76717805811926	7.53602180733962
"PRF1"	2.28621729623133	1.62311301827296	2.22361870605331	0.37985048866454	1.38716399115921	1.401922580025	1.81743702528098	2.39058927608978	0.57232605863365	1.35830060427805	2.99928117848641	2.30827203656187	2.51617025360432	2.57695016666077	5.51064392183973	2.69992469507076	3.69402211899792	4.40570991767084	2.79854412035201	1.6234946715511	1.15142698243616	2.31854534034803	3.71984055506427	1.56077852946532	2.2916801697036	2.5958712097023	4.07786677838551
"CD274"	1.52683754324352	2.39027421964636	1.97683284777162	0.59322515382528	0.631253318223103	0.59514031530593	1.19111410747828	1.20795530462032	0.180653288881013	0.482903512197136	1.97797225097424	4.38906425888949	0.819427850537845	1.16610160670691	2.93558421024385	2.20268413712361	1.55567874899069	0.994948587031072	2.04431367593773	1.77121793996786	3.2238210123774	1.67540948095381	1.30914125497229	0.327791970143543	1.54626478283935	1.24938465863022	3.13888653633681
"IFNL1"	0.0275085230054186	0.0584517873701507	0	0	0	0	0	0.0734118345396096	0	0	0	0.14439792657534	0	0	0.423059621876463	0.138070653723901	0	0.0757612536891626	0	0	0.0894886593931379	0.174097647472762	0.218954714643522	0.230509230708681	0	0	0.1690450097393
"CXCR6"	2.17500235795731	1.86841416027561	1.29761697084818	0.142250565892577	0.191718660511717	1.30986302159808	1.05019031336459	1.67401086918431	0.290322951587282	0.59794205437103	2.61319215531879	1.49479959523964	1.83713793280652	1.1089726680405	4.75163242563818	2.17895042407836	2.50725931688664	2.7516929402129	2.04881858759806	1.39705815284187	2.09545019316928	2.83723483588434	1.10006937198792	1.52932622341444	1.54846128593895	1.9907552284039	2.78209608696002
"IFNL2"	0	0	0	0	0	0	0	0	0	0	0	0	0	0	0	0	0	0	0	0	0	0	0	0	0	0	0
"KLRC1"	0.661804771353717	0.444667596854684	0.0773945081429507	0	0.528404786747102	0.191586021665796	0	1.01466451080352	0.0395309922287237	0.0502171354441188	1.59250726909138	0.39784621468972	0.44294933294789	0.0477839819776752	1.02054842663646	0.652289609540697	0.576406040437956	0.0264640404379572	0.239457312445144	0.118636276910037	0.098678939262509	0.117062312082203	0.104059501541757	0.279684044045543	0.0588678357267892	0	1.01594709268543
"PDCD1LG2"	1.79361709406307	2.37267077280274	1.97762612876676	0.423082218148599	1.42345177836821	0.468908570929178	1.06081938219698	1.32191655328087	0.718444486243205	0.792019887916965	2.46009903857415	3.98040009626973	1.60577639748647	0.713840516936455	2.81045030187803	2.42678268989305	2.11502491711981	1.33525456524106	2.2799110203161	1.99036132790946	1.23141090303792	2.47178704940245	0.579664827687236	0.954630356678843	1.02503588388462	0.719781865001202	1.77163208127498
"IL2RA"	1.68366277231705	0.989994922065593	1.29490595161691	0.166350644414098	0.961300306228272	0.299503745139219	0.893767972356667	0.977936360678371	0.313289393234351	0.553925182113926	2.06317329369916	2.44017351711988	1.76633437182612	0.413353613196036	1.44974359826768	1.98326726162587	1.15351676821311	1.3078947755125	2.06246541654846	1.34540489186578	1.54543961342196	2.32027092958544	0.949725412214353	1.40575824299507	0.35461238844021	0.576496984258769	2.99478244754365
"HLA.DRB5"	0	0	0	0	0	0	0	0	0	0	0	0	0	0	0	0	0	0	0	0	0	0	0	0	0	0	0
"IL12RB1"	1.11569582464362	2.12781979460203	1.42381210256206	0.233844508773773	1.22193583916402	1.00929126943093	1.87576826987281	1.68173260393601	0.239829991040248	0.411236404941812	2.30036683847653	1.25437937629223	2.37961264518869	1.96318925606226	4.0799753767206	2.57263384014805	2.37224589576648	2.86697027274585	3.25090247031986	2.23689207862376	1.53193534907222	2.58096912946093	1.39033200807662	1.08875220401058	1.54634875565978	1.5623132595719	3.95391705206277
"IL12RB2"	2.20166208753563	0.110735395976318	0.10800342015876	4.38467497736161	3.5321236726332	3.26204070804541	0.262058814199016	2.6573919134942	1.11413044355068	0.323122152109719	0.532418206287598	0.60188189207189	3.17400525902253	1.64838490756349	3.65837716890539	0.603984949209125	2.7506418750828	2.95161390333054	5.05973597703329	4.42086636902113	0.798870885585928	3.48319020514624	1.82857471758716	0.214868347882444	2.08533287018946	2.81799360401849	0.878994436381905
"CD70"	0.832778643933205	0.928571954579957	0.305773869269383	0	0.0951712547401725	1.90438390057617	1.80393994019329	1.60402149288089	6.10869067076204	0.74140658070869	4.1421969356806	2.33341657748204	1.09203757985464	2.07441124023629	1.97728175549246	1.26305845055077	1.25105855817518	2.2023581631361	1.06989460477714	1.07909816442468	1.40100782189147	0.542825604558089	1.78010008447995	1.04552684594161	0.393189920695489	1.11090440307655	4.40913292524873
"CD80"	0.505681114103245	0.752230498094169	0.533567334931051	0.142835041877164	0.086202495633024	0.153797944274272	0.366952735278877	0.207516827570867	0.124832857611014	0.159177191125249	0.812988145038394	0.958953633244325	0.591773710776219	0.22554764626805	1.12523449803539	0.915858924082818	0.960200303482375	0.266929828795526	0.701089894146246	0.697080768135955	0.362390212190989	1.25665442776476	0.310434358097421	0.0697878047753227	0.314058408858261	0.113534753051141	1.60277516347636
"FBXO39"	0.0739080259813023	0.0966579662411922	0	0	0	0	0	0.025946581161837	0.434510272071109	0.372884139247544	0.0266995097314888	0.00997528512112682	0.0398742264083011	0	0	0.0947681133424634	0.0822584733414916	0.0256789595948051	0.0507095977201537	0	0	0.0165727671581071	0	0	0	0	0.0576138549957882
"AF165138.7"	0	0	0	0	0	0	0	0	0	0	0	0	0	0	0	0	0	0	0	0	0	0	0	0	0	0	0
"FABP12"	0	0	0	0	0	0	0	0	0	0.236156435097124	0	0	0	0	0	0	0	0	0	0	0	0	0	0	0	0	0
"KRT76"	0	0	0	0.00705609874708757	0	0	0	0	0.0590965523376096	0.403411166548433	0	0	0	0.107040218330152	0	0.00786020816096085	0	0.0169523049110847	0	0	0.122640253679523	0	0	0	0	0	0
"DYNAP"	0	0	0	0	0	0	0	0	0	0	0	0.296531999751343	0.0285038758414766	0	0	0	0	0	0	0	3.19759493929768	0	0	0	0	0	0
"CLDN17"	0	0	0	0	0	0	0	0	0	0	0.0464877075219235	0	0	0	0	0	0	0	0	0	3.98283390000407	0	0	0	0	0	0
"LYNX1"	0.52957510533778	2.47952807344331	0.70263981431066	0.0883296914108791	0.765171056510715	1.06500697870535	3.61145569658487	2.08886581626525	3.44969144239885	0.847082509230344	2.67006304675455	0.425193944789137	0.713972891245642	1.95151133144326	1.71145966481407	2.00165814604568	2.0308833863701	3.44634953879899	0.570237522677532	0.278852483017253	8.78477714519315	1.19959068794904	3.04678438884097	0.375773454687512	0.265936111777989	1.79807955506556	2.24771489008598
"KRT3"	0.0476356121052406	0	0	0.0163867764600502	0	0.0160725060976093	0	0	0.0855982179346921	0.418074959623922	0.0965120424584913	0.102291079179621	0.0357167318547894	0	0	0.0344959147311798	0.102079392136997	0	0.0112853020410732	0	1.53536372440438	0	0.554469010925041	0	0	0	0
"ANKRD35"	0.540361610312863	0.500599143867706	0.0418930299546372	0.0727761119520688	0.193190133356049	0.096984571536174	0.444511764711433	0.935891171691463	0.296133150002916	0.774601961152829	0.541465774109323	0.308181444646456	0.272120560222955	0.819386156051455	0.757565649087853	0.737749918490981	0.52552118493959	0.252996883121982	0.365336998105851	0.151077524141903	4.05809998849341	0.45954860334657	0.347060107503584	0.231939843092578	0.203924045786663	0.0779284922537262	0.538253072828694
"C12orf54"	0.0180725816109369	0.0474953236387409	0	0	0	0.0356637416390513	0	0.0928291787505912	0	0	0.023217589751391	0	0.0373143206044868	0	0	0.0477407846100688	0	0	0	0	1.17022440974217	0.0318983578202943	0	0	0	0	0.0986307045710355
"DEFB4B"	0	0.830478445909975	0	0	0	0.329380243982798	0	0	0	1.06525175367366	0	0	0	0	0.416794353040253	0	0	0	0.246279166270834	0.714349717704869	14.2392479559151	1.65757141268782	0	0	0	0	0
"SPAG17"	0.026136939917985	0.00489843917917824	0.0394634024555118	0.0189022512461302	0.0362623545302634	0.0544710005390984	0.186334473348285	0.282295083425172	0.208130158580058	0.0242945701251676	0.019378999242801	0.00865565964064666	0.166250751643386	0.0275418563999543	0.00472561186674234	0.0301173795998036	0.0341201899842825	0	0.0118028300432936	0.00795748095810873	0.11467905314086	0.0775751907890735	0.0524737677383502	0.593479986334269	0.0178616341453803	0.0253333234247176	0
"RNF225"	0	0	0	0	0	0	0	0	0	0	0	0	0	0	0	0	0	0	0	0	0	0	0	0	0	0	0
"GOLGA6L1"	0	0	0	0	0	0	0	0	0	0	0	0	0	0	0	0	0	0	0	0	0.00271394669529749	0	0	0	0	0	0
"SH3GL3"	0	0	0.13344114792227	0	0.0119770293600239	0	0.0296600253146682	0	0.174656327659197	0	0	0.00918662498116643	0.0657488982391968	0	0.0689473551601866	0.0253551540353506	0.263912979990984	0.0858329994529452	0.0123299565525692	0.0137898171234406	0.853997642603839	0.125632720736849	0.0730514592732733	0	0	0	0.161656832701885
"ADGRF2"	0	0	0	0	0	0	0	0	0	0	0	0	0	0	0	0	0	0	0	0	0	0	0	0	0	0	0
"CAV1"	7.65019730535385	6.95377740262739	4.37574843731236	5.87960407818064	4.65903401292741	6.85572813530621	5.63849673397994	7.44172830131433	7.04408259475201	7.29018016164021	6.88863367296184	7.79038759806391	5.98862334252924	6.34473797072341	6.41528375081339	7.15194504634401	5.99022085004798	5.6112727276821	6.69492893167323	6.94837307244346	5.67249888925572	5.89723921525966	5.41285602879239	4.38384250813241	5.58649455044474	6.30530481674994	4.6232581989027
"GNG11"	5.44020309075322	4.52277766952458	6.04626076414699	3.23758054354341	6.74465895477421	4.63395425233071	6.77711062740848	6.15788247754272	4.78754477888541	7.07989540013059	6.44022967327706	6.62007903213303	7.08549370441892	7.07708273806463	5.30003767293303	6.44483765464972	6.78864003846656	4.79904325760039	3.82575001748622	2.81297664841017	5.08427691053149	3.40872884180333	5.10547694467755	7.30514062328035	6.14703189293873	2.55612281784117	4.41545446805199
"KIAA0408"	0.156569160114179	0.298179918338287	2.40929870661402e-06	3.5634563110354e-07	1.23783181396202e-06	0.584372317748786	4.91950621231644e-05	0.683766061259618	0.175030279590572	0.0265158398980011	0.203628419	0.0279140906743908	0.0927584261333237	0.367716041004953	0.124698423324514	0.185454922164257	0.775582417465199	0.00856175829150253	0.0659676372033914	7.02592313982454e-07	0.154349891196152	0.528535313553898	5.29459364484744e-05	0.000693310919951087	3.62111910777662e-05	3.24602732433496e-05	7.77610531395805e-06
"DLC1"	3.25833951887563	3.60944767133049	4.8020742801901	3.64106042500118	2.21109164858378	4.03927002066138	4.81784322615523	5.08227041428118	2.74359574981711	4.1837564486512	4.68117936726462	3.41798479805056	2.88738099402354	2.4242919469136	3.45888722644598	4.64040112933527	3.18405014319019	4.85726942177404	5.26388699701794	5.44466209796266	1.70502905919737	4.80614615872053	2.88171159912662	4.08386009538357	3.84716511342213	2.75896829256602	3.41028682612724
"CLDN5"	3.68334836915629	2.62555221997228	1.11363049608964	1.24947568135652	1.79312179956759	2.52922500914744	3.33926283120816	4.38939128236584	2.29316003904151	2.00878804647434	3.03329788912285	3.36836676868945	3.42200419694631	2.62414184646086	3.3154032006256	4.28081901378835	3.61953626243574	3.45224025186	2.77849981997713	1.60046482771001	4.40220712900237	2.73325128728753	4.91554958227681	2.49169663558366	2.61996462739821	2.14021586224442	4.82666033948666
"AQP1"	6.8915528535433	3.31387417264381	2.80568351949001	3.79954325831092	4.46993805818782	5.82215907435155	5.09213342364221	6.10676287561727	6.4404140760517	6.11164274190102	10.5281512790768	4.51883094925974	3.99334376286388	4.70164608351587	4.72422187394115	6.70859421288643	5.26692330919622	5.68564446094624	4.43086063028203	3.32770532590488	5.81750814427221	4.72781156780962	4.82575510467983	4.41958608170127	4.13795429552079	3.63607933827742	4.72809465627692
"FMO2"	1.69718888472183	0.979339445678211	0.750822571359576	0.0520127318570642	0.045353848038616	0.0469792099083289	0.615448314943739	1.63930858006386	0.188881320933068	0.943884579077295	1.24952422446247	1.15038095328205	0.621807141064755	1.26771855782666	1.47185596666126	2.4665866639824	0.103961845930249	0.334445280957207	0.973780972759343	0.380109355293964	3.01393474321931	3.73649664206907	0.0957166569533491	0.0386284813527738	0.439471014963345	0.389270533276604	1.32324323315272
"S1PR1"	3.75856435677384	2.31854389426554	2.17440961457194	1.91636963262493	2.76223930700081	1.69705763102396	2.89147459927067	2.31435864896413	2.35518545230968	2.21550931459985	2.73401045492977	2.6371499848578	1.95568105661977	1.64724081853297	2.52802364090111	4.38094411929345	3.7878398889244	2.27326820828026	2.17609454066053	1.52481592835751	2.94986358726519	2.05152523854334	2.48790561668632	3.29772554046243	2.50977943729254	1.18596800601014	4.72062322596188
"CLEC1A"	1.71580772857404	0.454104283187597	0.532216204077914	0.579266089247831	0.640033180778873	0.277177207036809	2.49818192293161	1.55730224857482	0.802771006594295	0.867229903501504	1.20940969419917	1.05783493957476	0.758689919379112	0.43268152813827	0.83891385916284	2.08292224642745	1.75189642193429	1.20767424492209	0.679362539701369	0.514976638210691	1.65073928875952	0.796820328859302	1.26726611023901	3.61896686829774	0.924445026723567	0.422299750700436	3.13529024096459
"GRASP"	3.53289043195925	3.10404893089254	2.89472950161741	3.89810191232845	1.66099933100797	3.32279994055077	3.90705409178188	3.77267219258444	4.00510800559004	5.05708413644563	4.87549503385019	1.49170946087341	2.94630135586022	5.15134133076443	3.447200290582	3.94115327291128	3.87441829480929	4.70886041021564	1.57351995208398	0.979009021759614	3.33470412972632	1.88187014467919	4.00663913112359	5.19165739551264	5.69547887056055	3.31673226109812	4.61713976825158
"TDRD10"	0.620132652563104	0.280382090061447	0.112414500893399	0.0635139868192193	0.195328698263386	1.66679521469961	0.0666907420711559	0.509478978057168	0.868616446051668	0.96101908479358	0.230043730057317	0.223522021409978	0.33608053925216	0.159709003267236	0.289647994381623	0.625117560271704	0.428368079237741	0.579554775303414	0.191273324699619	0.0800453259433123	0.723340557166623	0.54050345862509	0.549072749937792	0.344518341025811	0.201013996415079	0.237711773570227	0.327696560609148
"ABC7.42404400C24.1"	0	0	0	0	0	0	0	0	0	0	0	0	0	0	0	0	0	0	0	0	0	0	0	0	0	0	0
"NDNF"	0.218043360638493	0.0753918802445404	0	0.0162168107720703	0.0784313994459855	0.123502650848788	0.182279131850187	0.536280728570352	0.269130121036885	0.021033062428642	0.171276910457202	0.0424709934889017	0.0304764208736872	0.210370160412651	0.184656076262115	0.603686395453896	0.25112038248159	0.0658772925209708	0.264384497152901	0.120083682981586	0.0640925320417225	2.47688582981427	0.0830660100654889	1.29859966823261	0	0	0
"TLL1"	0.94771290571586	0.0195797338122768	0.0474180544634039	0.0692366350821161	0.205992114072644	0.0951109494131897	0.183828845938688	0.404435042050193	0.111549387325541	0.520682224520995	0.165797869089056	0.49617802653171	0.0733663812051234	0.10395399292382	0.206004246135227	1.01438028995182	0.370690475255038	0.1025550060535	0.247426887345239	0.191411046058598	0.508672039248362	0.325872796074359	0.0502376870897033	0.50337010826905	0.102313858886408	0.0152883149120266	0.401935136846968
"MAP1LC3C"	1.017201449277	0.323488247031421	0.222954756694996	0.0589149253682715	0.0592849410572653	0.271214694904649	1.08768143541994	0.342857929886223	0.332285731423537	0.719265377098842	0.485780759285378	0.988647971420163	0.216793311655518	0.269723200230281	0.240744173148007	1.87827412223834	0.454385963774579	0.50738618871126	0.275037451083257	0.149006318795417	0.398290712906356	0.208118294160141	1.93758168278503	1.37685156924259	0.245816902034423	0.528469301472408	1.79803806874655
"GYPE"	0.485607152780237	0.0728830338778711	0.0882773096804519	0.742029500822904	0.0187598526107949	0.123920218186059	0.254740360927412	1.42643920960068	0.250604492632485	0.151366450369352	0.452941703207513	0.213848054976932	0.16248410944446	0.040303733047626	0.458487524934219	1.42693561964834	0.503809204536357	0.197459065178529	0.448278291243578	0.157317990213654	0.234921253534137	0.48371054534573	0.447866913449285	1.7852743313237	0.107237651441234	0.147334054363703	2.25714039455876
"GLDN"	0.893830864894934	0.122684777120358	0.468755856664927	0.00993809034359982	0.231743893723542	0.0709607967288636	0.132478203044123	0.812332280189626	0.403764534776795	0.359412654989262	0.595732315751948	0.158572286207827	0.178972725871619	0.0118249307478647	0.423579246616096	1.14700379872578	0.575873323465338	0.659103906372558	0.530738483540539	0.230261433338269	0.803404365413797	3.11501825642407	0.0266299706188668	0.619354785115407	0.034899142923262	0.0476803479962098	0.177940747602816
"RGCC"	4.16704073762916	2.62786944075287	3.37278149888489	2.08866741291575	2.91081803162347	3.73714051033584	4.15204952944435	3.82236305515708	3.66360079739689	2.10703164531706	3.19123652307391	3.59132635861184	4.46658796903427	2.69102712261741	4.60216585079121	4.50600522322515	5.29034698816433	4.02755661201976	2.81477496193205	2.19973358446894	4.24222901830169	3.47338820001887	3.47156467126946	4.57581452384426	3.1223828255995	1.84344524453888	3.86191567460193
"AGTR2"	0	0	0	0	0	0	0	0	0	0	0	0	0	0	0	0	0.526886107312189	0	0	0	0	1.37868917479428	0.145524863786335	0.12021549504452	0	0	0.0805905406527969
"CFH"	5.69082492610129	8.13108268655179	3.35602405029525	1.78429248382928	3.30334458658713	2.74225526452113	3.66848224954133	5.35370085518095	3.39886542889006	4.15723778162639	6.00759582064854	3.33646264229973	2.74387360455754	3.00496693457899	3.3996967954153	5.56974322560333	3.85127431040361	2.52184349864084	3.08945323540945	2.49173895860715	3.98400595710624	5.127036848008	2.11528299539919	7.53465305587746	2.43908584969038	1.01864841587568	5.11019200086616
"HIGD1B"	1.13392185352461	0.790432589328978	0.914816303468397	0.763102604923861	1.27849926634888	0.41065533691722	0.909891740053453	0.60019504737909	0.860596169715296	1.03312694335533	1.22902796227767	0.915437147435847	1.71114024641665	1.83899612586592	1.01866835407076	1.79803806874655	2.09140534198572	1.240060881277	0.479860179846826	0.217596773034403	0.935076109649673	2.47153865989197	0.934834255792704	1.14757371919983	0.737111299007365	0.76043728126595	0.267449503448106
"CXCL8"	2.03986482382004	3.21847818550904	1.17324898581345	0.0378384702516402	2.92632493735534	2.37681684872743	6.30609268538693	2.30705250112178	6.23316331034083	2.03644179150446	3.80748372836463	5.42134955055969	2.15757896068375	2.75680341084025	1.43105593198846	4.66780415333833	5.70569182171727	0.312860307516515	2.08452524108225	1.17568107751135	4.38637641742858	2.42839032450617	2.65007520892099	0.933818102136176	3.9957377597294	1.34746156712547	1.12236791523006
"CSF2"	0.472955076975994	0.215456196334382	0.0355417793387088	0	0	0	0.0893605187605413	0.0335203350162146	0.0263270610692538	0.128422419431195	0.246060825701392	0.499256062938639	0.0546899975293532	0	0.485798273321631	0.189287665763402	0.174377525987072	0	0.0363869991231366	0.0407266601963015	1.37333639405157	0.0787191256354655	0	0	0	0.179830764472493	0.292529697220417
"NRG1"	0.207025724990713	0.418437168793949	0.32785691398838	0.0641141979627431	0.453979483740019	0	0.154844739438149	0.210579631729656	0.184153318971238	0.225737653466059	1.79309474076833	3.9981503618012	0.202587606349607	0.042016348272227	0.0819566635107288	0.494478590918084	0.15025108879756	0.0303571977178322	0.0271551841392317	0.0553227696534537	2.30538252847679	0.21214098003706	2.20936290191452	0.801506351304093	0.455727272257927	0.045703666803756	0.608698552973744
"MMP1"	0.991381617239115	0.0470189390038993	0.0553289481073012	1.07929276727285	0.758896253202173	0.893793207346427	2.08923880852057	0.952548649829261	8.8678347034652	3.03063712346431	3.20747434692997	9.39260722079931	0.875158430290383	0.124256792630278	0.261121567369095	1.75242962208194	5.13324087241007	1.3874921349138	0.40650456158404	0.359282200756966	8.33338571577683	0.818654671484674	3.78573885352357	11.0225758790396	1.9149930588992	1.81302386612009	1.6663294000333
"ACTBL2"	0.0336713615851448	0.0177391550508188	0	0.0377303246338244	0.190278434436381	0	0.0221156522903128	0.0153097984381319	0.098315994255954	0.0492514354240721	0.342304982879756	0.398455996275446	0.623045574559053	0.0219247621634767	0.0154944293750012	0.0802217194103647	0.0349721570038909	0	0.0939224269642929	0.0803431010717869	0.0343881521739292	0	0	0.2333138121623	0	0	0
"CXCL2"	1.16557433290939	6.88750090068709	0.221334290609302	0.140606568968456	0.599654859299669	0.939343568592846	2.92626230679136	1.09165244865347	1.83738623391434	0.951090897000016	1.68234406590633	3.15379723102795	1.39345738836021	0.889624618473793	2.99844465800238	2.11868530900473	2.00222544314707	0.258076249421791	0.609912836936222	0.0755107253112232	2.68636381484569	1.24365080346459	0.900049491989519	1.2465297002483	0.330865836274114	1.03859772074216	2.8871411507949
"TFPI2"	0.759513373285556	1.5717763027499	3.0093122332454	0.0130522796389664	3.92338691550471	0.253680732415365	2.83863415761359	3.03987622620462	4.59061998265552	2.26111705295844	4.99659889818162	6.29066307612893	2.10803260211293	5.86928661132894	0.552051899292841	2.30739937954348	0.126264282022209	0.302805083445059	0.499508655567135	0.111262659376677	0.236047296466771	0.29205256234404	2.67793890053278	3.19942578975985	1.09537761089688	0.169931413406023	0.730942482612941
"KRT75"	0.0232652896488939	0	0	0	0	0.0174025155433158	0	0.0104065512959788	0	0.0126436845441927	0	0.426739222688253	0	0	0	0	0.0439023650888307	0	0	0	5.04924303489392	0	0.0611720397418312	0	0	0	0
"CSF3"	0.0144223553116182	0	0	0	0	0	0.615096552324822	0.0354331798767968	0.411887725850703	0	0.163765091027352	1.38577061730198	0	0	0	0.0513330492302074	0.131105300215814	0	0.0192784720111725	0	4.28767175268507	0	0.110700924113113	0.224677488474713	0	0	1.0310493032632
"B3GNT5"	1.26249028698327	0.972206650409241	1.14073939824076	2.00204717380841	2.42130140802069	1.73898611571603	1.62667041663415	2.02564012660671	4.33098497888188	3.09700814334501	2.31048409206636	5.84772888101817	0.916922568922269	1.21636483940711	1.16199406713896	2.63542124462843	2.50821692340036	0.465126615762709	1.387525220898	1.66251315062489	3.69727341468003	1.21869128709778	0.418301148591193	2.00684375675198	1.38188137163888	0.155206501141573	1.19282540355239
"DCUN1D5"	2.13537890317331	1.69214595227564	1.09992466786656	2.19593967477704	2.23728989842797	1.32373610108553	1.65377086812176	1.98145814096303	2.22537365669099	2.08235515634167	1.87717491100828	2.89021125054291	2.34064629324035	1.29406194094676	1.52429440827086	2.04936415813823	2.07260491063566	3.75453480026593	2.13661140013076	2.39478301023262	2.24250495114355	1.79075952889123	1.23440934812101	2.35660303262181	1.86406131207765	2.02773794873992	1.87772854706038
"MRGPRX3"	0.273652543897651	0.79266256378082	0.608075883424721	7.2620760479182	0.500225369584552	0.620875858760304	3.76571507197297	0.868701381818879	1.28702304523996	0.361952473730168	5.06203750041843	0.668460464627273	1.18738453966011	1.93576334187472	6.65592922044585	2.56257702959846	0.617703772428074	0.342479081647617	7.84880443945105	7.99587736235184	1.5884184217568	0.802922756913754	0.955487642429462	0.927356432110528	1.12410310997048	2.97768290582754	0.594054509117983
"ARL2.SNX15"	0	0	0	0	0	0	0	0	0	0	0	0	0	0	0	0	0	0	0	0	0	0	0	0	0	0	0
"PRKAG3"	0.119555716685082	0.0180789216685804	0	0.0639772279886784	0	0	0.0277764422659527	0.0103210389036053	0.0228750553259246	0.0128032041159099	0	0.00794765999614184	0.350093801829588	1.34435698811131	0	0	0.0415683580924656	0.0589732312945425	0.0105694691715773	0	0	0	0	0	0	0	0
"MURC"	0.238580221516571	0.181265421352882	0.841274741859697	0.254631530849745	0.517265613209016	0.73170938167342	0.552123236750416	0.158274328036323	0.28523589243115	0.162531673749448	0.583490682168049	0.402498443550115	0.785561432066919	1.7755794678222	0.911767501102149	0.341815003984332	0.506921275883553	0.391299757833876	0.399008627638278	0.420512584260774	0.0522183273976519	0.797237149000874	1.20288783347014	0.554496516240255	0.478015039262593	0.186202606550411	0.168541916236875
"SPTB"	0.277836603172161	0.310267984056677	0.877948371949218	0.107254594068814	0.483635743481617	1.70346841590888	0.324550261305685	0.290506386249994	0.147662932081227	0.094127880554568	0.0988989390641977	0.404868797798908	0.402559018672446	3.02938750804538	0.751663379428034	0.525124238574059	0.40615621875017	0.212261157481725	0.443845312898799	0.536195670236616	0.635224106306574	0.343809162606112	0.434358677002069	0.462488988699133	0.929421378101279	0.667140047885826	0.14118294631129
"KLHL30"	0.340490488533872	0.0440362166490149	1.73037258426497	0.269735765365685	0.137393940342143	0.127946280881317	2.40140246780519	0.129049132999712	0.0900274712793763	0	0.0183049087173396	0.0810211903338397	0.197912683807482	2.28977398282927	0.0480177417381666	0.441470199927999	0.826376828146442	1.33607196755598	0.135321109166649	0.00870630993773217	0.287677957589288	1.99288079711217	1.14496652860518	0	0	0.0816175035716604	0.0346435293257787
"AKAP6"	0.593926432341531	1.03971746181898	4.59175719783305	2.37330715772569	1.38121414363355	0.289303314024345	3.94172139156309	1.5260237267431	2.43734493980548	1.6141609267316	4.88914252189038	0.231867363355397	0.40772364333573	0.600910544630115	0.453167233730594	2.78418462829179	1.48851500895781	0.22026246241697	0.404395801429609	0.171156857541577	0.485623638568634	3.25898693323356	0.773551636533391	0.583398733900144	0.574952096082312	0.659264237365146	2.02053064787368
"HSPB3"	0	0.0656601251409433	0.0716418677026198	0	0	0	0.183952674982589	0	0.197376024694538	0	0	0.0775591948276176	1.61299171992684	2.6806652967403	0.0710514416556805	0	0.0436556202593946	1.14516744979639	0	0	0.419572868604365	0	0	0	0	0	0
"NT5C1A"	0	0	0	0	0.410650453000907	0.130706345292244	0.283262188460846	0.0781121146953142	0.0736936406716943	0.363293890245039	0	0	0	0.70434214142493	0	0.138195851224257	0.427717722583935	0	0	0	0	0.031558090217721	0.282416081151869	0	0.184521516986831	0	0
"MYH1"	0	0	0.00289336470046716	0	0.00474093343202428	0	0	0.0387413629602286	0	0	0.00268923636432753	0.0182976722098846	2.09345200378163	5.00867736047051	0.0230810116796378	0.00816415042921624	0.00378636462449668	0.0183098374988807	0.0167494218542393	0	0	0	0	0.0268909728193797	0	0	0
"PPP1R27"	0	0	0.0620165461087372	0	0	0	0	0	0.0549444451416249	0	0	0	1.41151031009354	6.70522042615679	0.0888010414193977	0.0308050810895581	0.0576267467509418	0	0	0.0874989590929016	0.353378626349824	0	0	0.246313221987818	0	0.208011509989982	0
"KCNA7"	0.00438340461893831	0.00911451623771281	0.0191780374293784	0.0226807861944243	0.0158619794216409	0.147231012296693	0.152412803935232	0.0317641515233748	0.122393958574859	0.0199499583931537	0.0279212083546398	0.0492804360485309	0.0951849632142605	0.459337184598564	0.0438614304802626	0.0270564999345349	0.150268508736594	0.180697966793379	0.0381331417297986	0.0423741219361797	0.413777115439165	0.409942110072211	0.483735822340314	0.600794015080386	0.157845703267121	0.269610109086757	0.418500856385481
"FABP3"	2.91682724360835	3.48599348892075	4.08333252398051	2.07686860176159	2.76826585459658	4.53716869175081	5.1455816798882	2.00117711948057	3.26859383580523	5.50013280342105	2.35411359249238	2.57262292703281	3.62476183217678	4.46204904589109	3.09769759167275	3.34857591089354	5.05894418249637	5.44614537635587	1.6099369420415	1.65839202259663	1.28303277461642	4.96775884791762	6.74817942910805	2.57947223050593	1.9430136149368	2.72963107518371	1.69390841378848
"MEF2C"	3.85353163536274	2.29472219343484	3.56713165997407	2.33090827568376	3.41262641035005	2.06078756963067	3.77806661326894	3.2075524353797	3.49756765990009	3.21205021763744	4.5593786202224	1.75673083637229	2.45638957331206	2.19738892144686	2.83781510873944	4.71921904185636	3.20132333468995	2.75678846933647	4.29255723074446	4.35985495884962	1.63875272906364	4.25056750636757	2.93545409016658	3.1018147732566	2.46514385979489	2.69369881599726	5.40426281138854
"MAP3K7CL"	2.19456146187652	2.19987646683658	2.30896803546674	0.703097597983723	2.41994737255624	0.786500597215578	2.25194475638505	2.84410741221733	3.02698237615365	1.99518961815413	3.00644076015684	2.51354127692876	1.88094994614728	0.511323813166004	1.88380065323883	3.08211071093954	3.5118424537981	0.701110748184919	1.1105216036936	0.618999276964284	2.51297522479198	1.9086284768783	1.2032136878152	2.53446755236638	0.994487765315047	1.01987267958109	2.14375584294813
"CAPN3"	6.69438574829299	7.89371107068788	7.06276393271031	8.27437815324636	7.09000652990382	5.6672350442608	7.27830076701144	4.76350187288005	2.0104146439148	7.32006491400751	2.21429580432886	1.1349930186295	6.69008180598355	7.33093031931015	7.83022045827814	4.9505990533229	6.42299569806487	6.8060468868838	5.81304362524655	6.50568454353856	3.62888438806041	5.90529312900195	8.79087953235873	2.07677455980825	7.79299846977155	9.12275553476176	5.6191253820213
"CHAT"	0	0	0	0	0.0178529419637113	0	0	0	0	0.0292660035946027	0	0	0	0	0	0	0	0	0	0	0.134445180896581	0	0	0	0	0	0
"CD1A"	0.246768639937566	0.0647578171941066	0.0504202703810727	0.0220049717728597	0.0321163635191884	0.0144339962726115	0	0.0789042865738211	0.0584287893554502	0.0706464481938595	0.556177274335023	0.0388413998345994	0.478406520135952	0.028231776705744	0.191037019812075	0.175962053788505	0.118924665347327	0.139922206276735	0.122759973561783	0.0709399201206588	4.17315542341226	0.254992452405354	0.0626772636218185	0.105315883798902	0.0389790217106764	0.0565427439108516	2.46641830239125
"CD207"	0.124826308199348	0.416684116975687	0.947671392750364	0.292848877149642	0.0455896792361132	0.0978389131710647	0.0280148103652503	0.0551810050506369	0.232079878372143	0.0153083709712363	0.10630570140953	0.0332438935967972	0.128337486351212	0.282178227948826	0.187101344176003	0.325436499372417	0.224269753173895	0.600244058843449	0.325344388214459	0.174205053596832	5.11814996836418	0.608465319949096	0.0685468608131751	0.336845500885655	0.244441398410391	0.0611647108739477	0.626069011661472
"CD1E"	1.54184685404562	1.29645740737124	0.743517122289226	0.153277310337604	0.133645127104487	0.211883156304263	0	0.597947296865069	0.0177447127916605	0.165948588550317	1.35813178113602	0.0859453466338751	0.202583218433683	0.911833064494791	0.883973822856391	0.914803677251783	0.165687520113908	0.32375857876583	0.242984735180775	0.122608980441236	2.87027889517181	0.600716482043032	0	0.207845385569113	0.298923371766798	0.253893688299047	0.825910153735671
"FCER1A"	1.39456627339478	0.764744017688795	1.47052385019363	0.369372674014742	0.302239492130543	0.0263051743290979	0.529941853046586	1.37526468277028	0.0938485511370849	0.758333028627043	2.03719418493904	0.397398293487852	0.468631275719627	1.26883259191899	0.408700449837084	1.61617887831052	0.395498833450182	0.0324481063910906	0.464180490904342	0.389038644657461	4.80345437733905	0.587918437971512	0.101838837634947	1.26802709963107	0.192831714540516	0.0965430769535797	0.444156043937059
"CD1B"	1.16466079296584	0.602109063518391	0.137072552607214	0.0167603738188595	0.0173074384263386	0.100114395565558	0	0.492604384494683	0.0152257182295388	0	0.385591726524443	0.013093740390373	0.0497749603272497	0.292260518301413	0.658850812077536	0.324345180013615	0.0418590454973851	0.331596881337776	0.0178922701058198	0.0203036293712925	1.18975499163367	0.36262698456681	0.194351858195672	0	0.0664588864452323	0.0959989320076519	0.298782640024054
"CD1C"	1.5315187049757	0.740856341004525	1.24041508546893	0.216766497073204	0.0384462257005432	0.0674757161667135	0	0.663152399045124	0.0950126186364562	0.170854951421014	1.21467193074769	0.11513807764109	0.491542723212885	0.660469575024019	1.2185177085449	1.31080252333886	0.103765977845106	0.737665564235547	0.272823468654024	0.208191976873613	0.982642814604167	0.853192862390171	0.146636976538353	0.208967914561764	0.34367501594536	0.180059997972963	4.1676630068528
"S100B"	11.2561880447466	9.53036341652702	7.3074148632427	9.55850968309741	8.61290718974262	3.86628488413048	7.91868139854796	10.2483189811856	9.57701333246546	10.413775998629	10.320010742012	1.8369400688103	8.09226558964793	8.97127050813609	8.31126241613344	9.21725253100091	6.27188783670978	5.05527375761018	5.79850161055081	5.51655258950878	5.14489272544293	8.75950541058031	3.83675227481725	1.80112139806492	8.77407541806593	8.27914159992953	7.75782333620773
"IL22RA2"	0.0195138359446836	0	0	0	0	0	0	0	0	0	0.228297225513115	0	0.0476515943534808	0.0246419443923909	0.0140583672114092	0.0233224280749935	0	0	0	0.0098863083439036	1.32886805155382	0.0597287100758738	0	0	0	0	1.49353461902216
"HLA.DQB2"	0	0	0	0	0	0	0	0	0	0	0	0	0	0	0	0	0	0	0	0	0	0	0	0	0	0	0
"GPR33"	0.0520805016107738	0.169052067201287	0.0381965788596935	0	0	0	0	0	0	0	0.0335806629708727	0	0.0364877901766919	0	0	0.0359508366447426	0.0606676437807197	0	0.0278460676525657	0.0315490567199684	0	0.0377402330492126	0	0	0	0	0.125428531262655
"CCL22"	1.32349401156283	0.52305805386756	0.0436468721496654	0.0460425012479828	0.0269003187397923	0.111589714305601	0.0685530516799704	0.224022981536747	0.0838058495202532	0.0601423147238532	0.890605837582721	0.157234935433299	0.287348174270454	0.615283510472806	0.661220119303528	0.625521127096882	0.278680642611852	0.200890619080292	0.283796160536074	0.154245922976105	5.03352872188051	0.347798865606572	0.812108799142793	0.593579420957859	0.541434549835071	0.375060567543539	3.56059268700198
"CCL17"	2.45707285234866	1.55652506056906	0.931320730608742	1.1718921369573	0.544487859142852	0.146296784519235	1.28586972426846	1.01466022648274	0.0330493942669179	0.171396312839464	0.242859165448046	0.515176525982846	0.841442624734435	0.423264051455195	1.90831719632679	1.09501971002248	0.363274263278431	1.25864555069377	1.4836016944521	1.6053544667254	5.74874298186557	1.75712141472349	0.249211092716988	0	1.96453910559871	3.03317452823225	2.69834518085363
"HPGDS"	2.31557057752526	1.07024161583754	1.70796866275568	0.461513891474875	1.95053560148791	0.263192492503684	0.649187760170075	1.3941436801116	0.945270585516352	0.762643490828171	0.831918171004084	1.36018726512468	0.560482637416444	0.857955523873034	0.269345596772562	1.73849764388979	1.83867953465735	1.05442480758506	0.826791297218719	1.08167367222142	0.971252180599986	0.601997383281567	0.15329819638231	0.186480273564594	0.311325237991104	0.270052849220906	0.120349684078665
"T"	0	0	0	0	0	0	0	0	0	0	0	0	0	0	0	0	0	0	0	0	0	0	0	0	0	0	0.0524325886933987
"SATL1"	0.444288588009415	0.283680019167699	0.13491136208183	0.311111290928219	0.287895407852505	0.39543686433404	0.344611508433869	0.363095926032501	0.210569657594668	0.198245825278556	0.195969272222359	0.0134927034772963	0.157636839930837	0.216068646130274	0.242807959118939	0.207653631722484	0.300187582550424	0.149753101596787	0.439441226843248	0.411276544790235	0.445189564907418	0.254181007923691	0.309298444589802	0.306123388962288	0.573027384668049	0.686606302266199	0.336548476577412
"RP11.294C11.1"	0	0	0	0	0	0	0	0	0	0	0	0	0	0	0	0	0	0	0	0	0	0	0	0	0	0	0
"UBTFL1"	0.015600044489433	0	0	0	0	0	0	0	0	0	0	0	0	0	0	0.0198011029877209	0.0412853931974053	0.0328557148383771	0	0	0	0	0	0	0	0	0
"OR2L2"	0	0	0	0.0299966431104121	0.0321423950077148	0	0.0699584473345099	0.716519061464108	0.0258705581609669	0	0.124859716503428	0	0	0	0.225704959204779	0.0359912223877011	0.0283557024057377	0	0.0254599080191756	0.0581149545093212	0	0	0.143328107344305	0	0	0	0
"HORMAD2"	0.191067349877161	0.0735172697926929	0	0	0	0	0	0.0929829150673344	0.0256924942044997	3.58885852318479	0.0279001240705322	0	0.0278885205075569	0	0.0210617827968104	0.045858873897214	0	0.0181604850938351	0.011584516419594	0	0	0	0	0	0	0	0
"C6orf10"	0	0	0.00909078980943386	0	0	0	0	0	0	0	0	0	0	0	0	0	0	0	0	0	0.0513314481251373	0	0	0	0	0	0
"SRY"	0	0	0	0	0	0	0.0881415968690176	0.16067950386128	0.0229944014214602	0	0	0	0	0	0	0.0605461862198303	0.111466459761316	0	0.0306713379866855	0	1.22119654994455	0	0	0	0	0	0
"OR52N2"	0	0	0	0	0	0	0	0.031238778197013	0	0	0	0	0	0	0	0	0	0	0	0	0	0	0	0	0	0	0.287726414018544
"STXBP1"	5.2518364724666	6.0924791443239	5.18337932069704	4.92413314897692	4.7394349965141	6.66299728317164	4.72082566608984	3.70628188585102	5.59127099841185	5.64216147080192	4.81167139092748	4.18435964839982	4.96694951156682	6.80314952566505	3.67403121412863	4.59356591641717	5.13832710028872	6.73429639486683	6.06090880805853	6.07243277144228	2.93079220623252	5.14895036931674	6.13917681698893	3.08583252367496	5.06182371071282	6.33525813881146	4.57808733221882
"HDAC9"	1.7338488941378	1.16793591770231	0.966406471411332	0.489559376517921	1.88397265022008	0.798829007374889	3.80968711046892	0.743987531070283	1.26224972705143	1.05132685363985	1.71417956438531	2.03544444138042	2.49222237899398	1.01609618931797	1.37432172934831	1.82159593763425	1.36316266487874	0.416283089258646	2.38388120614398	2.12352218459841	0.444908202546081	2.47942330439325	0.714062599819349	2.56905598185658	0.316459740535013	0.261816016435867	2.81113600688717
"LCE2B"	0	0	0	0	0	0	0	0	0	0	0	0	0	0	0	0	0.0759535697286073	0.66823079531096	0.0674040533548858	0	9.00348418089988	0	0	0	0	0	0
"LCE2C"	0	0.0931869471659859	0	0	0	0	0	0	0	0	0	0	0	0	0.228961491001439	0	0	0.305509485109291	0	0	8.44024005694241	0.0705377117502789	0	0	0	0	0
"LCE2A"	0	0.091812876076024	0	1.12866293703783	0.0517613158332053	0.102686346776636	0.158673099768256	0	0	0.152668887822401	0	0.0957408232636548	3.80012335282653	1.65764000520782	0.118775661887606	0	1.52833876869281	0.407399525791206	0.197282535521054	0	8.06546460518426	0	0.894722324055717	0	0	2.26483364660232	0
"LCE2D"	0	0	0	0	0	0	0	0	0	0	0	0	0	0	0	0	0.15041734963889	0.387357577427088	0	0	7.43097517258807	0	0	0	0	0	0
"LCE1A"	0	0	0	0	0	0	0	0	0	0	0	0	0.0883682301224957	0	0	0	0	0.374837509438674	0.17599525646035	0	7.32916396965503	0	0	0	0	0.292144467256756	0
"KPRP"	0	0	0	0	0.0644729493520549	0	0.0325479740597397	0	0	0	0	0.289429627687201	0	0.0545822048778764	0	0	0.0138599064444129	0.0557880234438829	0.041773274977499	0.0471748424407995	6.78284754504479	0	0	0	0	0	0
"LCE6A"	0	0	0	0	0	0	0	0	0	0	0	0	0	0	0	0	0	0.0935939783680515	0.0515880199423059	0.0582948809821965	6.05216371350437	0	0	0	0	0	0
"LCE3D"	0	0	0	0	0	0.183945055040631	0	0	0	0.0771035088772207	0	0	0	0	0	0.0586029278508458	0.0800135933015943	0	0.629262419218955	0.32594185469642	10.7861266581455	0	0	0	0	0	0
"LCE1F"	0	0	0	0	0.0432277405534931	0.0981284559825426	0	0	0	0	0	0.518025951514206	0	0	0	0	0.141771516362082	0	0	0	7.13653491257548	0	0	0	0	0	0
"LCE1D"	0	0	0	0	0	0	0	0	0	0.135417321771655	0	0.0817322925091907	0.157633606514583	0	0	0	0	0.181333490725289	0	0	6.18785086744523	0	0	0	0	0	0
"C1orf68"	0	0	0	0	0	0	0	0	0	0	0	0	0	0	0	0	0	0.139433345350193	0.0296554319594291	0	6.99302894419642	0	0	0	0	0	0
"LCE3C"	0	0	0	0	0	0	0	0	0	0	0	0	0	0	0	0	0	0	0	0	5.91315989100798	0.136535937904645	0	0	0	0	0
"LCE3B"	0	0	0	0	0	0	0	0	0	0	0	0	0	0	0	0	0	0	0	0	1.86629556800957	0	0	0	0	0	0
"LCE3A"	0	0	0	0	0	0	0	0	0	0	0	0	0	0	0	0	0	0	0.315621873570482	0	7.87382549959451	0	0	0	0	0	0
"LCE1B"	0	0	0	0	0.0263253611401642	0	0	0	0	0.0346138808507591	0	0	0.034349905095683	0.067766530139584	0	0	0.028713555914406	0.0403845406510955	0.0751074612303984	0	6.3717121843723	0	0	0	0	0.132994226180282	0
"FLG2"	0.00301330263500169	0.0272827415236897	0.00407726204943682	0.0033313875369611	0.0315338125642472	0.00831024517856851	0	0.0110930378327389	0.0028801112384717	0.00723397275901184	0.00370986994744557	0.00265345171404126	0.027235811344569	0.0190507865249377	0.0149198333488881	0.00572103880051154	0.0182335677045623	0.053438912714609	0.0724638737771987	0.0555437891178207	6.51721347958202	0.0182306330745806	0	0.00914194092210658	0.0125130956005281	0	0
"RPTN"	0	0	0	0	0	0	0	0	0.00319309367663967	0.00590663507215588	0	0.00661868850575915	0.0216080007495567	0	0	0	0	0	0.00397227467701703	0	3.86717987927477	0	0	0	0	0	0
"LOR"	0.0609227681930579	0.119135688498545	0	0	0.0203140849554698	0	0	0.15592819864595	0	0.130615286945425	0.0584695205287469	0	0	0	0.277576570471186	0	0.3068249735452	0.866616838816787	0.273386981304538	0.210866732579198	10.4091416253807	0.0453862124560691	0.738629504351763	0	0.182450768878631	0	0.210863865593048
"CARD18"	0	0	0	0	0	0	0	0	0	0	0	0	0	0	0.0768409027685711	0	0	0	0	0	7.05365984738232	0	0	0	0	0	0
"ALOXE3"	0.047837436057193	0	0	0.0499065261162046	0	0.0132716506743311	0.707363991677046	0	0.0877919418549839	0.0381391834813971	0.0271996960104321	0.0297328810398472	0	0.0379222265889996	0.0165574352428248	0	0.0425027222362628	0.0602833159402447	0.0150224922615884	0.0168725268484906	5.15149558129264	0.0465634899787282	0.410617893136299	0	0	0.0406394197038822	0
"DMKN"	1.06730140618148	0.828817592874134	1.94430187037389	0.338260667092022	3.65133302516717	0.695282977128742	3.15160963489303	2.75285775262896	1.82391644243132	1.36559176336086	0.716824563472373	0.449692366696483	5.24589491951352	6.02197712270615	4.93508723923355	1.41662088954943	1.1491097545596	5.11913618662811	7.12095321449006	7.52826655798665	12.3014776181637	6.30773178716022	4.4824417419494	0.645834441273421	2.16671223183358	3.05531193994018	1.38864142814668
"KRT79"	0.00723691548831765	0.0341489327913343	0	0	0.020930944093144	0.0323669235524545	0	0.0102368823126971	0.288567641840854	7.05966892931089	0.689164950103599	1.73367538589139	0.0342293109839537	0.255773837415974	0.0643610560879726	0.0491539026047105	0.0959014041887976	0.0210578017898113	0.0722220348181176	0.0233034058440495	3.5994725299174	0.0348829483641906	0.173248985813454	0.283506974888859	0	0	0
"IL37"	0.0454072524330681	0	0	0	0	0.226491266687813	0.129329841944109	0	0.0773740662674011	0.281661459051812	0.0565260968629706	0.0788027959150627	0	0	0	0	0.0654896627210708	0.0654960045870972	0.0449890515447667	0	3.73991289293792	0	0	0	0	0	0
"CST6"	0.100364792546477	0.217728282633628	0.0759549384341632	0	0.0628566910973458	0.172527838721048	0.286933178474334	0.2469461471134	0.662854908110001	1.39973438701982	2.04865993252448	0.247274964003846	0.343727311889821	0.248171687897799	0.221419304564054	0.312591410694395	0.79872078181345	0.338652033137546	0.942320068554475	0.574438218769828	8.53185318365754	2.20160406607309	0.983840376293749	0	0	0	0.235453810188448
"TCHH"	0.0541888183948546	0.116671030695868	0.0465400222885647	0.146853562762506	0.338115161388471	0.0826048396834203	0.270349767966155	0.12698963475637	0.0930163250166647	0.115767258747287	0.278812646406672	0.196450303004155	0.285857298869379	0.112667108831735	0.0752542651425614	0.148978344327302	2.06041579471263	0.118571163964593	0.16812018359538	0.22594983971894	2.42544856239445	0.282987124616135	1.79479845473345	1.17757979531437	0.268107369594131	0.593858566157387	0.141308528072129
"INHBA"	1.31241541004459	1.83646952807708	0.23113929284109	0.433681108584126	1.20722443548375	3.15119721339538	0.83422659596662	0.330705817002075	5.23063918433745	3.04928486277526	3.80899248170145	2.27577141373267	0.179484298062453	0.541896401908778	0.236349336724517	2.89413674752707	1.79673271488811	0.0920595069033298	0.973099124309411	1.10324919612986	1.38821433972295	1.20847043856631	6.23646009040758	8.16300050588544	2.1806252849257	1.46055386108957	0.777448753242291
"LUM"	9.36642604083459	5.1570740355354	3.07193767639927	5.08408127760138	7.14314848588806	4.77329220672051	6.84920490823463	6.94171082941439	7.36050035686557	8.08304046854948	7.15590604763138	6.94895703893645	5.11190976973207	6.49823251454276	5.49736007948772	9.8460960124003	7.53451299670753	4.19550902623561	5.87877683035711	4.71695523800323	6.01985644886821	8.16463042552143	4.91628554634605	9.43110057344353	4.77146834063132	3.03982272192707	4.98439795045341
"METTL11B"	0	0	0	0	0	0.121224394194146	0	0.36309873024784	0.138808572316495	0.11071208079465	0.0292626813396591	0	0.0384009918298874	0	0	0	0.125991304840807	0	0	0	0.0593041178016958	0	0	0.38980026718491	0	0	0
"MMP13"	1.48728052938373	0	0.0120742467421446	3.20091704003826	4.07339181605292	2.87011709733879	0.393428282374095	0.312916055228601	6.37674445376583	1.91321686864361	0.115399198801664	0.737220351616007	0.184058080050703	0.708470228163078	0.0683239719136474	1.98116035883305	5.26789717562768	0.388358186202773	0.046101539323491	0.257889850933469	1.75887024994469	0	1.46494005351032	9.76881950017942	1.35640302120265	0.234934125460798	0.234672986766484
"RUNX2"	3.44730808722445	0.824026869018487	0.599833833878827	2.02450940168736	2.25306497999433	3.7613437885667	1.29956118354303	2.66378066411928	2.6803007243604	4.53997455634537	3.4424817595539	2.91837478444027	0.822986649573735	3.96968006732499	1.54172049929186	4.05031013801341	2.68091391826902	0.510970524801081	1.3486969987625	1.24772704083633	1.80354737011171	1.31940116685832	1.78610701711379	6.29481554551627	0.78889364414643	0.260006379740274	1.97466146170226
"PDPN"	3.25112447370252	1.14693539313697	0.04972262335415	1.17290029509589	3.00045798297453	0.741352644917399	2.57742520241015	1.67864661443272	3.40407134415505	2.38224530994841	3.61124911710106	4.65809720535137	0.828638080299693	2.5173853086684	1.03074922684526	3.45241357092455	2.31757324597514	0.423848667748901	2.16466079296584	1.68483444332354	4.77864752213737	1.32847459644734	3.64159226857218	4.99174857797006	0.935240215151846	0.5324117227054	3.89816964789723
"GPR1"	1.34721775609978	0.0694450841997981	0.734773774702805	0.554324599416181	0.640244241992986	0.0611817884612223	0.206032387124725	0.601726938724486	0.308633473717991	0.493002178004887	0.520861213640917	0.824315323691302	0.242289087734618	0.176140573009886	0.138480684219237	1.65112059437127	0.311297333651701	0.225084244570526	0.350395406192703	0.0873348600373439	4.0868516880385	0.0775947411677799	0.554925727679026	0.707135131109722	0.288271141380863	0	0.353353782242721
"TNFAIP6"	2.67587688882983	3.2750010859378	0.713436282331618	0.615315531100711	2.38989991471691	0.887010877762868	3.42801974864536	1.53898753907909	4.99703492186352	5.2901534307355	3.77680410444712	2.82209379440218	1.61569642788074	2.4749201053105	1.11570248221187	3.87626644840339	3.09815254823218	0.944339731805412	1.85351267256632	1.43595123098581	2.28158550037374	2.73694467493645	2.47890969664498	4.32859235703741	1.69391287298513	0.558864183898176	0.552165545576055
"MSC"	3.65814863130175	1.52300484276548	2.06013733307457	2.16114115652262	1.54021577967681	0.637110328267575	5.60640373206068	2.3804454800021	3.12868850411006	4.65198447590948	3.24661558325462	1.80326010642933	1.40528172542856	4.65938515899742	3.38123491264343	4.13370325128832	3.69900185564219	5.85497556871561	2.11995371750557	1.50824862135586	2.86573277603665	1.59314816929911	6.00259901702286	5.90461896792811	5.514712476344	2.48908045926702	4.21347171367529
"AXL"	3.15816734539317	3.15105105150064	2.36571213129281	0.740331799582764	2.72958431037019	1.42185343582995	2.26015365558418	2.40534163914429	5.56291552486222	4.88469559507296	4.80863474606846	5.28741503831633	2.95515933687498	2.38390470085887	3.58723295789451	4.04911667247023	3.84609710964167	2.95420654883148	3.99628478911221	3.58514883679666	1.79454063457996	3.27329954382166	3.5652681453797	4.30675073651324	2.38620670864695	1.3799923998924	2.03767740832715
"ACVR1"	4.99012439125328	4.160775008075	3.21746183917002	5.36478251821826	4.75892406764323	4.73025409886806	3.97181022671284	4.30082659253349	5.60226237214624	4.57493103119482	4.434748308238	4.08382606434011	3.71072930426552	3.62287179879692	3.16414506299461	4.20307583534356	3.39466092829719	2.30164032010557	3.93206117134342	4.10657026840108	3.5120258308647	2.9254497609479	3.43452281531574	4.51771032623899	3.52930873009809	3.33944812963199	3.31078071521971
"NKAIN3"	0.0181156079719267	0.0694275541839445	0.273805294838179	0	0.898195580101717	0.0405531558305818	0.857571808690661	0	0.0904081582461304	0.0233021282225348	1.01425101521057	0.0331835515578012	0	0.0827727470149143	0.026858969663592	1.03576113517155	0.0318863630231514	0.0230237217057718	0	0	0	0.088503243191725	0.346330616729192	0	0.0598851838005071	0	0
"GPR85"	0.979996775187867	0.300621624747431	1.7417927020805	0.710914628327113	3.37780258638868	0.0741487602549388	1.41343702372457	0.491912085320913	0.30444620668934	1.00174388524981	0.795825950808492	0.532916856073061	3.12516505240021	0.207860375023791	0.557580169391176	0.955624522846082	4.62367375622866	0.414776347841525	0.354853260927433	0.122997793773587	0.166496292906148	1.99737912934053	1.48113874803283	2.35829497715825	0.325424410118215	0.0519807940830568	0.603502675872351
"GPR50"	0	0	0	0	0.0114735974952217	0.0205086019035608	0	0	0	0	0	0.0301993248836331	0	0	0	0.0565315765374395	0	0	0	0	0.15446629559915	0	0	0	0.0491362637281781	0	0
"AMTN"	0	0	0	0	0	0	0	0.0235310173538985	0.0178535119444416	0	0.0999278313211398	0	0	0	0	0	0	0	0	0	0.357028880052608	0	0	0	0	0	0
"DRD5"	0.00932911158235469	0.0213205957677076	0.010902122559741	0	0	0	0	0.0247822746269443	0	0.0889539867743137	0	0	0	0.233203967324577	0.0536852411022749	0.0211150277094022	0.0178812269857646	0.0262701123543152	0	0.0141212288595739	0.0296758546114524	0.250794865945412	0	0	0	0	0
"LCE5A"	0	0	0	0	0	0	0	0	0.0560546975943327	0	0.0337268914111722	0	0.0534952160822688	0	0	0	0.246265178868462	0.0593044639499749	0	0	4.21868043905004	0.153453210679873	0	0	0	0	0
"TSLP"	1.21569723194558	1.17627808670379	0.162482691514279	0.0130582843733016	0.548764584750608	0.011236631792182	0.834497242641302	0.148783418789617	0.120015515624472	0.0546001940310129	0.208372421185445	0.0840985624138351	0.633266587250614	0	0.967432032141188	0.392147586966272	0.0367898398207922	0.215243082343518	0.287114088754545	0.378521056228928	1.00339787038977	1.29119096369089	0.159347593866496	0.58576730003584	0	0	0.209932416805569
"LCE1C"	0	0	0	0	0	0	0	0.124422105655395	0	0.0617242250735147	0	0.0408928513598528	0	0	0	0	0.21855862537072	0.15948258402451	0.104384771214572	0.0649982211975699	7.99851145307509	0.0514424074622652	0	0	0	0	0
"CCL26"	0.958637807279905	0.216750358426936	0.252857047467392	0.145649937766779	0.0566374203428034	0.478070453723811	0.84070210223582	0.505030644163643	0.720827854476558	0.655643544115027	2.42554524085312	2.45818511639851	1.09111688450306	0.942829377288594	0.316649149230279	1.55297704449803	0.533682446619593	0.198695928246515	0.420498571196983	0.366165520311659	0.978401766555223	0.922179196018006	2.41653712245241	0.515583282737186	0.199625235657732	0	0.910406483866837
"OR2L5"	0	0	0	0	0	0	0	0	0	0	0	0	0	0	0.0654534032560499	0	0	0	0.0353903853613044	0	0	0	0	0	0	0	0
"LCE1E"	0	0	0	0	0	0	0	0	0	0	0.026922479657572	0.0858800327312659	0.0348660495000383	0	0	0	0	0.039695707105679	0	0	5.06230739166932	0	0	0	0	0	0
"LHB"	0.237675189429449	1.60310524883364	0.138256938416572	0	0.168788479642177	0.8735738446482	1.0185700845844	1.73950682608499	1.47720844024214	0.674823539537834	0.812328583174509	0	3.00752114767116	1.35319059099573	1.08594534663388	0.0684225563437476	1.41287363813752	3.50622108623693	0.628712480552205	0.625451925510185	0.185074272376915	1.70724426413258	3.48771786171641	0.472723782264752	0.548466218136949	3.56125280828592	0.346233020783717
"CGB7"	0	0	0	0	0	0	0	0	0.222403962850609	0.135709926276137	0	0.119677750960076	0	0	0	0.033711106500392	0.157896782886793	0	0	0.0418996866102355	1.19376543651933	0.128670854631208	0.216444931545995	0	0	0	0
"AGER"	1.09165583338247	0.489771549754973	1.1052690775572	0.586492869085985	0.636282160945573	0.765430783709861	0.874651410590332	1.14244938226277	0.906685910752729	0.798863007599455	1.04605095536913	0.726016365497187	1.60169413971616	0.626745165857081	1.2742646435693	1.23842002607896	1.88359540273456	1.83202717642414	0.562946226635637	0.693758576768714	1.36242780660878	1.65088171589975	0.409378987178704	2.2530997838212	0.322075819296189	0.88072391826391	1.81963140043444
"TEX29"	0.195112716010213	0.147417420561657	0.127908587017547	0.210720509020889	0.28847196508468	0.0731401901522614	0.528588821130773	0.160818111960266	0.162523939822877	0.160173225951824	0.48843582822607	1.32260311822336	0.200012364670001	0.109605947145891	0.471660909288605	0.188169087229567	0.494072497487194	0.451398402710904	0.168041215380177	0.0964501064052871	0.783711434646059	0.100313653453648	0.241909724059759	0.225682134469993	0.154970692559523	0	0
"ZSCAN4"	0.0163123164075632	0	0.14021442225845	1.30905100874942	0.0200084945869459	0	0.0217406681551501	0.0262068569798263	0	0.0129354682872441	0	0.00669309766851516	0.178256984920715	0	0.0175459746248656	0.0221438538631778	0	0	0.0175150462526523	0.0486035796223548	0.0408716052024426	0.0250446746836884	0	0.0436243367746749	0	0.511862689653019	0.0388996800887732
"CCL27"	0.167054711522649	0.126506415158201	0.291851058007552	0.0626491526767024	0	0.119010154365884	0.235983720327805	0.075269054260671	0.216873255878139	0.103508382244216	0.138406237212617	0.0641867833270906	0.233203353642773	0	0	0.0707891051218724	0.764737224797573	0.403978803906871	0.293976630165098	0.177401836834754	5.2823415708846	0	0.383829792844906	0.362255537579492	0	0	0
"PPY"	0.0579181667149951	0	0.312166184279661	0.0653051849401435	0.259676836998686	0	3.82276583253954	0	0	0	0.079307105391788	0	1.72777890018093	0.38573969949393	0.313692234427871	0.079440920964038	2.53274334550004	0.150024090364181	0.0894079795811659	0	0.362993288000443	0	3.36161257362557	0	0.763003567668314	0.411246168791514	0
