"Pt1.baseline"	"Pt2.baseline"	"Pt4.baseline"	"Pt5.baseline"	"Pt6.baseline"	"Pt7.baseline"	"Pt8.baseline"	"Pt9.baseline"	"Pt10.baseline"	"Pt12.baseline"	"Pt13.baseline"	"Pt14.baseline"	"Pt15.baseline"	"Pt19.baseline"	"Pt20.baseline"	"Pt22.baseline"	"Pt23.baseline"	"Pt25.baseline"	"Pt27A.baseline"	"Pt27B.baseline"	"Pt28.baseline"	"Pt29.baseline"	"Pt31.baseline"	"Pt32.baseline"	"Pt35.baseline"	"Pt37.baseline"	"Pt38.baseline"
"IS01"	0.0655640462685613	0.114082012158685	0.0596874785787742	1.54287111699785e-14	0.0736534550179445	0.010816771906374	0.0324275346074673	0.0390611887789814	0.0186231971458363	0.0135553816324081	0.149160351583909	0.0865825802610942	0.0292884911570363	0.0370574914404303	0.0976478427395299	0.168890081816764	0.309562360491649	0.0264717210790705	0.0986619299003766	0.0491420274040366	3.56877591771678e-15	0.0449798038387761	0.00816085372526356	1.30900571921529e-14	2.1876466346519e-14	1.81803541648831e-14	7.87161934273764e-15
"IS02"	1.78131136849436e-14	0.050399618383253	1.95844628671166e-14	0.0022810439993677	1.80023394597049e-14	0.0183727299515841	0.00651666153472754	0.0740469301337308	0.000941570254663713	0.0104633771295933	1.14951757327215e-14	0.0388244705535104	0.0151234023354263	0.000191147677749535	0.0356191779694942	0.0362113088506921	0.052493342811092	0.0157845577771263	0.00379732466659694	0.0294554214124293	0.0765467955644981	8.78744994676943e-15	0.0893292921947831	1.30900571921529e-14	0.145973725296862	1.81803541648831e-14	0.0254194823573979
"IS03"	0.0790371388311985	0.0876886082511339	0.10830846325111	0.15514884184647	0.166916372304025	0.0268410047294998	1.93850731660793e-14	0.105214331581768	0.0553748594282388	0.0615842686332047	0.106963840491091	0.0411467596044812	0.0712539063234319	0.0200156805967417	0.0076097170323823	0.0093018060360796	0.0264274888895413	1.65672416972883e-14	0.0810727369537877	0.115752547181186	3.56877591771678e-15	0.0190920424483078	0.0141031710116322	0.174026079207871	0.0110593154755517	0.0118855575981486	0.00016799878467948
"IS04"	0.104749800039279	0.060689750395668	1.95844628671166e-14	0.00331228311563117	1.80023394597049e-14	0.00011296040809602	0.0292959849278234	0.0214709555287374	0.0106943538155399	0.0146371724799707	0.136809534449565	1.35880931778018e-14	0.064402666732217	0.0274989727384799	0.358386494419964	0.216692590457827	0.0356148853406375	0.110864175029576	0.0394794309382546	2.21252349847928e-14	0.00253362984693181	0.0642929329878047	0.0248925578351191	1.30900571921529e-14	2.1876466346519e-14	1.81803541648831e-14	0.65769817147865
"IS05"	1.78131136849436e-14	1.77620724398511e-14	1.95844628671166e-14	0.0496899395096194	1.80023394597049e-14	1.85166538021632e-14	1.93850731660793e-14	0.0510912169507735	1.42106283654642e-14	0.221373386077086	0.096815982824405	1.35880931778018e-14	0.0652946762075016	1.22616576040048e-14	1.03802854261492e-14	0.121032875323595	1.30021548415999e-14	1.65672416972883e-14	2.21877682924912e-14	2.21252349847928e-14	3.56877591771678e-15	0.0365284340438148	1.35965235195846e-14	1.30900571921529e-14	2.1876466346519e-14	1.81803541648831e-14	7.87161934273764e-15
"IS06"	1.78131136849436e-14	0.108010280317322	0.00170403985983587	1.54287111699785e-14	0.00349228565820156	0.00874577328584617	1.93850731660793e-14	0.00821614792684778	0.0203905169898452	0.0167545847748694	1.14951757327215e-14	1.35880931778018e-14	1.81512027935136e-14	0.0274270945628521	0.0623090738420221	1.09354590796168e-14	1.30021548415999e-14	0.0113941172433108	2.21877682924912e-14	2.21252349847928e-14	0.00514719384658089	0.457283942388203	0.0152027798064046	1.30900571921529e-14	2.1876466346519e-14	0.0710981919007094	0.0154781676147556
"IS07"	1.78131136849436e-14	0.0178263646332635	0.0251686711981607	0.00990610758180321	0.0838823178959114	0.00702377081075187	1.93850731660793e-14	0.0109409643575547	0.0305451594710414	3.79106018351079e-09	0.0867419978587459	0.074201321820393	0.0241111302525169	0.0150864322459596	0.236533551907221	0.0347754376340178	0.0724325979758225	0.145394812129084	0.201077469044738	0.0347571081569909	0.00560013277575249	0.0779000682855693	0.0520376768395861	0.0457959586783037	0.000704673761997068	0.0275297469327507	0.0987963338335044
"IS08"	0.0023213351961901	0.035891274918783	0.141499795816407	0.499208552086899	0.260498473007408	0.423665024579438	0.211575173047411	0.0252152101402345	0.288150952924272	0.145590836884347	1.14951757327215e-14	0.122563021183085	0.0704788531657499	0.0880370312433326	1.03802854261492e-14	1.09354590796168e-14	0.0129589451541727	0.0618897146308018	0.0860942007940609	0.28577902595621	0.00236820592700281	0.00887952540225789	0.169057974037708	0.148981700674639	0.295050907523504	0.258968327723636	7.87161934273764e-15
"IS09"	1.78131136849436e-14	0.00471384400437219	1.95844628671166e-14	1.54287111699785e-14	1.80023394597049e-14	1.85166538021632e-14	0.021868864347208	0.00705089897866726	0.028699634058307	0.14296047525306	0.00302940107280066	1.35880931778018e-14	1.81512027935136e-14	0.0188628590098232	1.03802854261492e-14	1.09354590796168e-14	1.30021548415999e-14	0.0110356528151275	2.21877682924912e-14	2.21252349847928e-14	0.227970390185998	0.00573915689727756	0.00705067744003429	1.30900571921529e-14	2.1876466346519e-14	1.81803541648831e-14	0.00110555625742127
"IS10"	0.23449127256151	0.120584191622679	0.032264273354791	1.54287111699785e-14	0.0328112348745098	0.107549154309498	0.161360338431368	0.224073417871974	0.0540866724415325	0.0482651077246171	0.102998705666283	0.0163920894656959	0.0414368892238781	0.0497643572728205	9.9333015519691e-14	0.209848952792127	0.125061415351288	0.0480747572296982	0.0478498826317735	0.0488084083057656	0.0009122230500021	0.122054438833578	0.0176054381572138	0.133377455323364	0.0333135958998135	1.81803541648831e-14	0.0299818379049093
"IS11"	0.0250443316819707	0.0571834437181156	0.10007038603555	0.0459104997732679	0.077068503360514	1.85166538021632e-14	0.0982802914530382	0.0120845503229602	0.167920159197726	0.0573993221123975	0.0856782488156715	0.38091539180024	0.0837434825015436	0.0290016009525673	0.0175011221632754	0.0187359549847709	0.0382509662497399	1.65672416972883e-14	0.01394446210915	0.0598315010426918	0.064531948296066	8.78744994676943e-15	0.0378991076953354	0.027983561889977	0.01975668563475	0.00253193934002994	0.00917877541892867
"IS12"	0.00330517734585207	1.77620724398511e-14	0.135915425387599	0.00378456302244441	0.0529579257839238	0.0663622346811146	0.154157566251775	1.73105539787292e-14	2.54009741598091e-10	0.0328087675973593	0.0166899570383821	1.35880931778018e-14	0.106508318610398	0.394711082042443	0.0104858594706482	1.09354590796168e-14	0.0371780480763191	0.0676392778447016	2.21877682924912e-14	2.21252349847928e-14	0.0181099919475588	0.0439319398740777	0.115516844281308	1.30900571921529e-14	0.0219915544086516	1.81803541648831e-14	7.87161934273764e-15
"IS13"	0.182590165043037	0.0913623520306288	0.0447660441780231	0.010721971252497	1.80023394597049e-14	1.85166538021632e-14	1.93850731660793e-14	0.0526217985200166	1.42106283654642e-14	9.57239852054842e-15	0.0337407095883623	1.35880931778018e-14	0.00348668685465954	0.0177701931034998	1.03802854261492e-14	1.09354590796168e-14	1.30021548415999e-14	0.00439923125990256	2.21877682924912e-14	2.21252349847928e-14	0.116209795277716	0.00339669875643728	1.35965235195846e-14	1.30900571921529e-14	0.0117282733450787	0.0126389183309381	0.0471580253884485
"IS14"	0.0437033660576536	1.77620724398511e-14	0.0167124328807445	0.00484944133910973	1.80023394597049e-14	0.0193074937991622	0.0107506676221077	0.122557114052486	1.42106283654642e-14	0.0497536433903101	0.00706006841089689	1.35880931778018e-14	1.81512027935136e-14	1.22616576040048e-14	0.0294130252614758	0.00948035302801454	0.0731951847256169	0.0561988480308453	0.0782756218338433	0.0597388841080183	0.0257174806225031	8.78744994676943e-15	0.0168092932270101	0.000193232499531821	0.0459723291418781	0.0734851263177655	0.0575587349647011
"IS15"	1.78131136849436e-14	1.77620724398511e-14	1.95844628671166e-14	0.00262578484765875	1.80023394597049e-14	1.85166538021632e-14	1.93850731660793e-14	1.73105539787292e-14	1.42106283654642e-14	9.57239852054842e-15	1.14951757327215e-14	0.00194448145787652	0.0272213572385845	0.00487931630873281	1.03802854261492e-14	1.09354590796168e-14	0.00518073080501636	0.00420567973735126	0.00255665255076126	2.21252349847928e-14	0.322223955728186	8.78744994676943e-15	0.000579782935217119	1.30900571921529e-14	2.1876466346519e-14	0.0111535398455358	7.87161934273764e-15
"IS16"	0.133256494751254	0.242919026883152	0.328844240162808	0.147923111254241	0.125980735567672	0.231637732010432	0.114068668973578	0.161450586141969	0.0315674992982215	0.0331363794822356	0.0223842338259037	0.104634265628557	0.1576603916054	0.134732649711945	0.072130029684065	1.08189958423131e-08	0.00996347404798778	0.232358070294151	0.294688793253973	0.308501458841959	3.56877591771678e-15	0.0300641052763421	0.0630045991954465	0.0202706066946584	0.333456573212977	0.324531016925128	0.0574569159965405
"IS17"	0.125936872223351	0.00213968123398378	0.00505874929605954	0.00991461431235857	0.122738696529728	0.0742477476132962	0.0593908586921966	0.0639769450459853	0.254973551338965	0.138590520201452	0.119016999612607	0.106323188729255	1.81512027935136e-14	0.0337462468290059	1.03802854261492e-14	0.153266959135853	0.0974851037513075	0.00356470107751467	2.21877682924912e-14	2.21252349847928e-14	0.00154227836644807	0.00948689482288007	0.10696273543221	0.342180491115024	0.0285600908635631	1.81803541648831e-14	7.87161934273764e-15
"IS18"	1.78131136849436e-14	1.77620724398511e-14	1.95844628671166e-14	1.54287111699785e-14	1.80023394597049e-14	0.00531760191479556	1.93850731660793e-14	0.00134969729467196	1.42106283654642e-14	0.00570715064793638	0.0329099687613184	0.0264724294957034	0.00716385894582241	0.0510289659369728	0.0610398103430097	0.0217636691211864	0.000488955003574062	1.65672416972883e-14	0.0520226255653639	2.21252349847928e-14	0.0919557829642582	0.0383447808042477	0.0136767661794018	1.30900571921529e-14	0.0247311230835148	1.81803541648831e-14	7.87161934273764e-15
"IS19"	1.78131136849436e-14	0.00650955144887171	1.95844628671166e-14	0.0547232460585551	1.80023394597049e-14	1.85166538021632e-14	0.100307390111164	0.019578046372607	0.0380318733817298	0.0074196221880736	1.14951757327215e-14	1.35880931778018e-14	0.232825888845761	0.050188878326619	0.011324295166751	1.09354590796168e-14	0.103706501326183	0.200724683821672	0.000478869757187229	0.00823361759051336	0.0386301956004832	0.0380252353403911	0.2481104500063	0.107190913916501	0.027701152351727	0.206177635085195	7.87161934273764e-15
