"Pt22.baseline"	"Pt38.baseline"	"Pt23.baseline"	"Pt20.baseline"	"Pt27A.baseline"	"Pt29.baseline"	"Pt13.baseline"	"Pt1.baseline"	"Pt32.baseline"	"Pt14.baseline"	"Pt2.baseline"	"Pt6.baseline"	"Pt9.baseline"
"IL16"	3.03283963834765	5.26926509640928	2.09271317240099	3.69623869426178	2.05304876037782	2.47788711177044	2.32044424155397	3.22365191094561	1.21013945740167	1.06133381847545	1.9546913955976	2.20785069435212	2.02991751248706
"GAPT"	2.12531386038254	4.48263534724612	1.59491873008607	1.17025197526261	1.4062128301843	0.848971999103719	1.94035095255226	0.991670767599918	0.762511255874083	0.595633029406401	2.2326162474269	1.37591243220577	0.727481808593203
"CLECL1"	2.51952429221895	3.50048340147311	1.44132677186841	2.83850406884413	1.65067036735316	1.06881868362706	2.22456667539837	0.620808779476032	0.212188304992546	0.314113181954539	1.52031915029513	1.24967287756465	0.512793232285356
"SASH3"	3.94773627960773	6.77946985729517	3.85589504224975	5.19018617546351	3.42559290631971	3.34203127534781	3.68655655308722	2.8323847293217	2.17583434408261	2.71937184393258	2.82093152096486	2.47967163348929	2.76413167987671
"ARHGAP25"	3.45544559042613	5.45456415757507	3.1858284957096	4.04253928297388	2.42864893407979	2.79052705078006	2.86025865441479	2.37993419580389	3.27560605887743	2.04414228151756	2.49407889959453	1.79417253726191	2.22203170248449
"ARHGAP15"	3.90456116803197	5.7516351033279	3.30843514592582	3.95607524372355	2.83585739353086	3.4238248735966	3.15561567359999	2.85122932778494	1.99599818966709	1.57143654301956	2.75620349457998	1.82397349043209	2.40242067446171
"SP140"	2.3849505190222	5.53482733274648	1.94831115813712	3.09540208672239	1.30091442695677	1.86013646195821	2.25370644608698	1.52235460523433	0.922819710051338	1.67682929987136	1.26360235519845	1.31183730304816	1.65552127807846
"TNFSF8"	2.65125724263437	3.32412796944205	1.94212785817845	1.93558232452943	1.10118277159747	1.47833506726691	1.92211410113481	1.32281940503615	0.811662555106706	2.13877351989242	1.18032930080187	1.27908791276174	0.882704472629564
"PTPRC"	5.43596189543763	6.76020763741028	4.13397033599887	5.81976907666483	4.31517130443531	5.23661889650541	4.92370304240992	3.99382378570192	1.75747135140392	3.42999349252875	4.39993668138128	3.74114874940769	3.52513551696687
"CYTIP"	3.90011810250449	5.43491173522007	2.80366618548789	3.99139486064869	2.43882245235605	2.47968068634669	2.94140214580677	2.50117797142422	0.98435820900309	1.37928270412041	2.38211109243647	1.34060784208875	1.62165337555588
"WDFY4"	1.95906718008923	5.01017560606381	1.4165965705707	1.66415057264789	1.59893683382253	1.30197387430198	1.66374537558121	1.25226426015529	0.373725041673097	0.739647666471407	1.23669465807476	1.09921776471933	0.61174415009658
"RCSD1"	4.04973966269698	6.0559569817778	3.58501660077082	4.10908887919698	3.2090493544533	3.3700742837002	3.50796585098904	2.7573966769193	1.81230106065307	2.14302110439376	2.83937412945474	2.60292359249605	2.21731758556473
"CD180"	3.06406713972016	5.0398578069232	2.3004869157734	2.81054798591592	1.91259046985484	2.19535232329824	1.95551740014654	1.77275769122218	0.474770361906294	1.57042407003018	2.19219574372345	1.65663594254496	1.19499160562782
"KLHL6"	2.8127271900775	4.01132566847246	2.46983128824182	2.45909451323253	0.957158331695983	5.17517126919532	1.47092725747513	1.4407316587276	0.439944350755978	1.17866046938934	1.24679721277288	1.00263483902492	0.830431390377513
"CD52"	7.51248369751184	10.3627438310194	7.25366787540769	8.77919897196518	5.2038452126807	6.22934854316392	6.32768646608374	6.54645464088866	4.59795420739629	4.55206653605883	5.84831371364758	3.12980311779573	6.41394351048837
"BTK"	3.64748145182794	5.58515184202002	3.16304057166242	3.19512393175394	2.30394582687366	2.82118977147602	2.81803452045222	2.19168739673932	1.13779859028661	1.82558213003292	2.33116919326901	1.99674666397359	1.77950767869095
"PTPN7"	2.73509212076373	4.96024294050529	2.07056621893843	4.57928274578288	2.19652993464215	2.53758681353647	2.7939967740599	1.80678597584186	1.11507986668633	1.4575916654294	1.50274557784155	0.778620295616181	2.19027508369121
"WAS"	4.28110473161226	6.14776866173781	3.78476569631639	4.61523088679426	3.70665210732102	2.96055155790296	4.04285004685287	2.66023840174443	2.58857672982899	2.45017265726952	2.71365072991888	2.47379470292568	2.84441879724475
"DOCK2"	3.64935103653837	4.89739533753037	2.694709733045	3.59655951585696	3.06064405857375	2.81083791431955	3.08125780877799	2.33803355764955	1.10593950916238	2.07022959209776	2.23140629469407	2.20608053821136	2.40853253185677
"LILRA4"	1.17684294277397	4.63012585232438	1.30648099008195	1.03547752153895	0.726431042489852	0.563282621557811	1.13056850364957	0.585555326565594	0	0.329307330825371	1.03656663158435	0.0196715303602063	0.614970330102279
"EVI2B"	5.80560201359801	6.30726639504886	4.49621945118269	5.41919334489775	4.15712457643527	4.58513381058594	4.72090225765008	4.08144189426962	2.28918230224608	3.02743364390973	4.24248437233848	4.67820996893001	3.234974119643
"IL7R"	3.27197315684375	4.53567974119837	1.55185311976875	2.54199053816093	1.18827114584678	2.46506678259823	3.22024017063477	2.66791596185146	2.64314043551271	2.30134620177408	2.09577086182808	1.65269987180408	1.85260016774033
"IL21R"	1.2465753024812	3.78338331287888	0.771917684987713	3.00561916012841	0.965507630019885	1.30681634288462	1.83245258346476	0.80538202787693	1.64948670284426	1.3101510453647	1.47246437621833	0.231330408514881	1.35197878454501
"ARHGAP30"	4.43120506583067	6.23033368634698	3.74710269979434	4.91617804254471	3.79130877900635	3.54841812848721	3.92896717679879	2.9623324636045	2.98858653473142	3.64459466060326	2.83867146773166	2.82463854440552	2.93974562884493
"SNX20"	2.89525123410284	4.47666034837471	2.10130549570734	3.35871905980397	2.51767505655612	2.17629564205827	2.88990862178074	1.91279929967188	0.810075339407757	1.63259394857252	2.25878874525898	1.01532343067583	1.60153964160507
"BIN2"	3.60798122926484	4.61533978154449	2.9996627306143	4.09767399741968	2.73144068751968	2.91345624588635	2.8837175791714	2.46978310897163	1.53865238281203	2.00037505195599	2.48125889483643	2.09435769708748	2.14537095182838
"ITGAL"	3.58455969212759	5.31844700343671	2.43513116519251	4.76040193744292	3.02843742954078	2.93861890022493	2.9027605052926	2.35736620168281	1.28372623981189	2.09402488708305	2.72348101862525	1.07638122702636	2.29813627047896
"FGD2"	3.43929467097439	4.82297992157606	3.02916219718419	3.39320063133944	2.53517084549516	2.87639022940166	2.43307294825115	2.04837919233826	0.848182841933531	2.04866865028922	2.10826683953363	1.62535700171837	1.79962614323803
"NCF1"	3.66181229458248	6.96136865809797	4.40085894815979	5.14917399159212	3.7966029450833	3.13809605461886	3.64992580628705	2.14716177066737	1.90035483204547	2.49647001939197	2.83310463072606	1.88511161259374	2.62822417017168
"CR1"	1.79499802579459	3.92184569647296	1.96346302627804	0.959858791078535	0.8348863346834	1.45694016385664	1.1770184179937	1.00507152612864	0.284239308014175	1.64938093021008	0.906592792617753	0.748887537922379	0.765507589494848
"C11orf21"	1.01034947197844	1.0140552954925	0.825869867000689	1.58282813851397	0.377375330985844	0.557117918822793	1.21359302448636	0.556382326292168	0.713098380223959	0.361969873562629	0.529017810144048	0.238403516377771	0.675378315043833
"EBI3"	3.45509110866792	4.29691987668713	1.74481123846316	4.16627357203004	3.32910636997928	3.55800429980864	1.62189011137621	1.31346354588161	1.03298241669943	2.02610598264928	2.56593709519504	2.07216412466578	2.52005005434848
"CEACAM21"	1.79075952889123	2.70139380085249	1.07249687050343	2.64948325385893	1.12370592133253	0.552530530663054	1.09019831172885	1.11726615943332	0.991881516980805	0.874185141354483	0.919904082155129	0.917704800881448	0.76707294221322
"CSF2RB"	3.67233481708969	5.408226126277	2.9549472471103	3.6119926648488	2.18682538100811	2.57035363180701	2.95630947371938	2.56914228507484	1.38535372323457	2.71253525421382	2.029818593104	2.08780056208707	2.24481400942399
"PIK3CG"	2.29416195405999	3.60817053137482	1.51409195378589	2.54473018344543	1.77473224932377	1.58099685749506	1.87222989219487	1.30138571369311	0.738421116062101	1.22364496114767	1.30359957813371	1.30130376184086	1.17622701536701
"CD53"	6.61645327355354	8.18766878794532	6.24760761730328	7.12331959186363	5.34728650931023	6.1168658365007	6.39437866000007	4.98930025677575	3.68413424862587	5.07677071250691	5.36193675757209	5.40860317934337	4.86459969923226
"AMICA1"	3.50500802489356	4.25418584650111	3.87654641407766	5.01459854870478	2.59071817763724	3.66226247700561	3.14698914065837	2.9606794340551	2.36901692372225	2.01820151438372	2.98186452351656	1.99054830791249	3.06261738043315
"CCR2"	3.48357589919777	1.95991478833819	1.30617764736476	3.93465802783973	1.41288176545508	2.13645554988708	3.08263958073466	2.08486365020238	0.910326654950516	0.866516746102473	1.87680177397827	0.833559674187657	1.7282731912064
"IL10RA"	4.86265223382194	5.08347294488805	3.92424243739629	5.10281137808169	3.85002927361382	4.16336991447478	4.47348171881866	3.26597540568222	2.93878260325451	3.0966312517564	3.33902475907274	2.66773774519594	3.33950870280108
"TIMD4"	0.293575307638369	2.50503725197336	0.251646993918391	0.440916063778679	1.03596096836593	0.343154795463011	0.713279660465565	1.44226676292805	0	0.821168949828029	2.68513618528212	0.0462704657003654	0.4640879359887
"NCKAP1L"	4.61822984432033	5.60645407286986	3.96630586889213	4.64106331598532	3.88181142613568	3.95607524372355	4.03948498520386	2.99995401336266	2.09786695337745	3.40812284410068	3.08240369980223	3.2408767944079	2.63859983248585
"SCIMP"	3.20657133747421	4.91907306856591	2.39098403136532	3.03969728608785	2.63379852187873	2.93493632231048	3.01731264145912	1.56361210512391	0.505426551032837	1.56371947610304	2.67056957860198	1.10461175217503	1.1578295384538
"GPR183"	4.00855411707405	5.73841657614816	2.3756122239921	2.640977162172	2.24794118101607	2.56690037398574	4.54969073090972	2.54239797820794	1.80519338301168	1.3900485474166	3.11404296525057	2.15561486411334	2.0894150985696
"PTPN22"	2.22845854886613	2.82579987121011	1.75038568914241	3.14648986311	1.31788866980153	2.11295695964094	2.32000081025886	1.43322921945025	0.356238483980885	2.8917030315307	1.57183453924183	0.682681158365227	1.09789728471786
"CRTAM"	1.57343027467316	2.15009494995244	1.0909482523611	3.33350531238825	0.771770665285636	1.5261664908375	1.5218673626834	0.914004174490787	2.79092213705198	0.335998248866441	1.02836970703797	0.294630746641727	0.874718682571495
"EVI2A"	4.47952160643832	4.62854031926276	3.43412911893476	3.52327966201935	2.6222181958083	3.35322235544478	3.9226117549415	3.47947633659171	4.08797193790006	2.77780578533487	3.41824258038755	4.68251711654028	4.11793187120634
"CFP"	2.26491619562673	4.0742827810594	1.69012875121162	1.94682067493464	1.05838923468351	1.39952933000344	1.07701050801378	1.58289074649805	0.942980596477782	0.773870611118822	2.99556682703032	1.01117643587497	1.69988028792099
"PLEK"	5.32110552425915	6.40570311115709	4.27374339088849	5.5724501250394	4.18313314191025	4.60567507425061	4.47647566059866	3.9226450526059	1.97692080804241	3.99547547373918	4.23351230941271	3.14677983978441	3.61683404650427
"CLEC10A"	3.67746877761676	3.24861528721742	0.986421493738629	3.36089026564507	1.87169976600961	3.38191597048422	3.15387260624572	3.37559206888818	2.03494814795988	1.02326599945689	1.9858337417893	0.495759110455062	2.89451512931446
"LILRB1"	3.78383901740436	4.49357048382608	2.58513561373949	3.31484731203166	3.34849518000102	3.18616535833667	3.61085358241691	1.64737207803304	1.47928748133686	2.57644595000138	2.49810914450544	1.9903958211892	1.95881484162991
"SPN"	2.20590387213549	3.99440774906159	1.24043035093619	2.68745827077147	2.08302950867017	1.61619534937941	1.95707324543022	1.48429541377622	1.01373380037595	0.727673923193084	1.27084884135567	0.442678148222288	1.99537778263153
"GIMAP7"	5.29911275156939	5.34641090146729	4.44377570739529	5.67478970623906	3.98216307325455	4.84527174839662	4.50939815245637	4.49181462394895	2.95438617517562	3.35961744996069	3.36469778724402	3.34676404452453	3.96417680425325
"CYTH4"	3.96639816504701	4.60167274865683	3.58410865353392	5.07403867710672	3.63036469706373	3.73657240619327	3.56417693332919	2.85294367274278	2.24802166520555	3.2043747287341	2.46981175629918	2.83859180441834	3.14672689895429
"FLI1"	4.45268108723665	4.69141691326666	3.37035472045882	3.56953969946334	2.74118758886938	3.07359404484247	3.33476990709563	3.11368383207399	2.6997825873798	3.62253214961235	2.85315333036672	2.97110389606193	2.6256971553611
"GPR65"	3.21471699716939	2.7643058106923	1.99790476810126	2.66098222306633	2.15172733200207	2.59209699134354	2.70594805251082	1.37273762730281	0.800056239536408	1.51209538158616	2.29181864971221	1.86172514959529	1.42913386954133
"MPEG1"	5.79910803430212	5.61726321444103	3.74472083877745	5.45468916963012	4.13960046458551	5.32142667123325	4.27595685676648	3.90173095887124	2.11405379618496	3.85652761864297	3.86167751441195	3.81848759237989	3.57984991879374
"PIK3R5"	2.93498631528987	2.74084339166059	3.10029313001851	2.8435980021398	1.97270919436215	2.43142639750879	2.20285649744258	1.70224306915459	1.27385600934762	1.52670736344898	1.66812593411832	2.01869826084675	1.45801183294249
"TREML1"	0.404841555673019	1.90047076703757	0.90878447618562	0.826800244207584	0.642205264064948	0.431303632832105	0.514115188737859	0.376873234420674	0.384157037613808	0.181843209157848	0.370009119693358	0.609881168832854	0.563799999093636
"CD84"	3.66437474796457	3.77452352959023	2.61933670656412	3.06505352362232	2.42801237636966	2.72684102383856	2.72915791936571	2.33842726736609	2.01177828205258	1.78197653050849	2.29742768806356	2.60546944323699	1.17202019609547
"CD1B"	0.324345180013615	0.298782640024054	0.0418590454973851	0.658850812077536	0.0178922701058198	0.36262698456681	0.385591726524443	1.16466079296584	0	0.013093740390373	0.602109063518391	0.0173074384263386	0.492604384494683
"FCRL6"	0.649557060345151	0.319357809481323	0.233575810494761	2.67956454747524	0.596759623686028	0.556457373909587	0.604086035286702	0.574833450749628	0.285950190929061	0.610896092837619	0.604523044284365	0.169194492237124	0.666383033187839
"LY86"	4.71526191605375	6.51272466318197	5.27570549751475	4.52492246576037	3.86606228532002	3.80771039953743	4.35454031631403	2.91792625437307	3.11429705421168	3.44235104011489	4.07464243793449	4.01413655097114	2.75095373882044
"TNFRSF9"	1.32585265335356	3.45491942664195	1.11159892792762	2.39366331016713	0.982696839403806	1.72314130999255	2.17727680627966	0.843264326459201	0.557579679278132	0.988580718104602	0.734032356409637	0.105769651262655	0.629482056231555
"SAMSN1"	4.10718149826684	4.00385405672862	3.90893296724454	4.70743920288504	3.30887486679526	3.82270975635107	3.91931624392648	2.70228629529151	1.32493154284568	3.04768669884489	3.17057647158985	3.05838403915566	2.91075568344861
"NCF4"	4.41572486985975	5.57678815941885	4.51367075541114	4.89016941176254	3.18826323213033	3.27805613662825	3.90301416070289	3.25283495098321	3.89231330287487	3.27786352607743	2.47744549348809	2.79684171250419	3.37093425652483
"GIMAP1"	2.98455016101986	2.92692168921672	2.42486566886569	3.01759592895938	2.1588637215414	2.50124804706721	2.4749888730698	2.1772018465423	1.57290906587056	1.49861851640622	1.60354682767486	1.86240774777662	1.85183297759486
"HLA.DOA"	0	0	0	0	0	0	0	0	0	0	0	0	0
"RNASE6"	5.78103966203584	6.00688144778126	5.38367146430921	5.62780087690104	5.04257211330647	5.82941831016994	5.40763487173564	4.04829722682574	3.94058962841475	3.83777172249495	4.68237665494979	4.45504440791745	3.77794567069515
"LCP2"	5.30683274401131	4.8275091166947	5.93305915328688	5.33654047892369	4.8269399320423	4.4937401891106	4.79972197299933	3.71560238672532	2.05273931652391	3.55079602853356	3.93792813234481	5.84844392247628	4.76737142171291
"SELPLG"	4.6287881736955	4.64554603830472	4.08901926339121	5.00294999830185	3.0900090713491	3.53930772678125	4.1762709049063	3.28985216684855	2.56749920667703	2.86702762095445	3.11778811676681	3.77515592076381	3.05266281455249
"P2RY13"	3.20152095018292	3.4994377299815	2.11093780134635	2.22331751049793	2.515163655256	3.08761134633162	2.24980786558101	1.96915785944355	0.791261470433482	1.85393179204085	2.63613039472373	2.72044483625173	1.29503236365659
"CCR8"	0.792926964884396	1.1587054103161	0.597758078425014	0.51334975378949	0.234491510447831	0.874506234047474	1.41091904384902	1.07337124882525	0.160806626320293	0.190956136521046	0.37188444283922	0.0194968984255142	0.319461864997132
"CD4"	5.66646262702274	5.79891628682751	4.88954411799138	5.43994056202703	5.30139559150378	5.14976134318849	5.47737619506542	4.71391846972335	3.47656314722924	4.34584342235272	4.87702517681984	4.12412544858323	4.16227046965983
"DOK2"	4.53915260595473	4.14134286493174	4.12368688663131	5.32180906763655	3.11773742536925	4.11405046359842	3.87901463608754	3.41375247772996	2.83180429409261	3.60600982861865	2.56861952454573	2.42000398456506	3.37642583803965
"TNFAIP8L2"	3.55914302797132	4.28449932718468	3.51319889246674	3.96196127566624	2.50720095210052	3.1043391761411	3.46700291566299	2.46945753119219	2.21290234975475	2.24661938326953	2.49653137640177	2.47664868458303	2.54305657405966
"PIK3R6"	1.35602827728556	1.36461165065711	1.3948406183448	1.43754735528778	0.886868890163221	1.69450582335477	1.4332399040422	0.699578283047393	0.344334260898799	1.09830501083225	0.538392645225059	0.500613419819335	0.953140057203459
"P2RY12"	0.858127048170255	1.50483392088894	1.05554621847781	0.941823723044433	1.32705784395407	2.0742810681931	1.98761556041498	0.899035995597332	0.045808071792656	0.543628516186815	2.09442188510909	1.68033335959309	0.572302287117042
"RGS1"	6.38966231143434	6.9321084286617	6.18488922444327	4.29112095830017	4.37302172437071	3.55745297947141	6.68624137907207	7.85091815960055	3.40546690523749	3.51331766233327	5.61821662730675	6.48992821940518	5.38844787631711
"GNGT2"	1.76901423128694	2.99318885348603	2.46140675818144	2.02592355504676	1.37005823716226	1.69555514932344	1.98896456518017	0.941718950540041	0.915863512090019	2.96638247511724	1.47072426662012	1.0162495501599	1.07176266930009
"RGS18"	2.76700639310382	1.43960186263467	1.88721525295943	1.84499819627914	1.49957039370591	2.38764101586771	2.24803077634031	0.962046999865506	1.80604766045698	1.18802105141695	2.36745633870734	2.35850035281246	1.10169377309234
"LAPTM5"	8.46980662912042	9.26039268329617	7.86257537147784	8.0343175254748	7.63905123609409	7.02460779932221	8.49625461006128	6.64697984723368	5.96472207016909	6.92698381691566	6.85453181902786	7.54256373869917	6.23053928016357
"LCNL1"	0.07377047487542	0.999741012995381	0.623435674083549	0.264098001273821	0.0656734965936748	0.055021590013953	0.0386254615045102	0.0330136497836077	0	0.0396735309957789	0	0.00986904248811144	0.359746609052743
"BHLHE22"	2.62885523286985	0.562781174029521	0.577065736828318	0.718877999360002	0.374318946862883	0.64286558388381	0.500083585383977	1.22352449266366	0.357282864108376	0.563839038925889	0.417918927950003	0.258289763726023	0.504827312147863
"SIGLEC14"	1.47561930765396	2.91847973942804	2.0662166587763	1.86806048711808	1.24841035581764	0.942450696927999	0.945551147828015	0.478760625603942	0.594917297312273	1.6222627158033	1.2523853805282	1.14217160688615	0.488431714822561
"CETP"	4.02950589259178	4.67794228215706	1.26070919291128	0.922140748518095	0.56900298182861	0.779670299395423	1.52473319977126	0.740634027803372	0.818115940703156	1.81609380425289	2.98664848251173	0.399165076880091	1.72360006156526
"TMEM71"	1.73537486757973	1.44373924602935	1.50257501928081	1.19003007887655	2.2340551994712	1.32193963640152	1.63975773648418	0.852866191548698	0.681031801648417	1.01343081496516	2.90446579314037	3.08942696347225	1.01906492448665
"HLA.DQB2"	0	0	0	0	0	0	0	0	0	0	0	0	0
"TNFRSF8"	0.710599056346514	1.48767156221484	0.610392500056627	1.10061440604582	0.526235613638637	0.292271710548184	0.882897332517632	0.652497508691148	0.550818926025968	0.507982844136841	0.284721402124839	0.13309467231061	0.535422951720142
"LAMP3"	2.24115069731225	3.85302753944858	2.11826336585766	2.09928510375371	1.14278264213302	4.81788926185975	1.48949926365724	2.498367044486	0.859263528003476	1.08446231204105	1.02953204189812	0.668262569925245	1.36268028104685
"CD101"	1.04900337261104	0.848032973480138	0.789965821447324	0.206823237090167	0.849776735109344	1.17875287885864	0.814225139553538	0.315009099883956	0.738803282355275	0.237328756481544	0.593341818196392	0.25541975867265	0.436312178857696
"C3"	6.91969165480011	7.73782869874842	4.995959309016	4.95488026491696	6.16178693199864	4.74117302419378	4.27033457658862	7.41496423556107	2.07855177051729	5.9615087322651	10.0578631466463	6.00505521789372	5.78273486438452
"PDE4DIP"	3.61245276434321	3.24416400861376	4.98882099797403	3.81500151556053	2.22195748627705	2.43770846836538	3.57197405460827	3.63713491084374	4.56836050555426	4.99807361826097	3.22023010825914	3.46015802941344	3.09629727895163
"MAP10"	1.24559605775845	0.905303913018977	0.338719341961042	0.548447968920139	0.257443965266924	0.334798790992809	1.3426912716709	0.401314808385581	1.49633962708121	0.206735108479744	0.326798482220062	0.354817724892687	1.54604988895338
"OLR1"	2.91442866650335	0.11656291401569	4.50213325524051	1.4272789817886	2.18392949753416	0.425945313367537	3.06184530707107	1.02486998295522	0.476013513555963	1.26941621792774	3.95830910414378	2.72377260178443	1.1853971967405
"OSCAR"	2.70599558978915	1.08636937331212	3.30058502029254	2.81131894354929	2.14684743832805	1.63014216493049	2.79969141176676	1.6911365873599	1.75071368473541	2.1680306217542	1.39208382467083	1.26375857718693	1.55440712204842
"LILRA2"	2.08507787825891	0.586094091527152	2.66412781178465	1.81789744583121	1.68180230570292	0.845331069736709	1.07669932183164	0.856669437078443	0.51222385191997	0.659028987778002	1.75288771700973	1.35300704937275	0.752684375065177
"PRAM1"	1.84147805075852	0.695965315148618	2.21575468938806	1.23106677287279	1.63325914621458	0.577016415127731	2.0602220879586	0.497327247111587	0.876934543266011	0.519821660655541	1.15529265235619	0.463564392177437	0.787939324798397
"PTCRA"	0.832551421998778	3.51509425229897	3.15735097793523	1.4739219550546	0.33940023939695	0.751266606506749	0.261330418657204	0.156054963565644	0	0.458723212630611	1.35407408770614	0.203040743520222	0.439595480096759
"TREM2"	4.66526484671343	0.820707530321837	6.42977076945889	4.33362051650259	4.34096454398234	3.04629372820525	5.22153685563731	3.06668251135218	2.70411501483413	2.73076927645571	4.21752543026463	4.86714280486509	2.80383147756117
"DPEP2"	2.09280787216119	2.50981996663223	2.63421105464109	2.1125883821003	0.883946851980072	1.34979553063309	1.65536098855199	1.27503089350182	0.996902095445588	0.754313729786681	1.66936925150728	0.950263473442489	1.42481999444652
"APOC1"	10.6257773237987	7.47135006337852	10.811551306466	8.75080243706303	6.74156136523259	9.00939616384236	9.26163893810102	5.77508610785093	5.43202068224912	6.74614478265189	12.455070307288	9.73406348006324	8.51762608695071
"AGRP"	0.0341740118316384	0.181141997664354	0.437073232278597	0.0828320037606468	0.0436970505865699	0.835401861547768	0.0345078174219624	0.0295212288640516	0.248561552466137	0.0899650528841088	0.0582248391120474	0	0.0395850336945015
"FGR"	3.03189447716154	4.34597821885533	4.00913214952379	3.37941371916525	2.52864882726746	1.58394744820707	2.76142889735576	2.59214962824925	1.18562554755028	2.38433168518374	2.29998164506654	2.07826141456305	2.15227429462063
"NLRC4"	1.76271874453827	0.997818439208661	1.50758408648162	0.892835909721869	1.01106834891137	1.25913687486389	1.44833538840169	0.986457901720424	0.723083191049636	1.03982623046508	1.1319581771594	0.887445335423526	0.503488163506068
"TYROBP"	8.41859054722459	7.18366515303274	9.37712808831642	9.33930443633967	7.65974977512686	7.88178390099571	8.34922814285652	7.05978788280749	7.1781768163937	7.15763494029967	7.58759001940925	6.95270048428858	7.13951554037529
"C1orf162"	5.14147570817945	5.5551811559105	5.23880023196329	5.1018664473176	4.5450664028109	4.29917137804795	5.24783639298454	4.4810986968747	3.76110439317571	3.34245803160598	3.88333244394597	2.93913534836469	3.37543915892868
"SIRPB1"	3.25596745635549	3.34121724344506	2.87789930679743	3.3160349286294	3.20359819526394	2.41754335693108	2.43623514512686	3.05881953262263	1.46997972236483	4.68636885774399	3.40100645614724	4.04266184573722	2.7855610135943
"ACP5"	7.09301077928916	7.45036173276647	8.04992476528855	8.97028711509697	6.45194463880064	5.91626404622664	5.07518389493543	6.63705736414762	4.27771700585148	4.00945019263065	7.06691796369235	8.31296007842949	7.0129150038807
"CD33"	3.4873474240931	1.78634543658521	2.7703649837687	3.38974576092671	2.45602809295583	2.41166622296786	2.75042964059091	1.86631456137705	1.20105666770691	2.17302666523031	2.01115746755663	2.01225042314048	2.64896581265944
"MS4A7"	5.53409585107677	3.34058505573753	4.91835760926076	4.22940719002682	4.12367033451306	5.21000499352922	4.91151662651688	4.01966633582775	3.36379344683937	3.92763101892366	4.36083479653459	5.03509599789673	3.31458197547234
"RASGRP4"	1.63091097855525	0.648985363811558	1.6746120542793	1.07125125240213	1.15249172363308	1.24786676711035	1.04986771266874	1.15570390492241	0.860756258251003	0.883394815459227	0.799488551650361	1.16173292689944	0.806808243173259
"MARCO"	2.34107630666854	3.11006585314977	3.49523337515346	3.712414194129	3.4651190387743	2.06581354477551	4.20667838455842	3.15260610410129	0.281994917803122	4.29817807037101	4.40206042610652	0.177295178795456	2.14468923750194
"RETN"	0.653982679846214	0	1.7061370868356	0	0.63279912265361	0.574904154857338	1.940884629834	0.347759754362555	0.451317158386174	1.09236780382021	0.134084222317652	0.3466001061283	0.301250490640407
"LIPA"	7.36264083482827	5.69189981720469	6.65739634407751	5.98741069045652	6.78739981335073	7.03742066114266	5.82571313479608	6.43924745606738	3.88388469978015	6.31631683491057	7.21597945023547	6.90261026817974	5.67518786089745
"CX3CR1"	1.66519490995155	1.0830431287018	0.976016760615306	0.800753319833607	3.48091780682612	1.22079117205175	1.27901062945525	1.30383041986012	0.809350231558294	0.706685256848049	2.76152889376768	4.87900973327236	0.998793041542185
"HPGDS"	1.73849764388979	0.120349684078665	1.83867953465735	0.269345596772562	0.826791297218719	0.601997383281567	0.831918171004084	2.31557057752526	0.186480273564594	1.36018726512468	1.07024161583754	1.95053560148791	1.3941436801116
"MS4A14"	1.0171344447216	1.05861435625336	1.0797569768351	0.906613956358015	0.879607753779048	0.972086043225556	1.39244932029585	0.625478110284715	0.199651616987283	0.49496698064242	0.346519548256508	0.99742863064284	0.285419383131912
"TRPV2"	3.4356919272409	4.28951727342582	5.80839148664745	4.84349650053699	4.28069283466002	3.62213969668091	3.80037707084912	5.31802935841875	2.24759641490671	4.63838667688289	3.58682477935277	5.68456770248265	5.77289516451891
"SIGLEC11"	0.698502987865732	0.234703639296457	0.215920837223794	1.03984307132875	0.578392921030403	1.2534931600049	0.65185352062661	0.198396713428609	0.177082221873211	0.62104565391766	1.18032611784688	0.133169130809142	0.459482505528558
"GLDN"	1.14700379872578	0.177940747602816	0.575873323465338	0.423579246616096	0.530738483540539	3.11501825642407	0.595732315751948	0.893830864894934	0.619354785115407	0.158572286207827	0.122684777120358	0.231743893723542	0.812332280189626
"SUSD2"	3.0105256442816	0.678196332194073	2.41745559260073	1.28485759117728	1.37977342945477	3.49390987443491	2.006497312126	2.1015055304408	1.89291554693023	1.1175387976496	0.905260776467215	0.615199217480888	1.98642731907746
"ATP6V0D2"	1.4946536930386	0.393289883613511	3.55695048189447	0.205557668970006	0.0469607065290541	0.0377924443551617	0.244246530800394	0.588601673759159	0.0491002881178485	0.334994957409217	0.121460942514821	6.90185643495385	0
"ADGRE1"	0	0	0	0	0	0	0	0	0	0	0	0	0
"PTPRO"	2.00628006865434	1.75772734886849	1.89416779797542	1.53304747382825	1.52926874457849	1.56323136179497	1.96299129523343	1.07898207303287	1.79130565293707	1.16514336853549	1.62011247180361	1.34305243492297	0.73873628087816
"HS3ST2"	2.24790473386836	0.588945568217406	3.20470181226885	2.65686243228679	0.237080169258212	0.429257086835129	0.0755872574471621	1.96957048381151	0.230205473202416	1.41970607265401	0.357463610448159	0.15509119296918	0.396408869586518
"APOC2"	5.66429936294471	3.18569055749039	6.86835340974148	4.0426705998219	2.45775186872739	8.3255235857832	5.635485964676	1.73348233344342	1.43287925532515	2.77806135510699	9.92556185730971	9.93440002685889	3.96192887318448
"SLC39A8"	4.04041028309499	4.10863317752516	4.2821432287815	3.62447526812034	3.53817806571395	4.4801099852146	3.79673790543752	4.1753249891849	4.6695824136582	3.79706487240786	3.10137273736782	3.48202863046085	3.83766577385654
"CHIT1"	0.553162887278029	1.28770868624542	7.20806361509551	3.93565775118353	0.0438858514377898	1.12756394946539	0.379511730048582	4.9662712563117	0.0651794976652583	1.29881665145317	1.93549557900187	0.0818429147728159	0.409532686691124
"ABCA3"	1.02890856992352	2.68511711795575	1.38202529738199	1.49511950455662	3.76436738851123	4.76707209447317	2.04448155277207	3.68537955195908	0.553319212664918	2.82962837023203	2.77600394370744	2.78716914446354	2.43020764907844
"NRGN"	2.47550128427875	4.75285026143652	4.43165304340187	1.02252405953784	2.66682247724048	2.9535688343015	3.28626387930091	2.17608017520226	3.90152341678259	7.22883311737416	1.90671553798985	2.59013250130957	3.21029612123659
"BIRC7"	3.13717232164658	4.2401158496969	6.3776807940142	4.25615772734461	0.583585031366746	7.7981120950622	1.99463583798803	3.05503422721458	0.539432804069032	0.942520510691464	5.3890969645731	5.43808821127045	4.5424902244917
"AQP4"	0.193621001482475	0.0572777969971065	0.00400907687573059	0.212502727444932	0.00795626858585127	4.1685056533582	0.277914544348494	0.00966272459987791	0	0.00566501683970631	0.122696967822873	0.0113568013847632	0.146188975137631
"CXCL9"	7.64529816394863	7.28613262949971	5.3326327540246	8.84493011389565	7.19700039552755	6.71769013031758	6.21654507926787	6.28150352875899	2.92193136296064	3.97205386734938	6.27061396918126	1.03255016035086	5.5975892741557
"CXCL10"	7.51745286922067	5.71347037613036	6.91062474351024	8.23361728025432	7.12918511645982	6.37545306050381	6.71088218180837	4.5355086777087	2.21185948901512	6.39273127949008	6.48078535508614	1.21180031909357	6.37438572503193
"C1QB"	8.7819923932832	7.6110616944069	9.68565549776516	10.1421198244588	8.63345482397625	9.13548997979048	8.60009316779712	7.48734967530341	6.97402446444712	8.23100512035072	8.15279438623816	7.60125451944113	7.68193059874027
"SLAMF8"	3.52472191823284	3.07245914029719	3.3437631221496	4.53065759192114	2.85196386831855	3.75137802244915	4.07717034954496	3.00885705288357	2.0438134270494	3.40233198529719	3.15606567786321	1.72633643163123	2.9673051220877
"ADAMDEC1"	3.35026738765206	4.35588314353098	1.42754181320327	4.45041947339778	1.87508409952635	2.21234054382611	2.23625993155808	2.21270317490114	2.24705859755066	2.09360242879573	1.56349008294706	0.376145884301682	2.11251498890515
"LILRB4"	4.56613016782684	4.65735989855236	3.92332035364441	3.92758361471187	4.08306866591455	3.26660591146315	4.37512286190072	3.04250951615989	1.66734718076561	3.62038699979558	3.41538077477156	3.14516956975718	2.37234063328932
"TBX21"	1.12106514820852	2.67917379339015	0.936926213665726	3.10719489218612	1.02571630347152	0.82001757581962	0.682849675063065	0.797401519053165	0.278677074774088	0.756547249361426	0.405006635069662	0.21609162346576	1.01782572512174
"C1QA"	9.00274330091327	8.08007134277669	9.10087123873596	10.2503635627633	8.18462247728853	8.80613229975098	8.44851074647661	7.51189098775539	7.62923274700571	8.09002770847768	7.62608499045298	7.36623040345829	7.63885580927779
"C1QC"	9.26241553915933	7.66154297275462	9.29752159890574	9.65881575256097	8.6912183314411	8.73698869964395	8.72252067097555	7.21500872934454	6.88645259872287	8.30475743249773	7.71492548506282	7.8098195665024	7.40936123328698
"SLAMF7"	5.20649671236302	4.32652296713685	3.85093940614951	6.23203231857203	3.69438992740731	3.85478861217141	3.06499404929525	5.22563933711894	0.925147217520578	3.08468170139589	3.56295672490527	6.16489687301668	3.28272371961728
"CCR5"	3.45392181958935	3.38318448307007	2.87062807986948	4.4096047786123	3.03560455637475	2.94204525991605	4.09772876920105	2.76021988174653	1.25225214755871	2.01780613152758	2.44784364436209	0.679727349209826	2.23382058561406
"IFI30"	8.79108798370772	8.51403938964005	9.92407538313918	9.7577191829841	7.88557741472138	7.48932616830064	9.02481138798406	7.43028945518137	6.40843334781671	7.71705946193143	7.65460380917225	6.98863356675087	7.43963975837198
"FCGR1A"	2.27534830585919	1.24744147114441	3.10614979288495	3.63105770550294	2.99581553192572	2.96168351649077	3.21530972268128	1.37335588460634	1.76454149088123	1.98890277851356	2.30632057639881	2.22681368302342	1.66787169352715
"FCGR3A"	6.54203744916443	3.03725393769074	6.88770803302981	7.43341435220163	6.84144483888643	7.32758857066994	7.54427671945958	5.22621949944792	3.9881756777934	5.84595289362279	6.53883843518762	6.32592512986474	5.08136945602261
"SIGLEC10"	2.97582917130148	4.03025661317534	2.30338185177403	2.73211721459185	3.10563366338817	2.5118576307159	2.59654401170811	0.722044521078987	1.26236099100569	2.40948055017579	2.46258112277524	2.22663491422285	1.06861922350772
"IL12RB1"	2.57263384014805	3.95391705206277	2.37224589576648	4.0799753767206	3.25090247031986	2.58096912946093	2.30036683847653	1.11569582464362	1.08875220401058	1.25437937629223	2.12781979460203	1.22193583916402	1.68173260393601
"TNFSF13B"	4.03630111368094	4.9247222581305	3.82468130920778	4.83764559228131	4.16294715023383	3.58868465719203	4.79450684424981	2.39239573838386	2.59986048776766	2.76908301588514	7.03234332959447	2.81096538212749	3.6199411586389
"LILRB2"	3.70927960590259	2.61563522751549	3.18266846425147	3.60697514510161	3.08850120791262	2.97754645396208	4.03322034922297	2.04293494815717	2.10195928793163	2.51123271556199	2.10839230822376	2.22972634099754	2.44773654883814
"TFEC"	2.79752250170976	1.84091435172866	2.13053061465728	2.43015678977629	1.45104754216231	2.11235484533649	2.09237321669818	1.49065227444445	0.563533035930359	1.30757424460461	1.83208390461104	1.81715251425211	1.2252224784976
"TLR8"	2.87366655955563	1.24874126762916	1.54963960195125	2.55814393418641	1.82458661401281	2.69083609791913	2.47799458198432	1.4514537939456	0.46317147878557	1.13571544159011	1.84237951133242	1.43342152999943	1.29355882866768
"HLA.DRA"	0	0	0	0	0	0	0	0	0	0	0	0	0
"HLA.DQA1"	0	0	0	0	0	0	0	0	0	0	0	0	0
"FPR3"	4.97427002624067	2.41235339455826	4.60338599941791	4.17132694023331	3.6871278930653	4.38959778532186	4.84567069014449	4.01957738545187	2.659173339645	3.69548722244653	3.72074907046319	4.19873772537662	2.88976944962699
"ABI3"	3.86636402209807	4.792615924228	3.90390112169981	4.04246486478731	3.35134776208398	3.21538738818826	4.15279590699545	2.2843808732376	2.41844364562659	3.79207966926486	2.52255673747915	2.35982193480608	2.48009576350289
"CD300LF"	3.15153251778743	2.7996447916904	3.15110139782512	2.60179039555843	1.28891367885705	1.72927649481996	1.96914496303026	1.10461846108954	1.06391015280983	1.86668646443561	2.26281197320203	1.236621192369	1.32642229610106
"IL2RA"	1.98326726162587	2.99478244754365	1.15351676821311	1.44974359826768	2.06246541654846	2.32027092958544	2.06317329369916	1.68366277231705	1.40575824299507	2.44017351711988	0.989994922065593	0.961300306228272	0.977936360678371
"FCGR1B"	1.9074771723293	0.847826177540112	2.50342124976246	2.85571169268189	2.33412916505506	2.38905599628369	2.87089336428343	0.954006420607828	1.16157815481985	1.65739305687184	1.78723184407375	1.80601878011002	1.2763924424198
"HCST"	6.63046663094956	6.50775817601707	5.9479150773521	7.81708918244528	5.60119285194742	6.00617682165284	6.47389728460058	5.40898522719739	4.23863402362735	4.63463973130597	5.19192383194224	3.23459481986714	5.4181477731291
"FCER1G"	7.78421931572168	8.08042316371117	8.08494919647066	8.55991620781062	7.78144496116751	7.49029334133546	7.96548994485006	7.20986759358378	7.0618517859155	6.9125420898278	6.64905494076252	6.6426286555595	5.95523956007283
"CYBB"	6.11757038045435	6.08145680757487	4.84512117566699	5.33580836303442	5.33463977939776	5.84452374898849	6.03669673510116	4.49712372080939	3.51575029231033	4.56789524904585	4.68844335504423	5.35284854945269	3.85534691718876
"HLA.DRB1"	0	0	0	0	0	0	0	0	0	0	0	0	0
"HK3"	2.83735999272739	1.84379093599301	3.26815214511437	2.77462789323153	1.49109628446021	2.4633255700933	3.05921508570642	1.77400265270713	1.2389091166984	2.60176187597838	1.97490737385768	1.62774923303988	1.42992120751757
"HLA.DPA1"	0	0	0	0	0	0	0	0	0	0	0	0	0
"HLA.DQB1"	0	0	0	0	0	0	0	0	0	0	0	0	0
"IGSF6"	4.91685160087582	5.17807321229517	5.56121003180002	5.27057939844931	3.59825204366237	4.6298782276175	3.00560658556402	3.75858567547363	2.30863755065533	3.66882826786726	4.50366993441611	3.78349856210424	3.03379122722978
"HAVCR2"	4.13555949452328	3.56451230979655	4.59073673813273	4.24210704221451	3.75099231521594	3.46066787192219	4.56509446014856	3.04201039280027	1.7437863768554	3.16173050871338	3.38174988845875	3.15173626035644	2.37631539131631
"LAIR1"	4.50086896094879	4.84116301041455	4.48869816201728	4.60399420386288	4.16047250258916	4.18949250318054	4.63835771309346	3.54567189445804	3.41018640554273	3.79667561761207	3.22859399729161	3.538227739736	3.45082590205398
"HLA.DPB1"	0	0	0	0	0	0	0	0	0	0	0	0	0
"IL27"	0.651084765121945	0.268217583759712	1.05444147889694	0.929586885478024	0.499449976374835	0.368652705395176	0.472102481451355	0.127927533093192	0	0.589758693970235	1.45714247608139	0.0200960667865309	0.662039568786356
"SIGLEC1"	3.55028504908841	1.957558058508	3.80171741109224	3.65472194329227	2.56414644069312	2.71593070007332	2.05659046438354	2.38002288681116	1.98131930540933	3.26930848935646	1.7698626980928	1.41023797374301	2.45734213305812
"ITGB2"	6.2768920870601	7.11259588801209	6.12766526131237	7.17150208683185	6.28060561616516	5.30951455235304	5.95658292630072	4.86138224042648	4.20522045540311	5.32935684902079	5.15067949002268	4.52500079706711	5.0022299446129
"CD74"	10.7827566478147	12.7593243903225	10.5201079016375	11.9947052276816	11.8092536498975	10.1345995872452	11.3477431565622	9.99873849935019	9.32523348721314	9.06701614715627	10.837533327116	9.63364735138328	9.76555132134865
"CLEC4E"	2.01902933015924	1.23598433282806	1.93962904666768	3.01691879723625	0.981833295479576	1.17073588872612	1.50601792194349	1.19855701479858	0.977179526751798	1.34723476750845	0.92672134473339	1.50632773603909	0.656689022118907
"HLA.DRB5"	0	0	0	0	0	0	0	0	0	0	0	0	0
"CCL8"	3.87417727053822	1.81750865590692	3.96577505138428	5.23276435085304	2.39838868116235	3.37525495041105	3.45717268910867	2.15404522497203	1.16173292689944	5.25506257074145	1.47197298842734	0.419288083473197	2.79216506689352
"CD80"	0.915858924082818	1.60277516347636	0.960200303482375	1.12523449803539	0.701089894146246	1.25665442776476	0.812988145038394	0.505681114103245	0.0697878047753227	0.958953633244325	0.752230498094169	0.086202495633024	0.207516827570867
"MS4A6A"	7.16459523066363	4.65100575388907	6.01302893957111	6.57127103284869	5.61686638552226	6.93879154052885	6.44940290055051	5.50835734005231	4.16656281325259	5.01779054552402	5.98435579348974	5.94490645677544	5.19195737970836
"CMKLR1"	3.89324570309532	3.15870864133109	3.25787884120803	3.51392652021313	3.03122931915932	3.23394786453271	3.42454054298404	3.48408011280823	3.08088445218609	2.86863738417031	2.1570097449522	2.16515623500795	2.74182828907257
"SPI1"	5.71789846450272	6.68596817255299	6.05285601768287	6.01398698377449	5.82946524653295	4.65524591258878	5.66831204614568	4.59543503298958	4.78416892050203	4.68459996083142	4.41935685775859	4.2187501750765	4.75635616597544
"CD86"	4.06953891772183	4.0176101809488	3.62417109705828	4.08499117073477	3.38039006499632	3.54456575353618	4.15212661891957	2.49573608956244	1.99222097276172	2.53150498111728	3.03123373103163	2.60174880431578	2.08666319689987
"PILRA"	4.56614234819896	2.77027299926238	4.33028231119405	4.28103794550019	3.5702443243068	3.73002579681294	4.14419324285709	2.99862247047587	2.15770021342646	3.18552089124901	3.49573736851055	2.49167867998646	2.57394766086885
"AIF1"	5.38905909476641	4.0376194300657	4.86249354577279	5.38001595802256	4.61976806474776	4.75463901661956	5.35341680921447	3.51284631580468	3.4283112584409	3.77034278114896	4.02906410969844	3.77492407618519	3.76596430850235
"CLEC12A"	2.80501482877095	0.827275981420069	1.57650278898886	2.69067186348493	1.72059148952835	2.22875405631023	1.93953878302766	2.06664204583748	0.719789748879836	0.986715279944177	2.26112758656132	1.73156341983729	1.10789873508112
"DNAJC5B"	1.66330134925268	1.30807540701156	1.33081651322948	2.1247268064095	0.667818569744894	1.07507048400931	0.822115418712579	0.970528275197848	0.220775697356127	0.760981807357614	1.92245286693164	0.150569944368413	0.58524716445666
"HCK"	4.20144959215515	4.56718643280405	4.62895144276279	4.73299362176187	4.15352568550016	3.98149193443778	3.98497207401928	3.12482356273006	2.26659466823221	3.76590067773696	3.52433954726895	3.18884556571513	3.27358451678947
"HLA.DQA2"	0	0	0	0	0	0	0	0	0	0	0	0	0
"LST1"	3.79586563106399	4.79033937295996	4.83484771329357	4.76521646970451	3.68245531512527	3.20660649980123	3.79247537181457	2.98145722761488	3.00751666268462	2.6300734176983	3.4655957889636	2.30813804007326	3.45276475826327
"SIRPD"	0.588714875406874	0.133302580816193	0.440010818066459	0.340506440063079	0.14752539867914	0.0779532317342691	0.269924827524514	0.0700058635519768	0.295045886149203	0.496280818849712	0.310007913468148	0.0881912013819314	0.118199964049988
"ADORA3"	3.28598657695273	0.511819182214035	5.27880811269284	2.86180751505544	2.9884283868409	3.25045532910946	3.8758783359503	2.64024146507221	2.51604793515473	2.49280816484673	2.85019734130274	4.2080411730523	1.22037020117555
"SIGLEC12"	0.0471397953081019	2.54862650539331	0.418194266577404	0.154554564836984	0.19023936299951	1.46660101948806	0.520042005846198	0.165030138629618	0.211256465010419	2.00122757174243	0	0.0386374706311225	0.0198786559948563
"SLC2A5"	2.92905526287342	3.75993344353276	2.82401118162359	3.60296158787015	4.25263894338009	3.03113313698974	4.38346238320478	2.30386986380191	2.65394967227229	0.952781589674874	1.34350162995996	1.36666911883316	1.7525880451925
"LAIR2"	2.01200900666127	2.2771188704862	1.72058711203445	2.21300970604367	1.10535625128632	1.47546626449681	1.81407662491003	1.05305501810813	1.08172138658949	1.52552769956239	1.0100937690249	1.1335996912984	1.40882868471132
"IFNL1"	0.138070653723901	0.1690450097393	0	0.423059621876463	0	0.174097647472762	0	0.0275085230054186	0.230509230708681	0.14439792657534	0.0584517873701507	0	0.0734118345396096
"AF165138.7"	0	0	0	0	0	0	0	0	0	0	0	0	0
"CYP27B1"	0.517655153997378	1.21840921134314	1.09889112580627	0.656213524260829	0.898002819138599	0.922004080298505	0.620527763119977	1.47057330618502	0.78489088321341	0.522285798481589	0.762345838820045	0.2521401012191	0.479115161686488
"AQP9"	2.07390761478678	0.0642590200782017	2.887170402104	0.670186806522515	0.516556812604255	0.490596827758656	2.56946192666983	0.631736181787354	0.373206079005518	2.5230136277525	6.13924743356143	2.10037219410711	0.179517419771979
"CD300E"	1.51521286623886	0.956546639314671	1.69385267266737	1.02932424784274	0.590334700296629	0.679534597160973	1.95378857507968	0.883657176434198	0.788081781901508	1.22229142914882	0.659232720713808	0.386048295770659	0.957364524318578
"FPR1"	3.53244912758646	3.75238466100307	4.53830224756233	2.83650184479502	3.94336814054021	3.5813813783295	5.09473433863575	2.99172318576977	2.790042166471	3.5410129559766	3.58338068054149	4.51315277174468	2.89002442613638
"FCAR"	0.807542872368148	0.192052730040384	1.16643908938249	0.597932045920419	0.393903789629869	0.232657687223093	1.14860551649149	0.272723756528294	0.272940487269096	0.43404743015991	0.365808418408211	0.431320216034849	0.0472515661596072
"SLC11A1"	1.85739384802808	0.27265269996994	3.70229737870774	0.842983255376094	2.29140316980316	0.361460139891246	3.41465919307706	0.542435867999351	1.46307310289175	1.63126961808597	0.831375858076786	2.42432285578395	0.717531885883271
"CLEC5A"	1.21430202209155	0.129419794438854	2.46932206919275	0.770454425147373	2.45063985639217	0.606106744763902	3.13583608380827	1.12405677693022	0.842719827186706	0.9050439187257	0.606677209565587	2.02989984880894	0.259699130197789
"C5AR1"	4.05805235257131	3.44182339712934	3.8490785222804	2.25135250304259	2.64958557025096	2.68724885368254	4.15653819311427	2.67658222991826	2.44099736457067	2.37386115494441	2.9122838759115	3.43424256789371	1.54343401696032
"LILRA6"	1.35774904219214	0.274489492157746	2.06072705466059	1.40266761094833	1.12700918740618	0.686166567661608	0.945374351233926	0.781199801590299	0.183434427225955	0.950892015311705	0.443820387885414	0.411084514325938	0.62871434668669
"OSM"	1.5210708440088	1.34247509923086	2.2120852466844	0.815342611559982	0.485429403409086	0.335679329280092	2.74180672130338	0.577857071170041	1.12228839065705	1.53683870625201	1.74357959382556	0.586285806786234	0.424868355551195
"LILRA5"	1.48034009888068	1.40333862810357	2.71937184393258	2.1750502780484	1.5141500404642	1.39601422561055	2.6619433748474	0.758395714756391	1.06766624896076	1.91294105681802	1.31273777111991	0.505261899498046	1.3019329156595
"SIGLEC9"	2.51296764222922	1.01933185395372	2.68547599006768	2.35967296589486	2.03111460574328	2.09013020838155	2.82191629960625	1.43411310189248	1.11484673291696	1.97231033511073	1.84575096697399	2.295326302319	1.29592868941729
"MRC1"	1.58574855533801	1.80671999654575	0.93289154056034	3.72969958833598	2.20590856266485	4.10666657522343	0.894806512667454	1.45168588647002	1.82480857790486	3.38284982579953	3.03997007317744	1.39171273815219	2.41557750715836
"CD300LB"	1.38342505644818	0.823502369337883	1.0492822485682	0.336405083342976	0.465946785383466	0.421908357775151	1.59034332426784	0.59207473971043	0.622046663826307	0.220459977328669	0.3302818808845	0.461474601459781	0.265703325937842
"GPR84"	1.78306895000755	0.427868944600819	1.24526138079071	1.84312158618582	1.79092630625101	1.34506135417552	2.76308539078176	1.04989210185101	3.07974503213782	2.32195117782335	1.03359215036791	0.98669343916215	1.11862219150155
"FCGR3B"	4.1035354060949	0.93084404574803	4.50202820497839	4.09842376887653	4.08552238499347	4.59355695315666	4.81816288823153	2.78260147055281	1.54306028709369	3.46251699598676	4.40588347292226	4.71613489744394	1.88380260786517
"FCN1"	4.79049577283879	2.19265184055955	3.99355209427809	4.53674609788842	1.40837220357268	3.01394010131203	4.79761224643995	3.50651308479422	3.28763777297445	2.37392099618364	3.75332106078506	3.07227133209124	3.98609687596731
"CCR1"	4.40632917603736	3.56292620646784	4.46296516949327	3.99087319610227	3.50938548345639	4.07230735199817	4.13098851060011	3.99961673322489	1.79707940255344	3.86474577700599	3.08764189405266	3.5810981205709	2.56611616027176
"NCF2"	4.67971654136525	3.14414265487353	4.87857331597805	4.48381900116019	3.34263509839516	2.96219918017232	3.81605180843776	3.38148411744357	1.44308145732953	3.15967358320615	3.48646467895492	2.95013429731063	2.42121521876354
"LILRB3"	2.34354000406377	1.39228444651524	2.79354010566039	2.48147849216735	2.34623216962725	1.45017397725417	2.45829275170205	1.47612760569053	1.26547890402855	2.33838875702602	1.55398463499015	1.13114495252084	1.19049160169872
"MSR1"	5.69165978111602	0.773274797193714	5.39976753516748	4.90394208226741	4.94468278230822	5.01522546840838	5.39665957686682	4.01379274651085	2.59304296640973	4.04578368335177	4.20422289921553	5.13605395286495	3.51304852084416
"LILRA1"	1.52345406352401	0.804909337210799	0.886146643526245	0.851542377724981	1.17084482698852	0.8628314311518	1.10862146953067	0.278410651292817	0.114767592089955	0.328321780571648	1.01919020953345	1.0984903027988	0.380235168765521
"BCL2A1"	6.60344608956386	6.97263522073365	6.54980776628262	6.57155395118817	5.11780722945432	2.85780189083303	5.85109187220382	5.96428656713737	5.05579867608881	5.40545635335024	5.97492388884363	4.73941339293609	5.61960228587488
"ITGAM"	3.35849472647171	2.03873817481157	3.18997395901408	2.43479500355054	2.58776581723327	2.10800750299062	3.35367898033639	2.28989051972406	1.3999257472761	2.40547098981829	1.9504646814285	2.81849066010209	1.45943686479154
"SRGN"	7.75772001623973	7.97915649604846	7.06496905210714	7.8432395740965	7.24986720322664	7.13891683634224	8.47627636568869	6.08313676293869	4.70548586430495	7.69049392174717	7.33545288501239	7.13058085854061	6.26469030025608
"CD163"	6.43035971438897	2.01718790605397	4.89889518662828	5.34253518988657	4.88972419145345	6.06247254021314	5.91328198318617	4.64545092876176	3.35789820988493	5.37249073772925	4.19850201143381	5.66804819119308	3.67104988299206
"VSIG4"	5.65182809716713	0.664348121856559	4.97730282323946	5.21153402441131	5.36132973029508	5.47511569557587	5.67274213433396	4.38912278432591	3.62359767721886	5.1965224595271	3.76814726424482	5.73982245575937	3.97607030069573
"SIRPB2"	2.7592442680827	1.67314028892151	2.22252019723865	1.61258133002158	1.49633195657826	1.55523699796171	2.02152769799974	1.36045417878863	0.867494825032764	1.10798240343163	1.62769087616978	1.31478931913695	0.667401684475813
"ITGAX"	3.73538136685499	4.37931597890974	3.44146356005484	3.53943181143483	2.6300874004516	1.9596885608967	2.61965950374484	2.43152000189858	1.11086432413219	2.0911023246739	2.22226514941023	2.47009299076385	1.91443058007092
"C3AR1"	5.1306426314088	3.15333678936501	4.75552054607916	4.59928208298297	4.33158341052422	5.06530733938519	4.65750567512912	4.08827306884833	3.0082036001234	4.06704062473271	4.14339750055432	4.88074184117815	2.95075673770971
"RNASE2"	2.58493605106962	0.307091565548303	1.81372373875057	1.31318779448093	2.45646580124105	1.60166561823323	4.43973947924025	0.993398656581652	1.4943695253478	1.63287076387211	1.8985005388157	2.15751913890997	0.838594426318914
"CD300C"	1.92842907196566	1.27236366075574	2.14220428911827	2.00135549635491	1.63344516060284	1.45804334057353	2.19851458381636	1.28720039743073	0.790746185869529	1.33739997300651	1.17906511534264	1.23465459493589	0.797375785584461
"MS4A4A"	5.61816816388762	2.2356045327633	4.94976135767342	4.71654649783727	4.16294715023383	5.86088212184327	4.81251619473284	4.87755531322728	2.84979314545176	4.72291952776273	3.78129675818566	5.15105308162836	3.42897246575242
"ALOX5AP"	4.9431008475708	6.53084015337918	5.9169829319962	6.0075991842052	5.69761537678963	4.25849631175915	6.49934045675907	4.34179721706756	3.9529299061698	4.40759408662716	4.60161629850514	5.42622449288335	3.99168056214312
"CD209"	3.36230786577089	1.47604981657749	1.33295707236286	3.08764019697402	3.10031752259314	3.43077166560345	2.17643926875322	3.50474749649957	2.04815246784433	2.87745568208308	1.01821611654042	1.50366675457602	2.52163247308655
"CLEC4D"	0.73096117111848	0.0992065861354329	0.430882569600087	1.89545968038913	0.106959040569825	0.0902120675371046	0.624700781259659	0.195256245744027	0.232987321428078	0.371077605222824	0.0961622510290538	0.191071141090464	0.405430415802607
"MNDA"	4.22264229508723	3.96130845675677	4.42130410135201	3.64741813116786	4.22689766588945	3.6491038151266	3.94746044355039	3.22564974740227	2.55402885454891	3.29667911751118	3.83051900979236	4.04615051463912	2.37433842414815
"CD68"	8.39974361390031	6.53637311812513	8.1430489700567	7.70236664813014	6.5779242445067	7.39537989701297	7.50294713551789	6.51465094101323	5.71233439897319	7.17497061002039	6.43283917767973	7.29570006905183	5.87184364850932
"FCGR2B"	3.51350969504827	3.5603603502528	4.20859139032681	3.17978730151385	3.26927557068844	2.36360003635637	6.29822940191493	3.72478667744771	2.9677570037925	2.68808633971007	2.99584718220067	3.02175065147009	3.55232173311162
"MMP12"	1.8718397067142	4.08790406872561	2.53381623372934	1.06495663954936	1.66030344436856	0.93343213860433	0.181445957193203	1.40301406934495	0.10505742464697	6.29899823985738	1.05298270490238	0.0287269206599429	0.184055540260089
"LRRC25"	3.52076166625319	3.03693581367523	2.9539235687063	3.37062045723016	3.14521278366354	2.97143595132791	3.16799691424491	2.23796899873402	1.84844567520728	2.81206072976155	2.26294273167381	2.34841656926462	2.00811214691138
"CD14"	7.48297731978792	6.18208840008882	6.97624332974845	7.91496508362986	7.22771701275415	7.23998510540356	7.93706185240179	5.9313603999575	6.32796395000756	6.80012335282653	7.00514169885443	6.77350848938399	6.86805702899161
"CLEC4A"	3.10081789991941	2.71036894499128	2.54298478685668	2.91095806539386	2.01429458423518	2.87838301632214	2.6952689439461	1.89853536502434	1.59283253761365	2.28564042883785	2.55851867544146	1.62701609932884	1.84443587125417
"CD300A"	4.21500290304753	3.92354855295275	4.0866309301823	3.12231324255701	3.69613295522708	3.23692268404206	4.05007500757696	2.28012489197573	1.93745362602051	3.02451560714188	2.78230895681667	2.78407257565005	2.10671514492116
"SPP1"	9.96242972844158	8.32074189237874	9.52441830203498	10.2751001937078	9.85424427489027	5.91640976298491	11.1405965439107	3.04461181872954	6.90822447169871	8.05554545930326	9.48423180180821	9.57249181162506	4.86092556333493
"CSF1R"	5.82733508182961	4.40102284499268	4.38464735123493	5.15316692386665	5.29535936667116	5.37569631638741	6.0749388733628	4.10526320990546	4.01119146719541	4.55712515028749	4.31194626052398	5.4551989750455	3.92861667355163
"MMP19"	3.17448072467928	2.23812037617356	2.82912701686587	1.94067982633358	1.99108914274247	1.69995355898514	2.36109737828446	2.66613507677933	2.82200198947552	1.94459423979733	1.09370889994381	1.11304367008518	2.39736762386892
"MMP9"	5.20655922580757	7.50866633534206	6.05769719885093	7.05100768383708	3.04789256286363	3.52441979088965	5.44203945541881	4.54025050259389	5.91188328940579	5.25862067861005	2.08767838076066	3.91049283228871	4.04186500159414
"CCL18"	6.6668971626042	5.05588975819628	7.92529035429863	5.01501132007074	3.39702460000291	3.18083291496353	3.41336322731778	7.10928741976578	3.75912386826799	7.86070523940709	4.90100684522151	2.45559025183124	2.8506944269433
"VSTM1"	0.358041734048454	0	0.58503607629208	0	0.262634002401401	0	0.917936180802532	0.106909139432112	0.133558791273768	0.457761848016375	0.160355516794419	0.303659775865499	0.118999991601018
"MEIKIN"	0	0	0	0	0	0	0	0	0	0	0	0	0
"MS4A6E"	0.758121922650742	0	0.945759754926087	0.321292592043355	0.39330361424253	0.702041773469428	0.708251256262329	0.391204057108081	0	0.291637149803428	0.268988847255194	0.342553607704757	0.483489223764738
"CCL13"	2.31132581932577	0.521504084105841	2.13080734612751	2.93606781461157	1.44548040729291	1.99827494850246	2.63001165891678	5.53200051679453	1.51927014709713	3.71890407612679	0.545485084143125	1.13224648197025	3.65312882444817
"CEACAM4"	0.721636892383202	1.08854869701024	0.753791064861096	1.3423129486415	0.51101962592489	0.300878005598221	1.07113452783578	0.344828496997441	0.907992009361398	0.40197608224632	0.536221039036388	0.562546747342225	0.664993837091242
"CACNA2D4"	0.83917556391788	0.543290971533938	0.642576355716944	0.507321231730906	0.860093145724767	0.744627850333659	1.24186458412011	0.644165470437789	1.69507625231606	3.15574680444143	0.215255509679624	0.904369255768832	0.948823214694596
"GLIPR1"	4.15485455562434	3.49142984370426	2.89635032773279	2.76154910496635	2.1866415875027	3.02510234525078	4.15051093605473	2.95608082107018	2.26949700907746	4.95803992383967	2.35957879836535	3.07286811740748	2.1455763814941
"CCL2"	7.33338795215446	6.169508162662	6.39647292053514	6.93404464711225	4.88653307679521	5.98173508711573	9.14450147504794	6.29872887247618	6.67818461126018	7.20606197365647	5.07531655300699	3.50769317236394	5.86702910406753
"TMIGD3"	0	0	0	0	0	0	0	0	0	0	0	0	0
"CHI3L1"	3.56747851944892	1.92858256598681	3.61258250947018	5.89108739688885	2.5092385149258	2.85161913055916	4.47622289163827	4.19282540355239	8.33365629230581	1.99531446078756	5.45630512646423	1.48054174135682	6.85359026874852
"HMOX1"	7.8958842359515	5.36078915579375	7.2220848497662	6.64544228212875	4.9389679227723	4.58267642328381	5.51989725089727	5.01635145477346	4.97558891866999	5.14140826621312	5.35354913572204	4.69062381858525	4.14967396691563
"CAP1"	7.3994018381986	8.15516228996823	7.33619410941885	7.25820325352821	7.12099985459484	6.79280330614805	7.64649750906682	7.80064756795972	6.92342257238095	7.5330259750585	6.4590102245722	6.82179948795577	6.90940110387118
"VMO1"	3.09390323177918	1.14186435770946	3.00611935925156	2.61716210691624	2.87250768723451	2.64767715266284	4.2975069257396	0.666283946646546	8.14265339054995	1.78237920746215	2.49570155753472	1.29572302453997	1.09811834722651
"CLLU1OS"	0	0.144075092670957	0.0870520390040735	0	0.037504169389588	0.0959406185887571	0	0	0	0.257480172220755	1.29689492180975	0.0361624622639237	0.197565375185107
"LBP"	1.39664724801916	4.26773054126426	0.0167709977155142	0.0247172521577233	0.708383702915981	0.0298660045975219	0.0494058430955054	0.154831521497759	0.205156006733675	2.61102715874999	8.11038934561388	0.0113872895167298	1.14748254705208
"PLB1"	1.11357049075023	0.281164094449811	1.63338005829508	0.656558149985831	0.891169512893545	0.950257126908495	1.18133158228197	0.740419452285044	0.977789127875945	0.828187575961311	0.800503188348582	2.82935437277541	0.613442071032915
"TFPI2"	2.30739937954348	0.730942482612941	0.126264282022209	0.552051899292841	0.499508655567135	0.29205256234404	4.99659889818162	0.759513373285556	3.19942578975985	6.29066307612893	1.5717763027499	3.92338691550471	3.03987622620462
"EMCN"	3.86842502595511	1.29751426234132	2.61870498895787	2.58726656745163	2.34336233759923	5.58740099785087	2.52045996555082	3.86511214431416	3.75412855184494	1.67354511755837	1.51734373137132	1.49288121117208	2.4997183503928
"LDB2"	4.3388664977725	1.8160139087259	3.43583724973322	1.46969325684522	1.72114294751398	2.07807521440631	2.62781225580835	2.77849456339384	2.96871563090729	2.36146940427953	2.61524324823352	2.50763482512732	2.65585782812741
"CD34"	5.91386477109586	3.10581382696582	5.53540136389401	3.24041813857531	3.1352179936545	2.1937402087342	4.10655351873222	5.28111771744169	4.52555526110259	3.68757024604645	2.67204849475863	3.32206730824187	4.24590632522423
"S1PR1"	4.38094411929345	4.72062322596188	3.7878398889244	2.52802364090111	2.17609454066053	2.05152523854334	2.73401045492977	3.75856435677384	3.29772554046243	2.6371499848578	2.31854389426554	2.76223930700081	2.31435864896413
"ARHGEF15"	3.00249640636549	1.22856629296638	2.60576217711072	1.26982611145025	1.25257612449796	0.767005969214308	1.55839499709603	2.40886807661085	1.68891439055338	1.35419259881976	1.00035558050408	1.08896246442391	1.49944283265802
"CXorf36"	3.48885559080075	1.66624303737403	2.85118134477908	1.23250727043012	1.23510512730305	0.776245091490467	2.42672902648762	2.9807044321384	1.72753713673579	2.07818112936913	0.928764084752321	1.5111947565292	1.54129180168906
"ADGRL4"	0	0	0	0	0	0	0	0	0	0	0	0	0
"SEMA3G"	3.45478851359112	1.47298158254093	2.27015663417393	1.46256280112653	1.70273510555544	0.883957014978176	1.41706396360465	1.32660637495946	1.69654139896061	1.98328368119083	0.513707007303932	1.13750024489384	2.13468423666287
"TEK"	2.77656831371894	0.971379111831431	2.1284286885746	0.738727635299613	0.846060392357169	1.14433031105904	1.4125241201629	2.02318614386713	1.12163214561525	1.12392769847129	1.38349970899565	1.55708654120018	1.05473736262941
"CNRIP1"	3.99776660327015	3.19883042897534	3.89715812183224	3.6245513008666	4.24855381085398	3.92213599009289	4.13355941596132	3.76344344514244	4.91323889300897	3.22896179874589	4.57017448462338	2.92795237840533	2.63921363735131
"ECSCR"	5.38461799789568	3.26724513240576	4.6174130991862	2.87899992759201	2.3884485651597	2.5172000914886	5.85762027627561	4.57738954993975	3.07156533191087	5.55299947718866	3.0013293718276	3.22389513278428	3.94833452233846
"MYCT1"	3.35666711492227	1.40782586665053	2.50252664825771	1.10905627413381	1.18966644665005	0.998994090956461	1.89085327498293	2.76818432477693	1.33763688632068	4.13948995981422	1.64054458070393	1.36657121066495	1.53483853553933
"CAV1"	7.15194504634401	4.6232581989027	5.99022085004798	6.41528375081339	6.69492893167323	5.89723921525966	6.88863367296184	7.65019730535385	4.38384250813241	7.79038759806391	6.95377740262739	4.65903401292741	7.44172830131433
"AQP1"	6.70859421288643	4.72809465627692	5.26692330919622	4.72422187394115	4.43086063028203	4.72781156780962	10.5281512790768	6.8915528535433	4.41958608170127	4.51883094925974	3.31387417264381	4.46993805818782	6.10676287561727
"DLC1"	4.64040112933527	3.41028682612724	3.18405014319019	3.45888722644598	5.26388699701794	4.80614615872053	4.68117936726462	3.25833951887563	4.08386009538357	3.41798479805056	3.60944767133049	2.21109164858378	5.08227041428118
"ABCA6"	2.05542648086734	2.14850139377743	0.17540579541121	0.3784106310661	0.62332141815912	1.02466506188351	3.4033188566543	2.0304914643278	2.39655135338512	0.705820025725137	3.35527779243894	0.101009393392296	1.82148981479941
"LHFP"	5.45595019850926	3.97114805186031	4.07359747220478	4.33018907445851	4.62602729654169	4.336469069336	5.60475335786222	5.12194580501323	6.75264156258251	3.76295999762357	3.61511021003753	4.44514068809645	4.78698311958512
"SLIT2"	2.52292577547496	0.975413013702918	1.15806875919698	0.945764623313242	1.80116279581528	2.16144916540209	3.46544559699839	1.47126811376147	4.18365324448266	1.84422896082171	0.556911990717381	0.703701402069589	1.22716499163737
"GIMAP8"	3.72985182813752	3.16029903749815	2.85734507421531	2.80509327150586	2.49660806899463	3.00614629503713	3.00290320573118	2.64149631998856	1.84157868812663	2.26300434937402	2.10381149034752	2.19416744481417	2.31364783453837
"CLDN5"	4.28081901378835	4.82666033948666	3.61953626243574	3.3154032006256	2.77849981997713	2.73325128728753	3.03329788912285	3.68334836915629	2.49169663558366	3.36836676868945	2.62555221997228	1.79312179956759	4.38939128236584
"PALMD"	3.84715007660342	1.29400604824587	2.28088506787233	1.30579546142049	1.88860493833893	1.27997043229083	2.05793715374964	2.99424299574075	0.643535760478258	2.38065465246695	2.73020952844781	1.4526296963266	2.73609177774432
"CD93"	5.19143434051605	2.83050278437627	5.03280394155174	2.69457156787842	3.95086962541219	3.76035935337353	4.43044251549121	4.55839622168608	3.24836936604425	3.82165409779954	2.80341304529375	4.15726608153625	3.24417238285159
"CCDC80"	6.67366948343465	3.54468320538365	3.28865091089023	5.14495184982397	4.70585352605928	2.6616310422496	5.89804868929329	6.0620968808258	6.40891561712621	4.91448081031187	2.72684865130831	2.61290210450822	5.13501765264189
"PCOLCE2"	2.31470667523394	1.97574389536753	2.93140035189399	1.32575193553088	1.62911177832793	1.67657433200726	2.67018657986598	2.09199088225146	1.29748491571057	2.06775056270398	1.54087041401895	0.822878997845661	1.88729520102632
"A2M"	7.62728581444143	8.95465289764738	7.9100250498378	6.80387279762063	8.61212945654811	9.12668253545306	9.3709870291181	7.54151483946068	6.93715603846619	5.57671107869122	8.83339613416323	7.09975281286913	7.86835958369303
"ENPP2"	6.69703705203083	5.94138336444446	2.62012420483767	5.0197686219805	2.70278828862975	4.08644410868532	7.90649981278071	5.08517393051035	6.2317031187816	4.05947209380256	2.61991651603073	2.41439129770647	4.88163770311701
"KLHL4"	0.903549294817537	0.0648334736055669	0.49011979555902	0.0753207465148748	0.101830838626345	0.0303559263277695	0.997974838801647	0.696029880035088	0.271012052195253	3.69234907975197	1.02110656836861	1.70950239193112	0.0923134032689612
"SYNE3"	1.2094377688415	1.90627491436973	1.37555106280757	1.40581541452774	2.85953230165278	0.755636226870291	2.01679224527413	1.54181464702203	2.45166478869243	1.01932402472575	1.71126141344427	0.924660127964431	0.996526139432906
"SRPX"	4.23257250412842	5.93848105539537	6.32100718125413	4.7652960454521	5.70884661881438	4.85310491214499	7.48052768546342	5.88857766426912	5.98610370407009	7.02390956286042	1.15513718778329	6.00090703473804	7.08255357807502
"CD248"	6.27149010736297	2.05910603813508	5.61118123452813	3.30797344039686	4.49151322146654	3.49418004911999	4.94786716640441	5.07050740077873	4.75787132748257	4.03502999533288	1.00343529173482	3.15341705297647	4.64567284127599
"ACSM5"	1.12551555336762	0.454099017606263	1.22346579924506	0.872743278552319	0.63894637480341	0.452543250050986	0.197995567639885	0.578205951847032	0.239963765283159	0.626568564584224	4.70492728145722	0.733399464805649	1.76722891790504
"GNG2"	5.64947606844636	4.58211036059902	3.48757895875389	4.70905347599158	4.97391429230335	3.78557670623461	6.10523177565048	5.54747296489073	5.92278299188627	3.67457364016829	5.58790050107264	2.84186747839337	5.86297327578945
"C10orf128"	3.59859150202125	3.86090322215974	3.04503051351562	3.54356517071759	1.84632281012498	3.2238758309617	2.91214301247559	3.01995627597711	1.57059893626881	2.30099200958279	2.76669268080196	4.57135219740407	2.52414142671799
"ZFPM2"	1.46239527812023	0.910044915684071	0.680372520897874	0.188421181697197	0.573734185818342	0.423782527100639	0.560754566913128	0.831784435632484	0.766908895234948	0.443477757888946	0.511972464219599	0.487218263059326	0.437511668304377
"CEP112"	2.39088225810938	1.15977770989438	1.88051117683302	1.66509710651767	0.574193566296722	2.11467352344006	2.22554795474157	2.26035843136205	2.85269603782927	1.78336445303816	0.846540251682062	1.61195608654167	2.36018305030237
"GJA5"	3.33188289147848	1.7533991558197	3.27443909810727	1.17546711569285	1.01986200735208	2.00040389806836	1.92022468956837	1.55592165441292	2.00819642753196	2.03404663960583	0.94753599982339	2.15967439041868	0.791072220627142
"CCL23"	1.37850884883752	1.02028527857096	0.890263401370324	0.446982953352818	0.488148375930597	0.632691654155011	0.935306229341707	1.15684961255475	0.265494506680809	1.28436902730796	1.84211597286954	0.0910992772491963	1.90954271528122
"RDH5"	1.8001005678003	2.35880133005796	0.480688560709961	1.15743506087271	2.02416894728207	0.0835669664921888	1.18037704428413	2.25748590490512	1.47003180089408	0.730888588822681	4.28744274350463	0.578688543778941	1.41735026835632
"FOLR2"	5.58494146126506	3.83759009149372	4.46508964490816	5.95656782619333	4.00956216295198	5.0244526648655	3.7711883538963	5.28084870139128	4.57898700333258	4.98017385909421	3.61923691827627	5.78630230440277	5.05950886731107
"CLEC4G"	0.601453115435371	3.06160513737508	0.269267191271197	0.607434006503575	0.911024624625798	0.483926159361424	0.304446790802532	2.27770212986956	1.28156769698004	1.13289265467799	4.43832612368258	0.0312825430865092	1.88042301511287
"NES"	5.91392818145052	2.3501068179538	6.94097715766027	5.44311760370943	7.35015244420105	6.77428631141561	6.33081113634215	4.31168111631454	6.48543487790135	5.98489120932559	7.03406711467474	3.37679184943911	7.25370096306309
"ABC7.42404400C24.1"	0	0	0	0	0	0	0	0	0	0	0	0	0
"CAT"	5.0325350854536	5.6906713048325	4.30237754728104	5.39278450555411	4.56840611086244	5.00448341461463	4.747908308649	5.15118706374225	3.90118549369274	5.25830597203139	6.98854268224024	7.55841305969377	4.76177991804871
"LILRB5"	2.47532358252411	0.416566306380221	2.57955911963561	2.75921123904518	1.85401161051868	2.8169815759705	1.02085916402817	2.65293271486695	1.09675436364012	2.29468249859352	1.92144394797226	1.94786249208042	1.7174516055631
"F13A1"	5.51537815238074	1.14318441196844	3.64567284127599	3.71406413888836	4.90729449367688	4.60629416069771	4.690958982206	5.51157714813418	4.87004901843666	5.23640077280268	3.02315065107504	5.30640078546993	4.30834631186256
"HSD11B1"	2.72457824431268	1.08507107785711	1.42135258045596	3.32842361174683	1.64163619470993	4.35706281288289	2.53547943937354	2.28447859844601	0.622715804341894	1.98039644019337	7.37366560986751	0.105357391215579	2.15620566854808
"LRRC32"	4.56983434740526	1.76425272425604	4.05208109301658	1.77569955555464	2.35770400740482	3.03474042840515	2.72348211080696	3.68613070163967	2.14254740786317	2.8302441671747	1.7421118752438	3.23625074578191	2.94783538070264
"NDNF"	0.603686395453896	0	0.25112038248159	0.184656076262115	0.264384497152901	2.47688582981427	0.171276910457202	0.218043360638493	1.29859966823261	0.0424709934889017	0.0753918802445404	0.0784313994459855	0.536280728570352
"RGCC"	4.50600522322515	3.86191567460193	5.29034698816433	4.60216585079121	2.81477496193205	3.47338820001887	3.19123652307391	4.16704073762916	4.57581452384426	3.59132635861184	2.62786944075287	2.91081803162347	3.82236305515708
"NMT2"	2.00150863062168	2.53822028874173	1.47439191155489	2.00828966843925	1.23995093815371	1.19788740266204	1.47693895536842	1.09266751136689	1.68802365705471	2.90992379695085	1.86556452906227	1.67166249212003	1.78132613768573
"HIGD1B"	1.79803806874655	0.267449503448106	2.09140534198572	1.01866835407076	0.479860179846826	2.47153865989197	1.22902796227767	1.13392185352461	1.14757371919983	0.915437147435847	0.790432589328978	1.27849926634888	0.60019504737909
"COL6A6"	1.08314867958745	0	0.362593883656498	0.0860843921910556	0.11383922855634	0.567760570338463	0.0159681954320033	1.98950962699891	0.596839754437785	0.433470671916273	0.0827984933482801	0.147440866436894	0.682162902354891
"PRCD"	0.731359656745408	2.03604961789138	1.21422429813182	1.11761526009284	0.524214157675811	0.188005854408809	0.676554474211466	1.3822549952652	1.96285992305417	0.318440061754401	2.30877878030062	1.92394211194361	0.0257426632731011
"DMGDH"	0.586921311998705	0.0819771087080617	0.0644508749192941	0.0883343731050769	0.480177213226765	0.186722396152213	0.374407983734753	0.243152347646474	0.0907358426267659	0.342893192979345	5.10392769846504	1.41245908421955	0.986385084838015
"TCTEX1D1"	0.318429649168308	0.0513265751857302	0.661965714296017	0.321487717155822	0.366304866826605	0.541572823633723	0.793426904439415	0.478876571078093	0.268315811028468	0.417731019661531	0.637554141615196	0.602467807487376	2.24901140539961
"FFAR3"	0.362256659919869	1.27612142680398	0	0.205559545633869	0.279624026025518	0.360073741609901	0.214958467048321	0.113553622133172	0.312709313311134	0.655040356062623	0.609470838613627	0.125225834048177	0.236495067516693
"CH25H"	1.62849132652297	2.80569074130899	2.07578076022084	0.947342612752355	0.242350679175415	1.10520872342818	1.58056761602445	2.03470345823066	0.526850059912433	2.27390672207439	0.627338350478807	0.510035259660135	1.72531144637303
"STAB1"	4.75531223317651	2.87328759160782	4.4118532961783	3.61712801092071	3.7794751103261	4.49586461817966	4.89986683682616	3.92443248449565	4.65774860336197	3.72722343728799	2.89729561486637	4.5083557552905	3.68846573550785
"SCTR"	0.0381521099347241	0.254620647390436	0.0781306328180133	0	0.0301853380008226	1.4793780314619	0	0	0.339034738933179	0.0345317633662627	0.346387355523019	0.0102036480600196	0.0577153224698209
"HGF"	2.46401733926471	0.515738688040524	1.268748769822	1.14352729771582	0.679954745499085	2.98081865575886	3.75918247120282	1.25158276852369	2.36515219515416	1.43463356476458	2.32951256908026	2.12027396370999	1.68095216393243
"STXBP1"	4.59356591641717	4.57808733221882	5.13832710028872	3.67403121412863	6.06090880805853	5.14895036931674	4.81167139092748	5.2518364724666	3.08583252367496	4.18435964839982	6.0924791443239	4.7394349965141	3.70628188585102
"CPM"	3.68163479093944	4.13606831219318	3.43731697227559	2.63647033817147	2.36633760291085	2.24532832239563	2.30566123470108	2.45638168743435	1.73600732647896	2.67498371446924	2.22432433859556	2.71494553580197	3.07055763249526
"MAP3K7CL"	3.08211071093954	2.14375584294813	3.5118424537981	1.88380065323883	1.1105216036936	1.9086284768783	3.00644076015684	2.19456146187652	2.53446755236638	2.51354127692876	2.19987646683658	2.41994737255624	2.84410741221733
"SLC9B2"	2.04357198615982	2.21203075668828	2.02634682259794	1.95622024772882	0.460174808589321	2.37848249161744	2.49863128030939	3.09283915553746	2.31848749591784	2.00221644017327	3.29321449283182	2.73468577830797	2.56003990872047
"SERPIND1"	0.0595048006397535	0.118286758693073	0.0251461903532057	0.0200085657281771	0.0269758627072041	0.0119794616628766	1.20515788392009	0	0	3.4794375327354	7.02780096897007	0.102329985894993	0.823784408406141
"SLC29A1"	5.7706625716156	4.6735620771728	5.63958816163818	4.44111492378999	6.55491265433054	6.96310993623461	4.93472878576058	6.64453409714819	5.37378739372261	6.41943523621886	4.82011767849237	5.90167545635355	5.17236949963706
"SUSD5"	1.16787170802916	1.33133260113068	0.748775929472163	4.12193959049581	0.146943862576279	0.18922870161027	0.144892154575028	0.365502180707344	1.81242839925749	2.59853671765624	0.237009293857365	0.725550965574138	4.20798262694852
"EIF1"	8.43102115416736	8.51321831958983	8.25329913304254	8.24065301757756	9.03819608930504	9.13240975920369	8.27009204985455	9.03215182381091	8.69127940960567	8.71943160485813	9.4753716987322	9.62381931930585	8.27542615808425
"AHSP"	0.0618959622205218	0.481196626451788	1.30485853175943	0.131249676790534	0	0	0.1250817132252	0.224968216586304	0	0.0499331444298695	0	0.570831572656511	0.641379092214944
"AEBP1"	7.54389795079745	5.31560607921982	7.8861812569872	7.22162095291263	8.4129000517522	7.31784671372779	8.82759358590432	7.21146491212916	7.4285360493324	6.06932838527958	8.43628470774174	4.82128417958995	8.04576785073526
"MMP14"	7.96094603791318	6.66689858244059	7.47138258177775	7.36659761155744	7.46497451316581	7.09959503321942	8.13182095707475	8.38794622548119	9.39720613551728	8.8578426265757	6.95391123360617	8.84180019140179	7.14179550367345
"CDH11"	5.93775750691946	2.81976013704873	4.02267851388606	2.80555558413258	3.30571959567879	3.1129919779477	4.04026122306443	4.78579900030328	5.1701854645336	3.79114725656018	1.1261865581861	4.01043075740116	3.42735408136464
"OLFML2B"	6.29776918607915	1.93924538718892	5.01728724976874	3.11178418936149	3.48277085549664	3.48665517112746	4.53651921335343	4.73903527794461	5.42581845674679	4.3846611643644	0.948367605400348	4.98450504638875	2.86503392775428
"BGN"	8.91533117005452	4.23392639658671	7.36263645184852	4.93874920558146	6.84336207529479	6.20862845415909	8.44529425041838	7.41675109044189	8.69848590220035	6.93319491996043	6.04916787237217	5.68778577398598	5.86852009716014
"COL6A1"	8.55888750457438	5.18326417778389	8.0924373873562	5.49239961392254	7.00131811110958	5.53426863871348	8.07671941417531	7.25218287669324	10.4285800151395	8.75788165872874	4.15325003478358	6.87227471735411	7.05374129161771
"FNDC1"	4.75294657380299	2.18958738403647	1.46560101275059	0.764661227146469	0.88679867135096	0.69595729999558	2.51445180100417	3.21269228173328	0.780077401077809	3.33247593821752	0.577765246441413	1.09245779027876	1.33886364605831
"WISP1"	3.3015459453832	1.22574382211152	2.46564541417627	1.23336044766477	1.27322344204043	1.71201022016379	3.03623516622876	2.41738807794414	2.34699942521495	1.32775920974967	1.15099826717708	0.978281676185267	0.612371844656206
"RUNX2"	4.05031013801341	1.97466146170226	2.68091391826902	1.54172049929186	1.3486969987625	1.31940116685832	3.4424817595539	3.44730808722445	6.29481554551627	2.91837478444027	0.824026869018487	2.25306497999433	2.66378066411928
"NTM"	2.02228258052684	1.8797214476649	2.56605525627721	0.618983777258072	1.04519481146415	1.28592889136743	3.98277458776061	1.47171292716667	2.0892201611979	4.94168383690526	0.631835342052982	1.1902324084257	1.53557772759488
"P3H1"	0	0	0	0	0	0	0	0	0	0	0	0	0
"FAM26E"	2.24714520880389	1.06433794511549	1.6625564443845	0.502191061455324	0.961742220719846	1.10434672509386	1.44405742324647	1.60645644180583	1.83180024136785	2.40688220081603	0.877183158210372	0.744676067311939	0.68136650194728
"RCN3"	5.59845453720786	3.05224198118114	6.73930807086039	7.56091361701955	3.88881629489918	3.37668212521728	6.41769305030554	4.52413891868853	3.38468533702273	5.20995042490464	2.09794952053156	3.43452281531574	4.43140232682689
"GPC6"	3.17679587988085	0.938483784192134	1.55882109168312	0.459063290925577	1.47211860225925	0.434499063121937	3.53958069893295	1.8973914649342	3.9765102808885	1.32985839407134	2.14033040197877	2.67699850145449	1.05013597099955
"FBLN2"	5.73986700015282	2.48416391640539	4.09808262905459	2.58142838168368	3.61497480458628	2.22279374388251	4.10881296693629	5.58731097887979	4.3202608190779	4.68911461797246	1.13377393082273	3.42653984706239	3.28573067203369
"CCIN"	0.508945800233838	0.0576930057823902	0.266901651924956	0.0272494729267782	0.13398338490181	0.0159199825512486	0.24450533361009	0.242665303332116	0	0.828623864548636	0	0.0548166019371785	0.088146347033016
"AXL"	4.04911667247023	2.03767740832715	3.84609710964167	3.58723295789451	3.99628478911221	3.27329954382166	4.80863474606846	3.15816734539317	4.30675073651324	5.28741503831633	3.15105105150064	2.72958431037019	2.40534163914429
"OLFML3"	5.79745661618661	1.96835990709735	4.9322501913294	3.3176680250605	4.04465203268935	4.48405754946953	4.92399533873386	5.72378515928594	6.38060998076219	5.79988642275458	3.67636897114402	5.32394645542167	5.97421839288528
"FKBP10"	6.27388323037111	5.6279248729743	6.91936988003252	4.96810688432772	3.50731260441194	5.28505260039685	6.80560201359801	5.44098374833586	7.9708421532181	6.35704609296771	5.84063443359398	4.41621146543446	6.55367459939655
"EGFL6"	3.28352845839781	0.112215572706683	1.36568693883572	1.06974340553683	1.27744028747772	2.79232439285756	1.61092443242221	2.31528798186519	0.472139403035531	2.98849928286669	0.063711531265165	0.406532860745112	0.817422289396851
"NRK"	0.708825103965148	0	0.00529479473049553	0.0171102795492506	0.0276378183056809	0.0258082063909919	0.0272065765397263	0.0360383611107195	0.0115342819374569	0.111913557833873	0.0257637082528033	0.805876432810112	0.259643697822835
"SLC6A1"	0.829560991978764	0.0517383501044483	0.713943426918729	0.179942201973541	0.121395757992798	0.780545279065	0.405130296037705	0.0915169175795797	0.370635242195724	0.161195022505596	3.78149610733547	0.203172960046792	0.253347320731531
"SLC12A8"	1.36967027523228	0.916588234016543	1.09537085887194	0.58551831213079	0.346093991902269	1.1348714846786	0.828727839378976	1.83732971384165	1.35431110019902	2.47989017946406	0.898754750809156	1.03540924888972	0.426635110724741
"GPR85"	0.955624522846082	0.603502675872351	4.62367375622866	0.557580169391176	0.354853260927433	1.99737912934053	0.795825950808492	0.979996775187867	2.35829497715825	0.532916856073061	0.300621624747431	3.37780258638868	0.491912085320913
"TMCO3"	4.17796163032938	3.27570289059676	3.61215784565292	3.58272458857747	4.24023417738275	4.22501265393813	4.65304281475589	4.23973789950693	5.28886791933815	5.01430842248202	3.78632975230443	5.62341916840774	4.11106470772076
"IL13RA2"	0.306215568692621	0.213348526105985	4.24737690633179	0.633091712756492	0.0752567300061077	6.03611865169552	3.54686359977061	2.00305887514018	6.25011647050721	6.11365362248123	1.10070455232775	1.99959598882435	6.98715029763716
"APLN"	2.75509801341399	0.17663042966126	4.31370659880546	0.969763492553784	1.40754582275929	0.557738957251772	1.83565531191027	1.6583691707006	1.18881234104577	2.37484613202617	0.220012898643373	0.865280246062656	0.491034695858101
"TRIP13"	2.43826889518953	2.78754112227622	3.79945518785796	1.63251484873039	3.23949427913128	3.04590422392083	1.70584744519833	2.64974420379248	2.31985489589525	4.80394510487714	1.48201442765017	2.11901580031543	2.51279323228536
"SCARB1"	4.50604649365108	4.46941064193944	5.89320079658598	5.54717062854647	5.84929124474895	5.31736919658369	2.45266132171865	3.26886177882746	3.18175614872245	4.80525633617401	5.99624862828304	6.01431511836025	3.74051746156171
"BYSL"	4.02336182033038	3.55925929908527	4.11892446606631	4.0906586873435	3.533089847277	4.31087812226639	3.57362295304237	3.87904405262874	4.24936948761749	4.50165569240028	3.5807424629378	3.54537535887256	3.7577113503577
"LCTL"	1.53986354285487	1.03744548130005	0.58528899375201	0.147332621465064	0.59503382493296	0.191362023815785	1.60608447121381	1.16734829261034	0.678657880954713	0.772649603209254	0.142086106664993	0.721114504440541	0.485228958281886
"CHI3L2"	1.36258771221634	6.53051714430859	0.621667908972948	2.62538973476589	1.06330274585113	1.73389443659492	1.21210237168671	1.39030173823517	0.971874220841652	0.748364620726297	0.340576510763038	0.320049059880704	2.85682338990688
"MRPL2"	4.59461721924457	4.38484417584532	5.30066920915036	5.018518454817	4.03750083090961	5.14293821872773	4.33722226248605	4.5465271816762	4.86542397831313	4.92666603640802	4.91233370186115	4.05934662418931	5.33155654017469
"SLC39A12"	0.0389569750075037	0	0.261662592421539	0.0341104680228841	0	0.0498079225861811	0	0.0821294844519364	0	0.0905162880929004	0.0440269810803304	0.0666118078864034	0.0175449769457885
"OPN3"	4.7934823616621	3.75877220066014	3.4561615226148	1.43048868131502	2.57424201562544	1.77052462111637	6.46085312031102	4.15673637689954	3.95375878168129	1.35387936973987	2.30116179850902	2.64938667892209	2.78021454620755
"ART3"	1.77256346477584	0.305095010666697	0.122645752928883	0.405844271679069	1.04166423254287	0.0370556193289456	2.34296001986391	0.247117554547745	2.5704046391397	0.422600087566095	0.726985938868409	0.102339863598728	2.76376848579188
"RRAS2"	2.80629724508151	4.32398247192438	2.27458073371106	3.94950225023489	3.24916238734091	3.88775920232185	3.21644943271641	2.85718082374033	1.9012472912572	4.95906068663804	3.12470943920352	3.83607560989244	2.84025071653987
"TOMM6"	7.18257312725516	6.71051717705825	6.76496445087659	7.63716462389378	6.5842875823833	7.41995596559345	6.81858217748086	6.99236624159539	7.00018032561	6.76298656488058	7.24365956146332	6.58801447757269	7.47777040688403
"RASGRF1"	0.385712645868344	1.00095186464619	1.66046774951637	0.393398626614487	0.850350585962583	4.48425416098935	0.107086967145829	3.29363165841043	0.0498635316246637	0.486234510262975	0.266054890079012	3.88662330444719	0.553839192214794
"SEC14L4"	0.0887890357096496	0.0452217964871354	0	0.0356820386134876	0	0.404161970603662	0.546571013065108	0.0255462995261337	0.113218675907344	0.0207557108412779	2.41249702220946	0.0584701439561375	2.34925910990445
"PGM1"	4.22312131342042	4.54391032032443	4.85112436288675	4.38959778532186	5.55868091065947	4.54822698710922	5.46743274236172	5.02237003255758	3.88164504394954	5.02961631718038	6.39722025684158	5.10572207204812	5.03867980024953
"DDX10"	2.80981879494907	4.09223281360752	3.32173981089873	2.68542552907074	3.43980263222521	3.35036004309054	3.1061271741947	3.33063727285214	3.65020161445094	4.49565679256487	2.69834184671647	3.10489936888207	2.87648747845045
"CHIC2"	3.75581693951438	3.87974496941923	3.47760221222353	3.99682257445898	4.17238350202507	3.52897131749837	4.01404279424343	3.93017434015177	4.02054664877004	5.05769286716835	3.57647376510483	3.12090180498319	3.58059173409996
"ZBED6CL"	1.29713564497764	2.86813359985176	0.938284286135018	2.12628734721889	2.56447694650069	0.920943795661113	1.03998059769088	0.65187509865156	4.43665491576602	0.878450703096664	1.22002342701965	1.18336264539593	2.66823374584033
"MCHR1"	0.269049309338185	2.81979078693045	0.283533051382356	0.263989274109133	0.432024023990783	0.427033808103321	0.763974094608447	0.151682721869202	0.125611430308358	0.624094342226999	0.253816253432875	0.0727132856235994	3.60777415163679
"RTN4IP1"	1.8516710963057	2.62378260075895	1.27829407554669	1.5806930256145	1.62250169439989	1.55160706757617	1.91615558518361	1.69699756178947	1.164966442902	2.24742779883701	1.97058128313876	2.63689370519622	2.45522725574907
"TDO2"	3.64975339940494	3.1347318722349	3.62104377783726	1.35373543087171	0.893697312037003	3.32527342982795	2.48022246108649	1.83960289951408	1.06073224175749	2.46532804455282	6.33781632939702	1.44409188823262	2.17182810312532
"HHIPL2"	0.0267841984619688	0.0824156565723343	0.0117940225784968	0	0.0365543942174692	0.0566649551058364	0.0758512553118388	0.0151271425769175	0.27695873048252	0.0402578418535789	0.0170950959153162	0.038481554895686	0.0529243649726447
"FGG"	0.698363407333899	0	0	0.537376090332796	0	2.91254927508291	0	0	0	0.0246300309394474	12.5510389015533	0	2.15255175422942
"PXDNL"	0.559276432983556	0.118718261888145	0.64590405509464	0.0359840459097035	0.175483211834903	0.0786532788360841	0.384845004523755	0.0762372746279387	0.413623325931186	0.374962114726496	0.0638318944928378	0.719257928507765	0.158797039093875
"DCUN1D1"	3.68624838368716	2.68770572450991	2.98407524740054	2.99463583798803	3.28339066206171	3.7620564196662	3.45931685423995	3.3903753478803	2.11348047806126	4.24577705522251	3.78774587811908	3.86312571471899	3.23146005778984
"BRMS1L"	2.67685186122903	1.28050502999242	2.05401143637468	2.16676685411872	2.12567754862426	2.33914023609274	2.74303233739932	2.60590555948094	2.48329212095564	2.59200008656316	2.77373897936037	3.53385609341159	2.31055679946187
"DTD2"	3.37123125697938	2.38188413957705	2.83381405542266	3.03708609646859	2.90603915433451	2.88314570432875	2.89767413713976	2.56060858235939	2.59038883881746	2.08762746882055	4.01189364896929	3.56415863782489	3.3111361464618
"HEATR5A"	3.02660798224881	1.60919233376998	3.53984121508755	2.68970395304813	3.48326115995213	3.23160597609409	3.13761254147201	3.273579295278	2.68068667312536	2.09421579764187	5.02594569554882	4.81069758391049	2.28119377495263
"MED20"	3.76113631485646	2.97169252894988	2.56745296422816	3.47310370973517	2.68547935407139	3.55587135917283	3.59380790340358	3.19864737291706	3.48686880134415	3.67121410134549	2.62972263929597	2.67837393776888	2.95322239527224
"USP13"	2.02902169142284	2.10182149519039	2.17873535337964	1.69172398072645	1.76755098825147	1.77173771053831	1.81426739368877	3.70895970441307	2.3451380184367	2.9466588171495	1.84344524453888	1.93632133575357	2.27865091036087
"RBM48"	3.73576585520285	2.98943333074007	2.85844855154095	2.931821080258	2.92109065958027	3.49867850576927	3.59044632882778	3.53163098618665	2.87349234509555	2.56089344637815	3.63549902442323	4.04916024697002	3.45308556202904
"URI1"	4.57982277197536	4.07745665240059	4.39957444504781	4.49457561650212	4.52478772596333	4.72570026320782	4.44433245741511	4.69515867847536	4.13574827040367	3.93046296290883	5.0867667851683	4.89726221107368	4.41238523777118
"PPP2R1B"	3.07281839472563	2.88257262456302	1.96960363600468	2.00660322889781	2.4456988978362	2.51678547161621	2.84439569679273	2.6260045104627	3.14766488558625	4.23895496044425	4.48976127574086	3.7998540522373	3.63671161460662
"USP32"	3.10259934748114	2.96621448988207	2.98353633648898	3.2513782582442	3.56674819192759	3.90363123476933	3.34781728720202	4.19025137536622	2.4936345259013	2.94167538697252	4.11716723221987	3.74207629524636	2.81798439766097
"PAK1"	3.47702965301306	3.73934047847185	3.97462108405866	3.79486809985435	2.97231768835268	3.79607855620167	4.18359370025772	3.6410777708191	3.84981916146574	5.19804029337485	2.68506888771122	3.1646085042537	3.07357862161131
"CDK4"	6.11688558504441	6.34012960927108	7.04993565293673	6.28839547817582	6.53591219952037	6.44828565981169	5.64409998463655	6.90012414200625	6.36177537640132	6.72571389443532	6.530787883869	5.98884030768615	6.32473051146517
"TFDP1"	4.89328939457363	5.24390514456157	4.77680673582263	4.65479067142013	5.73003531011991	5.22802017829784	4.77181956789831	5.09616063142705	4.59339560494412	5.66168832728767	4.29916038576469	5.219966139338	4.71508890420009
"GPAT4"	0	0	0	0	0	0	0	0	0	0	0	0	0
"ERGIC2"	5.29669600132434	4.74415032914933	4.43813646241371	4.22319083512208	4.66550362961866	4.68106408291673	5.22267320429588	5.31773820098194	4.7966288999781	4.91958321280366	5.12971370017266	5.51514945946822	4.70005679825978
"AP3M2"	4.45567901414882	3.27522462765795	3.86681898118732	3.63095872467611	4.50081161151737	4.03851080793829	3.36364979297955	4.18361354860576	2.43010325173171	3.35628821339046	4.20133588251018	3.44460545152967	4.46860612365873
"VRK2"	3.35360841406094	3.38490080111001	3.3137044223938	3.74128360416207	2.73944309777245	3.61755709143187	4.30883410360941	3.47683529393503	2.22198841016079	3.96100278042056	3.73902177200476	3.35910786849823	4.57154029956645
"CUL4A"	4.10633156725925	4.13828204109446	3.69338659261418	4.51612864127508	5.11072654426834	4.24318921977577	4.17943939145343	5.15392893246648	4.56337781342852	4.15014532965287	4.85757797919234	5.98948078930397	4.24216040802161
"ATG5"	3.42213677294461	3.29586405504361	2.89875784596076	3.30187878995547	3.52335494583049	3.38267486041695	3.79444186062117	3.43887367227079	2.87402968478206	4.02239000816604	3.72887286326344	3.8669623624692	3.28207945692925
"UTP18"	4.7944626557008	5.01935053716698	4.87924750061864	5.03782146543497	5.15516633866683	4.65291952525419	4.60670278991163	4.74016392763327	4.37269445079249	5.5629582508102	5.27548947976239	4.78884489936593	5.23985053138476
"TSPAN31"	4.50419769074833	4.14415244623459	4.04503663132781	4.24606599570685	4.24297970650593	4.63422732112126	4.86362877282154	5.36559806193188	4.25846616060492	3.97291317651878	5.59277693624303	4.00013975431285	4.19942107810606
"ZNF675"	1.9578718927423	2.32760401882803	1.43520719089325	1.74428813327169	1.77050136379414	2.31396556835236	1.69615855591493	1.62517695668051	1.36547978417479	1.01882357773764	1.71646199213654	2.09596491613307	1.63146054562373
"YEATS4"	3.63685659305545	3.92648339951847	3.73945389937949	3.70770699363257	4.4685409608396	3.97501104813776	3.56554843533357	3.7470812107323	2.37264848728091	4.5023051391715	4.76573628526887	4.51151231632917	4.23641990778042
"MTERF1"	0	0	0	0	0	0	0	0	0	0	0	0	0
"PFKM"	4.83795585280655	3.89991032824835	4.47253326112974	5.03757989809696	5.16362955109721	5.23204287475667	4.6236913123535	5.70176389272514	4.65978187976498	4.68671621497812	5.40130279234911	5.00855187618757	5.45135619843792
"PCID2"	3.86532994023715	4.09770349017572	3.35086777410742	4.14400964897018	4.32165395678565	4.44964390629375	3.88065124493096	4.43977271799799	4.24401935501619	4.12515926511305	4.78295366645629	4.83640388251507	4.12328958337052
"PCTP"	3.5264632446689	2.75874448987196	3.44844904731402	3.20486219695224	3.5644086563038	3.29828073163252	3.13205280409678	3.8516940805581	3.52323574464857	3.43064790861879	4.69735404719559	3.7935057716697	2.98711527178554
"MED29"	4.16630571280746	4.15449409904745	3.9371277832925	3.76879833217084	4.34585406463979	3.58304364303912	4.28220254890407	4.18770441400355	4.55011878783927	4.13852780142227	4.14854369453634	3.80449245654136	4.25699552717479
"MCCC1"	3.29442372026824	3.31981010733839	3.31436880091906	2.59928922519674	3.21520176068123	3.75452411098347	3.30173542016981	2.91932673292184	2.06828558201589	4.25010130718811	3.68476825356198	3.07034896621555	3.69730121950481
"KCTD21"	2.82073142159144	1.93122162339285	2.25628758043762	1.99415246392861	1.9761876418677	1.58607535107482	2.59788510059449	2.30481911483939	2.08617572274276	2.31732288348354	2.47789229124147	3.15303272003501	1.4027221768456
"WNT3"	0.376292050549155	0.517998245755155	0.759392356729186	0.113326843432857	0.0589405470275271	0.553975790915752	0.320195821266125	0.119634130535794	0.931956065517624	0.239912456081078	0.805464165306606	0.275117928064269	0.577958554860387
"KATNBL1"	2.83627157238238	2.45142741743241	2.30827349297707	2.45707942076887	2.43346426219596	2.17074870541924	2.98666122340512	2.83648669642362	2.08489425615814	2.91069621037091	2.94937898279442	4.30118521610318	2.29973553611915
"METTL1"	3.8427073584008	3.52565548044675	4.87862481028094	3.92748880161521	3.14791393581019	3.53133155020293	3.85258818353126	4.15481000968879	3.65324349606207	4.49576230777221	4.02421328183256	3.91797588583741	4.38682129080684
"POLB"	4.20527129273489	3.76191285813303	5.06094230351058	4.18208045238485	4.1073572835636	4.3483138731111	3.9378763584863	4.4358152523145	4.03389868208425	3.14343097138002	5.50141685168577	4.2080567849454	4.55760920829185
"LAMP1"	7.32155835690843	6.97984243756774	6.41061416227155	6.96216146057677	7.52364036126563	6.9017538832011	7.48699989157533	7.32316737850968	7.45137598184461	6.81900390043332	6.60682639225315	8.56519920703402	7.15999239701713
"RCL1"	2.69567317858455	3.48692027377546	2.73699985776655	2.81891598775837	3.48603469200352	2.66434174972365	2.17074229708691	2.89765284184791	1.73427823733326	5.86796933801461	4.53556155404406	2.52069504610925	2.50426189852579
"FDX1"	3.01828075601985	3.44715597919675	4.04506285022905	3.03264660070309	3.07187762733612	2.95597019966827	2.76430899581636	3.12799885920567	2.93591417231454	3.62545169171541	3.79813867100898	3.31234134394641	3.40776197792759
"OS9"	7.04634917598172	6.60642149960567	7.19459435743385	7.32641150950199	6.84957399194449	6.66929611149105	7.80130418604902	7.34567579597529	7.29161276637945	6.59980352043132	6.79308953709491	6.78505352621731	7.38721173520008
"GLUD2"	1.89817932414745	1.60178207740582	1.36898341053949	1.07872390692502	0.835375988511768	0.441972085875506	2.49070489548556	3.34261945481509	0.488301108163274	0.35114998962262	3.28952022436813	3.31043101335377	3.07161423977973
"CREB3"	4.12110660293748	4.15400794755902	4.92613229224353	4.49975980105386	4.19548934087175	3.76142357820354	4.28152392936993	4.11530796826668	4.33636908997474	4.86914839732576	4.58244460531499	4.77494778927301	4.62937119268319
"DLEC1"	0.101789834608572	0.05381464396222	0.0468871096072578	0.0957369080788496	0.0387371916806066	0.13290074645231	0.0674375102114849	0.0651274407599685	0.0227770009674514	0.0592746948943879	0.0410564993924118	0.0525953503571071	0.350136245280029
"RIBC1"	0.314628666645405	0.537472012966014	0.426067192608218	0.56420742532078	0.491488336915805	0.514348527722816	0.458849176901915	0.709966382274181	0.818451392765349	0.90748832459257	0.715237970253345	0.319850850534336	0.754329979834197
"LRRC43"	0.193957531634068	0.0555167882413436	0.286644621016439	0.0540915493257472	0.0879764171532568	0.282317622986511	0.308124348426891	0.0819270856124757	0.26638597795975	0.366274648243375	0.0771955464763246	0.139566151713718	0.839738330418563
"CFAP57"	0	0	0	0	0	0	0	0	0	0	0	0	0
"CFAP53"	0	0	0	0	0	0	0	0	0	0	0	0	0
"C4orf47"	0.136600507566222	0	0.49624655555748	0.20330315955209	0.395691852930499	0.235096547048447	0.800425738185623	0.419343103163791	0.810882323737448	0.932012400167839	0.348708894566271	0.106547120307381	0.319222526089697
"MARCH10"	0	0	0	0	0	0	0	0	0	0	0	0	0
"SPP2"	0	0	0	0	0	0.0325235720049188	0.0278977184614865	0	0	0.0375281359348112	6.07606306207	0	0.0242193112261889
"RP11.111M22.2"	0	0	0	0	0	0	0	0	0	0	0	0	0
"ZNF99"	0.0149529305806866	0.0332761078809739	0.0167161946819956	0.0160478523082304	0.00247751080734074	0.0143934024773793	0.00974187058690225	0.00620004299640833	0	0.0133496912560527	0	0.0110016244326988	0.00435391160096819
"AVIL"	0.799919517620567	0.494736116797073	0.937804248525565	0.370200556748599	0.643105331330772	0.51937684317488	0.751505711678325	1.40438544608785	1.02690626611217	0.811991293383162	0.475238485466529	0.271609736460747	0.73314128329896
"KCNE1"	0.376738238393564	0	0.367660134878855	0.236595478488134	0.0853964411585862	0.123476892381402	1.64513673449329	3.35787288060912	0.729526667932891	0.18011793734107	0.175040374693388	0.289400706376118	0.193530296456402
"DCUN1D2"	1.95619608140669	1.88992516582924	2.02242640745251	2.46066787192219	2.3724144685154	2.21951085364629	1.76598021575519	2.18839617680566	2.09484410354172	1.6942071494945	1.75500718745406	2.19238514399887	1.78828896712565
"RSPH9"	1.17989635444388	0.249205023600928	0.435282412380378	1.23757901398554	0.207329903393789	0.43901455091645	2.43421053615032	0.249178319186945	2.84783860216416	0.892199819718688	0.0981978675276264	0.0947096150491947	1.75728572483305
"CACNB1"	1.1130770188684	1.3737818266849	1.64215627098583	1.52643695249018	0.969443393346505	1.41743938937129	1.22761478829513	1.34743038429223	1.93974562884493	1.51226987590973	1.10168301703104	0.73569459721107	1.53342131425015
"TBC1D26"	0	0.288846367578104	0	0.0477377139886585	0.0115554636417772	0.0301661234760685	0.0114146280918574	0	0.122190171759177	0.00892985554809689	0	0	0.0233840356685389
"TEKT3"	0.261067995451887	0.0957956347353314	0.190438502479459	0.399445111479059	0.0753788039509957	0.0870019199144396	0.131127958809277	0.119037653253059	0.222337185668936	0.00879700853216325	0.218542506759684	0.383987343933552	0.165518121872598
"C8orf46"	1.73347799488937	0.750750552780343	1.6871301331689	4.35494928845222	2.45080743050786	2.00074279669232	2.57462712991536	0.0922181296998949	0.439850759591279	0.142360630674318	3.22655631058397	0.313879105258432	2.01759771046575
"SLC25A21"	0.121068132988798	0.133289821713928	0.327422366766636	0.18431394104008	0.137072421413928	0.408993308539277	0.866570551744853	0.641222311191971	1.04714049346647	1.56093989955339	0.75379705391134	1.66755155906249	1.60130667470967
"NYAP2"	0.00591255467799192	0.0967675848944338	0	0	0.0103388723082478	0	0.00580740621854622	0.0148785678333307	0.0273542310193473	0.00372603690880112	0.0224584380649594	0.0211379458758995	0.365652228507559
"USP35"	1.78605891016277	1.53664975402003	2.64147088676396	1.70970970643892	1.71440379323965	1.94184249867495	1.80640449132591	1.33114625735108	1.94220294340446	2.17916068443178	1.43707856036904	2.27756080039044	1.47683529393503
"HEATR6"	2.3815505647875	2.32402136873742	2.06679357044313	2.29148273904874	2.53479123426664	2.86875392097623	2.42362791822895	2.92586843108654	2.91573313053469	2.35758578439918	2.73313629278106	2.86803282187423	1.80590531600674
"MARCH9"	0	0	0	0	0	0	0	0	0	0	0	0	0
"CAPN3"	4.9505990533229	5.6191253820213	6.42299569806487	7.83022045827814	5.81304362524655	5.90529312900195	2.21429580432886	6.69438574829299	2.07677455980825	1.1349930186295	7.89371107068788	7.09000652990382	4.76350187288005
"TP53I13"	4.22237567567182	5.00253151083273	6.26930811528491	5.31613668920872	4.3027175102606	4.70860662732526	4.39463760810067	4.42116606164703	5.90764540852109	4.46584716226646	4.98157641466171	4.15775517797959	4.94658115638995
"SEMA4C"	3.7198296056068	5.02315331306474	5.40807154000794	3.8898774795277	3.37356121552311	3.87977437107285	4.31549015208801	3.95828126023437	5.62885523286985	4.32186677904515	3.58189953582027	5.33391385190329	6.16539846514305
"IKBKB"	3.94375258042301	3.91235286522974	4.04106333518524	3.65283063558872	3.7593316315689	4.06383510358137	3.79605778440083	3.70486643263961	2.99835980574786	3.26548340481094	3.84197311892718	3.54891127958894	3.79435347818858
"C17orf104"	0.140399252345796	0.0805910863783354	0.0992973591198911	0.108327065866686	0.235805471705116	0.555374936973409	0.212455412802541	0.111671032502579	0.157135573900535	0.188024217440162	0.130158129364682	0.184290451972471	0.110702527473852
"PCGF2"	4.7694120783559	4.06707075041054	4.19087161495587	2.44290104350799	5.42204962410458	3.39126524580401	4.45482403890998	4.74045809550418	5.48907724710712	3.17948875679841	3.91968331339746	4.39510736878049	3.8140273901623
"GUSB"	5.89823979924099	5.15501248013186	6.35719128576613	5.8386959204613	4.86418119118641	6.64581620166641	5.87314754514442	5.94122606093586	6.12252363815545	4.36938970538399	5.29926480907429	6.92989157580583	6.85847217404035
"CYP2A6"	0.131799914136078	0	0	0.0324904240438779	0.0140966559959165	0.293983690559191	0	0	0.0819587080435004	0.0230968423369123	6.98561427485345	0	0.169204756561393
