"CAF07_1"	"CAF07_2"	"CAF07_3"	"CAF07_4"	"CAF07_5"	"CAF07_6"	"CAF07_7"	"CAF07_8"	"CAF09_1"	"CAF09_2"	"CAF09_3"	"CAF09_4"	"CAF09_5"	"CAF09_6"	"CAF09_7"	"CAF09_8"
"MCEMP1"	0	0	0	0	0	0	0	0	0	0	0.0736138776332236	0	0	0	0	0
"MRC1"	0	0	0	0	0	0	0	0	0	0	0	0.0145601782469812	0.0157847092921701	0	0	0
"ITGAM"	0	0.236002774975636	0.104503319405349	0.0488214408508251	0	0	0	0	0	0	0	0	0	0	0	0
"FCN1"	0	0	0	0	0	0	0	0	0	0	0	0	0	0	0	0
"OLR1"	3.71779606114157	3.19276615762869	2.66709210407361	3.06703396176094	2.87722240332215	2.77370305252917	3.12296093099321	1.89614073442125	3.50354072008974	3.42274392086319	3.27230519496255	3.42547999932397	3.53482855080807	3.59848371736645	3.24874856869136	3.28792292753719
"CD300C"	0	0.0106249560957664	0	0	0	0.0103022425275256	0	0.0111935447816889	0	0	0	0	0	0	0	0
"CLEC12A"	0.0276041124916291	0.127181457070239	0.134073205128815	0.016004147157831	0	0	0.0297466843722544	0	0.0493144334959302	0.0934351785120461	0.111442552821721	0	0.0282387354172901	0.188347418134513	0.0428804080805196	0
"CD33"	0	0.0151680894022175	0	0	0.00664015558237323	0	0	0	0.0114612054307623	0	0	0	0	0	0	0
"ADGRE3"	0	0	0.0276218640542882	0	0	0	0	0	0	0	0	0	0	0	0	0
"DPEP2"	0.521396008035239	0.955703195722008	1.3895102614376	1.66842565232779	0.881074644757387	1.00487469703061	1.09772830317254	2.12458735268425	0.313308656890916	0.814782877177763	0.719276031992463	0.70120083224865	0.869685848221967	0.58984937996619	0.775888879519905	0.896287066016153
"FCER1G"	0.165450759543622	0.465119066377	0.46767173374782	0.0497483349001906	0.0668714668119231	0.144544305164495	0.278519537451031	0.581412875361395	0.0953905311384266	0.239243417529251	0.0667562329659772	0.0804141645387766	0.0657468034258593	0.167822198768511	0.396471063124949	0.413742923849409
"BCL2A1"	0.335012381709184	0.213718918287783	0.244649297362865	0.252696275044591	0.762935764218541	0.483440737050789	0.311078577771933	0.347560862700491	0.0804928887277689	0.10528372446689	0.0925568583187206	0.0511469332157706	0.0999773671363639	0.0806985416014997	0.0746424679923011	0.0877775003512692
"MMP19"	3.27037583929134	3.73947951114367	3.72586959197441	3.37301199206673	3.55023352025558	3.6186161751871	3.52648600779777	3.98883384858186	2.93396056751506	2.90502523800777	2.90165482510991	2.95535032466284	3.10072574491723	3.07130437359556	3.07993580124684	3.10957128093305
"LY86"	0	0	0	0	0	0	0	0	0	0	0	0	0	0	0	0
"LILRA1"	0	0	0	0	0	0	0	0	0	0	0	0	0	0	0	0
"CEACAM4"	0	0	0	0	0	0	0	0	0	0	0	0	0	0	0	0
"CCL13"	1.45763211896703	1.9365988194899	1.36857230539719	1.05559955680284	0.864578572747853	1.05651257334908	1.19845247594854	1.71985251854367	1.62527907522588	1.53425556572441	1.20061166304881	1.26752311090121	2.02340003592213	1.88030389743666	1.16190129255622	1.2013513499874
"ADGRE1"	0.186066941617853	0.624602015415031	0.0492108718885895	0.36307268093754	0.39539530026173	0.39872904497857	0.161903975017996	0.272138937425169	0.103446664980208	0.0765438872200545	0.228578899449355	0	0.259658663070056	0.0354044750510579	0.119012748595866	0.0427851550845412
"SRGN"	1.3005786715885	1.55196145484006	1.5892206066489	1.69291891805621	2.04562819220493	1.79806588698143	1.72712942552617	1.30900694304768	2.70112587326066	2.48610088887317	2.77371721723571	2.85538017731834	3.09869738127467	3.11883176846699	2.85396241139375	2.59849671242909
"NCF4"	0	0.0973544453903359	0	0	0.0218140443931191	0	0	0	0	0	0	0	0	0	0	0
"CRLF2"	0	0	0	0	0	0	0	0	0	0	0	0	0	0	0	0
"KRT38"	0.0153879746782525	0	0	0	0	0	0	0	0	0.0152283187533159	0.0474457793892833	0	0	0	0	0
"OVOS2"	0	0	0	0	0	0	0	0	0	0	0	0	0	0	0	0
"KRT36"	0	0	0	0	0	0	0	0	0	0	0	0	0	0	0	0
"LECT1"	0	0	0	0	0	0	0	0	0	0	0	0	0	0	0	0
"KRT84"	0	0	0	0	0	0	0	0	0	0	0	0	0	0	0	0
"STRA8"	0	0	0	0	0	0	0	0	0	0	0	0	0	0	0	0
"IL1R2"	0.0604217944857331	0.128977912921859	0.147710210844256	0.0467425512266221	0.0832104613917643	0.0352405444838493	0.0861038249806437	0.193248082175313	0	0.0202115315184312	0	0	0	0	0	0
"CHRNA6"	0	0	0	0	0	0	0	0	0	0	0	0.00804520582490263	0	0	0	0
"TCHHL1"	0	0	0	0	0	0	0	0	0	0	0	0	0	0	0	0
"KRT2"	0	0	0	0	0	0	0	0	0	0	0	0	0	0	0	0
"AKR1B15"	0.0231954445852323	0.0184729330302208	0	0.00897355250816082	0.0201458538826264	0.0179133270612488	0.00838115014780941	0.00488932994245088	0.0069980358439833	0	0.00807790114261247	0	0	0	0.00809210238643302	0
"AWAT2"	0	0	0	0	0	0	0	0	0	0	0	0	0	0	0	0
"KRTAP29.1"	0	0	0	0	0	0	0	0	0	0	0	0	0	0	0	0
"SPINK9"	0.0148081269136684	0	0	0	0.00772754104214133	0	0	0	0	0	0	0.0139745732162675	0	0	0	0
"CIT"	3.40325625968694	2.72414097934042	1.51583660000867	2.03217266270626	3.1140561682495	3.03677398023702	1.83389529283595	1.16699858775572	3.67509976780963	3.54040292421952	2.96728997206816	2.96622611509033	3.04543807493436	3.06058168837764	2.79937764767689	2.70882158596111
"NFE2L2"	7.90358689287733	7.22966014356024	7.5156891094808	8.04428501105852	7.5168184340083	7.57194796993824	8.07130953461128	6.87634654011061	8.19834307257701	8.17232544421071	8.26222766088678	8.27323568764998	7.97970309578031	8.00324167033178	8.26801747281637	8.32546635887035
"BORCS8.MEF2B"	0	0	0	0	0	0	0	0	0	0	0	0	0	0	0	0
"VANGL1"	4.14275167150247	3.63569869491256	3.58876087340602	4.00807412007277	3.20547134286861	3.12003949273381	3.94501214476755	3.34886316327773	4.47482697922609	4.42138945838559	4.27423570838951	4.3396129507807	4.30293426703338	4.13908217749338	4.28466667272257	4.08853093217018
"KATNBL1"	4.5442076308103	3.71102067071061	3.65108790528013	4.28609968211064	5.02202851353916	5.02850966357278	4.44601677185888	2.94997493530902	4.59025750873969	4.41464343948524	4.58341996505058	4.49148719069008	4.44106451813238	4.57022328060444	4.32575659586182	4.33985939125962
"KCNJ2"	2.77003686735472	2.23990318904466	2.6331312890339	2.98027499784732	3.64894070123968	3.74227335983302	3.12519910421252	2.52325419221866	2.718230847374	2.60454036958199	2.8543819387454	2.79336402806229	2.8796006459634	2.81887195450925	2.72022818955853	2.42507222045358
"KRTAP4.1"	0	0	0	0	0	0	0	0	0	0	0	0	0	0	0	0
"SLAMF1"	0	0	0	0	0	0	0	0	0	0	0	0	0	0	0	0
"HLA.DOB"	0	0	0	0	0	0	0	0	0	0	0	0	0	0	0	0
"LTB"	0.010312269424808	0.0122904563803938	0.0386089024265409	0	0.0372275185652148	0.0354607697859945	0.0276356352774865	0	0.0185097630155415	0.0102050896684135	0.0423943775587738	0	0	0.0277483567629049	0.0424680282927168	0.0335514730493233
"RP11.330H6.5"	0	0	0	0	0	0	0	0	0	0	0	0	0	0	0	0
"WDFY4"	0.052291056736836	0.0468621688983895	0.0655984931498245	0	0.0274572205426966	0	0.0284311078050546	0.049337141136493	0.047147488235535	0.126065235756345	0.0937372350545512	0.0493833331328189	0.0402968344477218	0.0355964066373689	0.0808517347856149	0.0288197070388244
"ITK"	0	0	0	0	0	0	0	0	0.0107617913830025	0	0	0	0	0.0107899576185697	0	0
"CLECL1"	0	0	0	0	0	0	0	0	0	0	0	0	0	0	0	0
"ADORA2A"	0.023375299162546	0.055143682267119	0	0	0.0717886052717953	0.0665627035460052	0	0	0.0723868951306308	0.0231334338387494	0	0.0110737620396997	0	0.0522072155418078	0	0.0255372221247073
"SP140"	0.0148487631039558	0.0609949797530203	0.108668231610515	0.0171349920630701	0	0.147517898779406	0.0859175961691543	0.168017414227922	0.194494865217277	0.0219862607418277	0.0607503499398481	0.0821059033381098	0.0376834091503133	0.0913268647980632	0.0383342564712461	0.0162265178200448
"SIT1"	0	0.00702106560919688	0.00741846965692936	0	0	0	0.00635009964069104	0	0	0	0.0122145123506128	0	0	0	0	0
"ICOS"	0	0	0	0	0	0	0	0	0	0	0	0	0	0.0486460225407769	0	0
"FUT7"	0	0	0	0	0	0	0	0	0	0	0	0	0	0	0	0
"TIGIT"	0	0	0	0	0	0	0	0	0	0.0122615445537749	0	0	0	0	0	0
"CTLA4"	0	0	0	0	0	0	0	0	0	0	0	0	0	0	0	0
"FDCSP"	0	0	0	0	0	0	0	0	0	0	0	0	0	0	0	0.539332352363766
"TLR9"	0	0	0.918846239881858	0	1.07283356506495	0	0	0	0	0	0.794444903507545	0.736972212495719	1.05975314228792	0.399261596252173	0	0
"CD69"	0.196146987489885	0	0	0.0240630481573202	0.51050414192616	0.589944501004831	0.0224822191184107	0.0261657350634978	0.0647117591768809	0	0	0.0582736965748828	0.200398452943992	0.194793546889748	0.0430991260523481	0.0563142422078073
"CD52"	0	0	0.0176793337117394	0.0162085077156049	0	0	0	0	0	0.0548121461597403	0	0	0	0	0	0
"PLCG2"	0.0965784316589803	0.091354351596741	0.0515218749250376	0.0426222433618158	0.0594215625104756	0.180689957164544	0.0743506562739626	0.0361550837985613	0.159417457367062	0.185263899253433	0.120279713495777	0.163177330345229	0.12241090076589	0.159813890276193	0.112489362173234	0.171409234587091
"MAP4K1"	0.41709665144139	0.462165466411921	0.248269809685616	0.306376836793704	0.107769798327021	0.0608364498768731	0.264054238404703	0.330513471508313	0.202712923496111	0.12717143633733	0.107586671159631	0.121485385238305	0.18065316262029	0.244728047023506	0.133499277399302	0.192238250316981
"IKZF3"	0	0	0	0	0	0	0	0	0	0	0	0	0	0	0	0
"CSF2RB"	0	0.184788771877384	0	0	0	0	0	0	0.00741957930542906	0	0	0	0.0084322116320667	0	0	0
"KCNN3"	0.0546687025562784	0	0.0174496687564118	0.0159978438942967	0.215163920132667	0.152691901325856	0	0	0.0248581514092033	0	0	0.0516311181871525	0	0.0494225405741082	0	0
"MEF2B"	0.0171975335151145	0.0102799479554306	0.0743647681650373	0.0394166123020272	0.0355815384935442	0.0873228560371341	0.0185375523112295	0.063793912060868	0.0308101692569823	0.0421774049830865	0.0442644721839776	0.0481529972498174	0.0263117319696866	0.0460908345865875	0.0958123393645954	0.0465283859318446
"CST7"	0.00507956003281847	0.0477513478707679	0	0.0117056672376977	0.0210370428427413	0	0	0.03786762690472	0.00457251321795619	0.0200024474832849	0.0105383177023517	0	0	0.0137100440764412	0	0
"PTPN7"	0	0.00790564363435253	0	0.00383307325058165	0	0.0114827385538255	0.00357960613355137	0	0	0	0	0	0	0	0	0.00362896078299568
"IL7R"	2.38998284712025	1.39879013897068	0.845386465179872	1.11562777196847	1.5644496514331	1.56036109670143	1.2409249043703	0.47906235521116	3.57087264214206	3.58606198865254	2.5667651478644	2.55166063366879	3.39358912255445	3.42647046946625	2.40998357993349	2.27670338895869
"HEMGN"	0	0	0	0	0	0	0	0	0	0	0	0	0	0	0	0
"DCANP1"	0	0	0	0	0	0	0	0	0	0	0	0	0	0	0	0
"HLA.DQA1"	0	0	0	0	0	0	0	0	0	0	0	0	0	0	0	0
"CLEC4C"	0	0	0	0	0	0	0	0	0	0	0	0	0	0	0	0
"IL12B"	0.0883568833277381	0.0108265134305658	0.0452195608911847	0.0312289956079255	0	0	0	0	0.0641589319968978	0.145677188092039	0.0188165328851339	0.099636442283305	0	0.0485096986873598	0.144319968935608	0.0963318775424289
"EBI3"	0.301353080144599	0.417248234195775	0.187365052867147	0.225817164182615	0.139905707510226	0.208528475371879	0.161779160987979	0.317119076450339	0.0621433791596561	0	0	0.0650744778525836	0.137609918822096	0.031487874907753	0	0.181002219098568
"GIMAP5"	0.0246879449156822	0	0	0	0	0	0	0.0612660841200804	0	0	0	0	0	0	0	0
"GPR183"	0	0	0	0	0	0	0.0131035970890641	0	0.0109441036032329	0.0239574970240026	0.0375637222883915	0.00574636931457384	0	0	0	0
"GCSAM"	0.514268103995714	0.205683084304119	0.313700536616914	0.347133610612032	0.628733376418846	0.506829537277354	0.339783255471887	0.0570912405763788	0.377095723665895	0.477177089790897	0.474524094707057	0.359331714594468	0.630186489197605	0.409792067871146	0.475236831489911	0.159703653197799
"PLEK"	0.0395796302877946	0.776703485940055	0	0.254272029402714	0.158121087690448	0.17459295462175	0.34478275065714	0.0495676944132282	0.0704812368483695	0.150685438206147	0.0810864609651649	0.351097766162954	0.0404857328028985	0.0706619327512495	0.0411842930553177	0.16560773032689
"AMICA1"	0	0	0	0	0	0	0	0	0	0	0	0	0	0	0	0
"IL10RA"	0	0.047521417197779	0.0253039704876303	0	0.0415701810478469	0	0.0216790892702111	0	0	0	0	0.0377200929390755	0	0	0.0415700365433417	0.0436224674236849
"LPXN"	1.5662122538831	1.84429243715785	1.6807178211605	1.85735257075057	1.7226392388408	1.75200591363269	1.945354367176	1.34730948295626	1.87142457510578	1.92157835940347	1.88606783188859	1.88499388172156	1.88961469120693	1.7785003323203	1.89796239362242	1.88249317258121
"TREML1"	0	0	0.0212469038457645	0	0	0	0.00912847318916957	0	0	0	0	0	0	0	0	0
"SEPT6"	0	0	0	0	0	0	0	0	0	0	0	0	0	0	0	0
"RCSD1"	0	0	0	0.0150383382708108	0	0	0	0.0485246169416183	0.0117330857307737	0	0	0.00616143647175898	0.026541362701239	0.0292315373023586	0.013563953482291	0.0283417644104504
"XCR1"	0	0	0	0	0	0	0	0	0	0	0.785691435626159	0.728704539457683	0	0	0	0.816840244648972
"STAT4"	0.248825936984114	0.261107696077775	0.376216711006613	0.283797419822036	0.348756748842363	0.360043452138264	0.375646770615417	0.44105564452994	0.364706248195096	0.338284629426864	0.301041415637724	0.389295820059773	0.248693415288372	0.176783988847662	0.40942257967905	0.497339788351308
"IGLL1"	0	0	0	0.0880284328289889	0	0	0	0	0	0	0	0	0	0	0	0
"TNFRSF9"	0	0.0251484704245891	0	0	0	0	0	0.0524968155197501	0	0	0	0	0	0	0	0
"CLEC9A"	0	0	0	0	0	0.0323528593307071	0	0	0	0	0	0	0	0	0	0
"TNFRSF4"	0.0183681020392089	0.0362843832260194	0	0.0141626841111004	0	0	0.0197987064053509	0	0.00553515463278827	0	0.00319842889970684	0	0	0	0	0
"DOK3"	1.08525053791284	1.5225490566793	0.907034431963025	1.01724447394201	0.637965164603746	0.898951076898986	1.21001586146466	1.35467847809185	1.20643256702639	1.24108855792355	1.04676485743162	1.16331595801602	0.801844211537085	1.16582533009143	0.943491664715574	1.12412421666861
"OR5B21"	0	0	0	0.0123423399612719	0	0	0	0	0	0	0	0	0	0	0	0
"PIK3CG"	0	0.0779104556281167	0	0	0	0	0	0	0	0	0	0	0	0	0	0
"NTRK1"	0.0119037884190155	0.055924909035324	0	0.020559360331931	0.0246770156506211	0	0	0	0.0107180656477609	0	0	0	0.012178982450828	0	0.0246769293676593	0
"PIK3R6"	0	0	0	0	0	0	0	0	0	0	0	0	0	0	0	0
"WAS"	0.0262642208673055	0.253046198373584	0.0573047996182526	0.0599565233106329	0.144307516428845	0.0819100588752349	0.0967253056707549	0.135041241297457	0.0469377423841586	0.0259927321212836	0.0340282351146989	0	0.0335079428429476	0.0295913016891577	0.0340875227424958	0.0706844649559622
"ICAM4"	0	0	0	0	0	0	0	0	0	0	0	0	0	0	0	0
"SPATA31D3"	0	0	0	0	0	0	0	0	0	0	0	0	0	0	0	0
"ADAM30"	0	0	0	0	0	0	0	0	0	0	0	0	0	0	0	0
"OR4D10"	0	0	0	0	0	0	0	0	0	0	0	0	0	0	0	0
"OR4D6"	0	0	0	0	0	0	0	0	0	0	0	0	0	0	0	0
"GSG1L2"	0	0	0	0	0	0	0	0	0	0	0	0	0	0	0	0
"TFAP2D"	0	0	0	0	0	0	0	0	0	0	0	0	0	0	0	0
"DEFB106A"	0	0	0	0	0	0	0	0	0	0	0	0	0	0	0	0
"KRTAP13.1"	0	0	0	0	0	0	0	0	0	0	0	0	0	0	0	0
"EIF4E1B"	0	0	0	0	0	0	0	0	0	0	0	0	0	0	0	0
"NMS"	0	0	0	0	0	0	0	0	0	0	0	0	0	0	0	0
"CEACAM8"	0	0	0	0	0	0	0	0	0	0	0	0	0	0	0	0
"PDHA2"	0	0	0	0	0	0	0	0	0	0	0	0	0	0	0	0
"DEC1"	0	0	0	0	0	0	0	0	0	0	0	0	0	0	0	0
"NOX5"	0.200924742302919	0.287658007399788	0	0.0918619461121688	0.306933598771251	0.114075384670045	0	0.0255752666480239	0.299317338339097	0.154022686222154	0.0420589963595004	0.0754745290250688	0.205272579604079	0.0275277362136742	0.0421320729103565	0.0550562838948459
"SFTPA1"	0.0487062404028654	0	0	0	0	0	0	0	0	0	0	0	0	0	0	0
"NAPSA"	0.180840637981534	0.546083413944418	0.993605274453637	0.49699894993474	0.609045068551351	0.388280395055443	0.382983251821385	0.922258694483954	0.310788081915609	0.234135517248801	0.226057078137364	0.356119988938553	0.58595280250745	0.311522396697944	0.609043316524279	0.351387789545681
"SFTPA2"	0.624578918193788	0	0	0	0	1.17176299778932	0	0	0	0	0	0	0	0.574224430946705	0	1.12738466182438
"CHIA"	0	0	0	0	0	0	0	0	0	0	0	0	0	0	0	0
"C4BPA"	0	0	0.0126008982643127	0.0115508805548101	0	0	0	0	0	0	0	0.0234924577791083	0	0	0	0
"SCGB3A1"	0	0.0561589124049284	0	0.0544138563057168	0	0	0	0	0	0	0	0.0446034995676657	0	0	0	0
"SCGB1A1"	0.0134030152563577	0	0	0	0.0277695633231451	0	0	0	0	0	0	0	0	0.0121001520395918	0	0
"GGTLC1"	0	0	0	0	0	0	0	0	0	0	0	0	0	0	0	0
"SFTPD"	0.409490941633607	0.724573263094476	0.776032856837651	0.88153872229138	0.424079255655373	0.198606297692375	0.944272932871797	1.65720282811382	0.0465922829116169	0.0511468047438298	0.0797736658014027	0.186022689233016	0.0785727022509917	0.135831738778003	0.361501432483951	0.213484885823435
"ROS1"	0.0176329379964751	0	0	0	0	0	0	0.0653826479559856	0	0	0	0.0166412899787377	0	0	0	0
"GGTLC2"	0.0136775228608722	0.0216895076025661	0.0510465193130991	0.0052806794548354	0.0142372833227573	0.0366092246960904	0.00984650111384719	0.0228455401507741	0.00411698409922019	0.0402314711486785	0.0560279789784722	0.0129073268566841	0.00467960543082327	0.0686149622585055	0.0283353384818268	0.034638831693612
"SUSD2"	2.25735784585057	3.27226487663781	3.17502180576843	2.59647112004554	3.87703103168915	3.86540526766086	2.65962842035049	3.87620599589606	3.18220852622306	3.21078814168393	3.16187036635715	3.02729548393917	4.11821693538198	4.05715392668705	3.19300442641628	3.417472434712
"AMY1C"	0	0	0	0	0	0	0	0	0	0	0	0	0	0	0	0
"RP1.179P9.3"	0	0	0	0	0	0	0	0	0	0	0	0	0	0	0	0
"SLC46A2"	0	0	0.0754866601410586	0	0	0.0694030229865959	0	0	0	0.0449289457834124	0	0.0287178350255968	0	0.0274800662418529	0.0316590036400575	0
"COL6A5"	0	0	0	0.0321603621263777	0	0	0	0	0	0	0	0	0	0	0	0
"WDR49"	0	0	0	0	0	0	0	0	0	0	0	0	0.0346400611945855	0	0	0.0730412594872691
"RASGRF1"	0.112102765493366	0.114502636542028	0.177514458854797	0.0749495763536905	0	0.0750386766475067	0.103921322617096	0.0813753697386692	0.208937662821067	0.296846183993105	0.14791982765507	0.14913286605568	0.206074773966168	0.260521681764684	0.0841860904298866	0.234726814392273
"IDO1"	0.279779559702367	0.635071620562022	0	0	0.176288495932973	0.638564573383484	0.206470023943106	0.343634749162099	0	0.0252387683752048	0	0.116533488622346	0.149895230592821	0.0680237307235574	0.152384852261815	0
"CCL5"	0.340326669852493	1.35480935394027	0.543227688220375	1.02394667202417	0.852617826739924	0.834341258458249	1.41644784020449	2.31663912883856	0	0	0.0707631529248934	0.0325490629804821	0	0.120749307523505	0.264768132789363	0.212450970419325
"PRF1"	0	0.0554352155566128	0	0	0	0	0	0	0	0	0	0	0	0	0	0
"CD274"	1.29036902586191	0.677901118729306	0.473248746481225	1.01180532444564	1.27907419436895	0.975842331294643	1.11056524165356	0.720571506535922	2.39674859771481	2.36091217440752	2.08205933253595	2.09554979311985	2.58912757217297	2.53728012401257	1.85259254443851	1.7355194626218
"IFNL1"	0	0	0	0	0	0	0	0	0	0	0	0	0	0	0	0
"CXCR6"	0.092664876737947	0	0.0298442431236443	0.119275626159334	0.0846536013255567	0.106624669126215	0.147059853930389	0.0297596875654651	0.153089376912378	0.259348901449762	0.153202171118089	0.304156538237114	0.117492504132555	0.0529918065805374	0.17568303572286	0.284021195827352
"IFNL2"	0	0	0	0	0	0	0	0	0	0	0	0	0	0	0	0
"KLRC1"	0	0	0	0	0	0	0	0	0	0	0	0	0	0	0	0
"PDCD1LG2"	1.2044061748002	1.13959404071178	0.937444610678949	1.13407460564299	0.958502315993127	1.130143400101	1.05248210159583	1.15015432460098	2.18249390886953	2.29216051556091	2.42963905705201	2.30995155056792	2.50121324305651	2.70490721087548	2.30071601297249	2.27376043077355
"IL2RA"	0	0	0	0.012964767996493	0	0	0.047841716924454	0	0	0	0	0	0	0	0	0
"HLA.DRB5"	0	0	0	0	0	0	0	0	0	0	0	0	0	0	0	0
"IL12RB1"	0.0365558738933177	0.153445375051222	0.202804760215953	0.135915862917119	0	0.0282609646356359	0.077721044264721	0.255201161333489	0.107003285605005	0.128443675802979	0.169236386716021	0.215871597178175	0.0976400162198501	0.226287028631052	0.310874350848302	0.177512276231139
"IL12RB2"	0.024532958617379	0	0.119635327315209	0.149177032351223	0.0128230200561983	0	0.102968774098066	0	0	0.161952589335672	0.0380657587832246	0.144270656158349	0.0497660248113614	0.0331083915476886	0.123372548156485	0
"CD70"	0	0.184605544896425	0.100474839145202	0	0	0	0.318304789252114	0.193884788129439	0	0	0	0	0	0	0	0
"CD80"	0	0	0.0150912081414248	0	0.0124778282093542	0	0	0	0	0	0.0248052174662978	0.0113115851349708	0	0	0	0
"FBXO39"	0.0418771412892908	0.037515410365595	0.0265307225257222	0	0.0219513525810465	0.0122309745444243	0.0114105129826625	0.0524345330900451	0.028400596283322	0	0.0434980130219397	0.0685007042948966	0.0946500984849638	0.0837909327661144	0.0962525981476907	0
"AF165138.7"	0	0	0	0	0	0	0	0	0	0	0	0	0	0	0	0
"FABP12"	0	0	0	0	0	0	0	0	0	0	0	0	0	0	0	0
"KRT76"	0	0	0	0	0	0	0	0	0	0	0	0	0	0	0	0
"DYNAP"	0	0	0	0	0	0	0	0	0	0	0	0	0	0	0	0
"CLDN17"	0	0	0	0	0	0	0	0	0	0	0	0	0	0	0	0
"LYNX1"	4.00759819654322	4.93117832195726	5.07140486370397	4.0653757445712	4.57537326384441	4.53327398994026	4.08877242282274	5.75544192324828	2.78908354763996	2.49174837834775	2.87067011918957	2.9098722912078	3.33040263837338	3.47827101066759	3.16140732780107	3.42059788148611
"KRT3"	0	0	0	0	0	0	0	0	0	0	0	0	0	0	0	0
"ANKRD35"	1.96981297143119	2.802997359041	2.60828738474648	1.67540705368791	1.43828872960542	1.2648961736931	1.53775650002996	2.51048352072583	1.85818652925652	1.77645670201864	1.86775248259439	1.92100190027074	1.98085645054461	1.91693560818678	2.16881498216168	1.90579266900837
"C12orf54"	0	0.0102598331174741	0.0215988988550993	0	0.0311209678268563	0.0198282140256637	0.00928034945998237	0.0268720464308613	0	0.00851799307408902	0.0528545879437381	0.012165925399968	0.0349088825246153	0.0116386816113886	0.0355123972403319	0.0280420681341562
"DEFB4B"	0	0	0	0	0	0	0	0	0	0	0	0	0	0	0	0
"SPAG17"	0.0264022340895395	0.021031579563531	0	0.0602679247214814	0.0455098665471072	0.0992086072256787	0.0471136920109739	0	0.0394252383713718	0.0517938288917315	0.080772819583193	0.00835514494198121	0.0180623892864717	0.015941153544296	0	0.0383283775834375
"RNF225"	0	0	0	0	0	0	0	0	0	0	0	0	0	0	0	0
"GOLGA6L1"	0	0	0	0	0	0	0	0	0	0	0	0	0	0	0	0
"SH3GL3"	0.0120444249861884	0.0143532392580809	0.0670146888499871	0	0	0.013917831047756	0	0.0151203017823097	0.0108447461589819	0	0	0.0226428144990784	0	0.0216649227165889	0.0187657705292306	0.0131631623158635
"ADGRF2"	0	0	0	0	0	0	0	0	0	0	0	0	0	0	0	0
"CAV1"	8.07189253814015	7.51646776073207	7.8558482458597	8.33326186730396	7.36671383840759	7.40156964423959	8.16012301118	7.52567263694706	8.75186933546719	8.73502294588622	8.84258917758279	8.84385351935037	8.4373535201996	8.49373433086048	8.71056628830171	8.60968408832477
"GNG11"	10.3242890299955	11.0236510106897	11.1607487182416	10.670448410259	10.6860226612512	10.8593542424162	10.6721997619355	11.3090001677346	10.3606172436146	10.2809822162466	10.7776999881916	10.7292161557399	10.6497457030829	10.7132141365818	10.6487574252403	10.9894476057126
"KIAA0408"	0.0756518780745665	0	0	0.24674472126882	0	0	0.207673199254892	0	0.1753163916304	0.0748829387543084	0.0266596024891639	0.0480426008122176	0.209240953627423	0.0116344151858231	0.0529269460871965	0.0280318467896784
"DLC1"	10.2900313190394	9.5591050404586	9.23125975030119	9.87834752287376	10.7217432619433	10.6887425299904	9.82450195726964	9.25828292299563	10.4619434111587	10.4244023937143	10.0607051535457	9.98259358007916	10.3764107716975	10.3673792581534	9.92025021810437	9.69535321735923
"CLDN5"	0.0187067798761434	0.139042305427022	0.0919286049075656	0.0428470587845122	0.0948288443382378	0.312028645412814	0.0400492240140191	0.156797709716336	0.0823357678466995	0.0902766254625673	0.0669133758575252	0.0693599759351892	0.111196724490479	0.114285836943555	0	0.0405944002431463
"AQP1"	0.34668454316939	1.14722012693861	0.513931167697015	0.349923993813454	1.03058302943611	0.867489352076989	0.579499607977636	0.512692987108499	0.831285965773083	0.75600222766341	0.843172824235892	0.769554648890998	0.588582370633533	1.103663321291	0.710448560391868	0.51289427036071
"FMO2"	2.90071422628614	0	1.52665531966762	1.84224697272975	3.82872783504716	2.1543823298832	1.98223222833187	1.52395638060515	2.33059554667177	2.15264485443951	2.49921083259438	3.08920833087935	3.83149619609179	4.34380910057907	2.28834999548802	2.49150886673416
"S1PR1"	2.67656061472458	1.91381626870413	3.01739158349352	3.69754247611278	2.52940671453556	2.36050250836088	3.73216083767132	2.02155001980032	1.73119548319843	1.71690548611435	2.3816498460994	2.47243540996358	2.01315499281412	1.99532203049967	2.44533495064042	2.5346068207173
"CLEC1A"	1.05305720809653	1.25372478341104	1.23557562893201	0.803099921177326	1.22833089048815	0.995911345417346	0.800661731408302	0.672999952822185	0.873426516292804	0.785193230224228	0.555037017181437	0.756683673838625	0.750112530552482	0.730831870490979	0.237637615018824	0.828344261295673
"GRASP"	0	0	0	0	0	0	0	0	0	0	0	0	0	0	0	0
"TDRD10"	0.0162181672392168	0	0.0455240239645723	0.0093872811831068	0.0210709378419984	0.0463928973356929	0.0218200181090482	0.0552925943957311	0	0	0	0.00767312838570139	0	0.0146430384796842	0.00846531062555091	0.0088883148239682
"ABC7.42404400C24.1"	0	0	0	0	0	0	0	0	0	0	0	0	0	0	0	0
"NDNF"	0	0	0	0	0.0543007717763893	0	0	0	0	0	0	0	0	0	0	0
"TLL1"	0.098506401736078	0	0	0	0	0	0	0	0	0	0	0	0	0	0	0
"MAP1LC3C"	0.255585800588309	0.402299706908832	0.363742900905543	0.533742887384322	0.121327876225736	0.0951930693060662	0.456912133647325	0.530863887272629	0.0217197799325746	0.0356481677365047	0.0125802374221139	0.110367464645758	0.229529189035661	0.0955050556534711	0.144414909639312	0.186753133494235
"GYPE"	0.108710440840691	0.10389781295688	0.0281838681002801	0.17189876154748	0.0348423168356368	0.172096450357005	0.0942647586645981	0.0281039710838782	0.293259226931567	0.148513442828835	0.0909500285661246	0.122479967812889	0.0786872615848101	0.190613000358084	0.123839377592214	0.118448378235661
"GLDN"	2.73927694713951	2.71725076729158	4.01368077971124	2.58830991575041	1.77983996912954	0.825635933134554	3.37350145009699	3.09668958183844	4.18051796120442	4.15820932855918	4.60018868429564	4.86003996660424	4.49365162239245	4.38473514879586	4.75900679143451	4.88164734474307
"RGCC"	1.05133720233929	1.4232585133729	1.9011863853083	1.36184522927357	1.86644474875934	1.70722344085722	1.32867233015974	1.67181104693075	1.66268897664734	1.53866792995262	1.86111618648778	2.13287506125254	1.52788922589497	1.87162394090833	2.09144355446523	2.19020977692852
"AGTR2"	0	0	0	0	0	0	0	0	0	0	0	0	0	0	0	0
"CFH"	7.41639741236269	6.38610037610811	7.31557304993388	8.0826306424809	7.26189353196462	7.40631807635837	8.32045166567433	7.07905811624981	7.23407392109738	7.24838140027132	7.61882144053748	7.55865163547519	7.56174905782751	7.64970303541495	7.60313192506571	7.66693170316076
"HIGD1B"	0.00965946176797502	0.0229346931763532	0.0361871060572971	0	0	0	0	0.0121288287301008	0	0.03786193406757	0.0200060110570839	0.0361187427351413	0.0294480310329987	0.0599572736243101	0.0200410372368994	0
"CXCL8"	5.18887940058885	4.59923613691362	4.17706333356483	4.80917671069375	5.53342831948916	5.64469707378356	5.78855893284484	4.1147590998744	2.2064597200561	2.51252869041021	2.65410711281007	2.87684126343463	5.76225083311424	5.75559457589598	3.17439986645347	3.13601394583669
"CSF2"	0	0	0.0222437925222197	0.0203959049419871	0	0.0604146424016857	0	0.0221806055201287	0	0	0.0183674202995903	0	0.0535890096228633	0.0932211702549876	0	0
"NRG1"	2.86643191723634	2.25086429130365	2.40467656933515	3.16511455800812	2.89478800308373	2.59415907668248	3.108711623935	2.41380018331881	3.32258864137317	3.47317127815612	3.60820518529169	3.76030803035687	3.66751676816338	3.49994482018155	3.51142094769074	3.28629587322771
"MMP1"	5.49486298833376	5.60001822416318	4.70468702471162	4.62117018749366	5.45897538393742	5.42520012186984	4.59612722192515	4.87519108568286	5.99492454274134	6.08136625109902	5.34932332578769	5.34970976327974	6.24622253172397	6.14728019878899	5.36381522575921	5.52546902251763
"ACTBL2"	0	0	0	0	0	0	0.121520807902369	0	0.0688708306751596	0.0755467904577053	0.0401641310341925	0	0	0.0349367858589739	0	0.0422213865154404
"CXCL2"	2.94487094596305	2.69586363283524	1.82967483509855	2.10976172545645	2.76870851361234	2.76152650621727	3.19352144671839	2.25225809362802	0.935181312396607	0.738629448328493	0.987726653288683	0.936316694864253	2.34448845508385	2.38321662914137	0.855140807846415	1.31595504095598
"TFPI2"	9.16952159860791	9.03400053764654	9.44002869964327	9.49751860165581	10.099018592451	10.1809991492285	9.59809422975014	9.12096412602549	9.21217353166556	9.16802634399113	9.49289631545773	9.45968107786271	9.54352503003195	9.61059276683081	9.53296834189061	9.66992498269856
"KRT75"	0	0	0	0	0	0	0	0	0	0	0	0	0	0	0	0
"CSF3"	0.421996411336518	0.754163280082549	0.236867115888038	0.163372594211047	0.868234483144509	0.871390293248851	0.52373829131626	0.795270768320213	0	0	0	0.025466788005395	0.894925597253762	0.749629914974521	0.0556204016466404	0
"B3GNT5"	0.184757853163226	0.153190419233852	0.0458431491252072	0.259705450441102	0.214157128162403	0.0282119516119858	0.209826798623601	0.0606356476622646	0.1170824614571	0.0479575052712585	0.0379078462782813	0.164582943374135	0.0373289985134241	0.0652049223978742	0.1110482941061	0.0913293514202252
"DCUN1D5"	2.82540269247293	2.87487578256586	2.46453525797194	2.35636189298043	2.38689829613683	2.51443235815199	2.44221515746313	2.2169090581205	2.93197016035918	2.8943495049733	2.77021015872149	2.69100218821431	2.56217760182559	2.5875698767203	2.83474553623948	2.91253644399517
"MRGPRX3"	0.109514744169032	0.129689818749179	0.152923914275798	0.170226808902801	0.0580454967696125	0.125904161796795	0.0303537331973578	0.260896411731394	0	0	0	0	0.0570663513527058	0	0	0
"ARL2.SNX15"	0	0	0	0	0	0	0	0	0	0	0	0	0	0	0	0
"PRKAG3"	0	0	0.0499596958092788	0	0	0.0459006619435366	0.0844733850560274	0.0979751659204564	0.0358527991523154	0	0.0814933121357785	0	0	0.0710177571399812	0.120780229141018	0.12657598091474
"MURC"	0	0	0	0	0	0	0	0	0	0	0	0	0	0	0	0
"SPTB"	0	0.0605010003647245	0	0	0	0.0119313501443585	0	0.148359850208654	0.009295471860292	0.0503768125707297	0	0.00974236386010834	0.0105631922331387	0.00931981276419611	0.0107473817823921	0
"KLHL30"	0.396831822516802	0.535588555761201	0.891479658843764	0.777275869967534	0.835799110108707	0.393743683700943	0.333591721011092	0.750266942500239	0.0762551169937638	0.162669721957224	0.35844814597593	0.377073454623003	0.336005097508678	0.436942994188229	0.286592502992811	0.178707037599394
"AKAP6"	1.89453110538076	1.01993896370201	0.756420275162545	1.31784421057384	1.56903123865818	1.47622993369477	1.25947644888027	0.414943420655705	1.69485290910691	1.90259954594054	1.36032126643088	1.02287405341589	1.57728920826134	1.22097037545322	1.26161432534449	1.41522283811692
"HSPB3"	0	0	0.205939424289563	0.0334171730809993	0.0301597329782622	0	0	0.106346947188731	0	0	0	0.0273564362179247	0.0296461484538919	0.0771472492212021	0.030159627724583	0
"NT5C1A"	0	0	0	0	0	0	0	0	0.0415196619079516	0	0	0	0	0	0	0
"MYH1"	0	0	0	0	0	0	0	0	0	0	0	0	0	0	0	0
"PPP1R27"	0.128360073370807	0	0.864666083540211	0.569084164612189	0	0.215853115311747	0.379668511304812	0.95271119858581	0.170721258815483	0.127078511532953	0.195423161203654	0.61043889654828	0	0.324121855837369	0.0682423331730529	0.543791025581183
"KCNA7"	0	0.0391250995089106	0	0	0.067633250300674	0.0254092778213639	0	0	0.0393639521411303	0	0	0	0	0.0394659613147231	0	0.0476794331687804
"FABP3"	1.27358406294934	1.74764522943636	1.6930167043751	1.03952467149837	0.493462228066619	0.642259072957117	1.07475034224925	1.49999893056753	1.32821211712553	1.21970763077198	1.07381083865932	1.0148335178558	0.966646821928464	0.995006532847413	0.90604053312695	1.0989747654718
"MEF2C"	1.95286979588713	1.45214971992546	1.89989244235922	2.57317451159341	1.61597836936629	1.77920295470305	2.51774777045665	2.21373487572522	1.81244349643137	1.72734683773952	2.02115188265227	2.00662380826188	1.71876960457827	1.86745564871788	1.92523795185057	1.82922849225554
"MAP3K7CL"	2.48099379289486	2.39137541819834	1.94699905498527	2.14518246392827	3.00749319492542	2.82918957483288	1.89496640810485	1.78272321760958	2.24994138703968	2.28614948013452	2.0961239745758	1.9549563937193	2.50822918380999	2.46862980229317	1.8997617151822	2.07165928757815
"CAPN3"	2.82676376226446	2.54744238379144	3.71833898874739	3.85708801929861	3.15895801328845	3.20507159707984	4.07760132610494	3.84840310363846	3.09465823026807	2.59120832886516	3.8003821940928	3.75044317033932	3.90993497866701	4.09096109656443	3.82981840889632	3.56415853110355
"CHAT"	0	0	0	0	0	0	0	0	0	0	0	0	0	0	0	0
"CD1A"	0	0	0	0	0	0	0	0	0	0	0	0	0	0	0	0
"CD207"	0	0	0	0	0	0	0	0	0	0	0	0	0	0	0	0
"CD1E"	0	0	0	0	0	0	0	0	0	0	0	0	0	0	0	0
"FCER1A"	0	0	0	0	0	0	0	0	0	0	0	0	0	0	0	0
"CD1B"	0	0	0	0	0	0	0	0	0	0	0	0	0	0	0	0
"CD1C"	0	0	0	0	0	0	0	0	0	0	0	0	0	0	0	0
"S100B"	0	0	0	0	0.0426972139791919	0.0238659457661641	0	0	0	0	0	0	0	0	0.0215064813716413	0
"IL22RA2"	0	0	0	0	0	0	0	0	0	0	0	0	0	0	0	0
"HLA.DQB2"	0	0	0	0	0	0	0	0	0	0	0	0	0	0	0	0
"GPR33"	0	0	0	0	0	0	0	0	0	0	0	0	0	0	0	0
"CCL22"	0	0	0	0.0264099062585911	0	0	0	0	0	0	0	0	0	0	0	0
"CCL17"	0	0	0	0	0	0	0	0	0	0	0	0.00905264607181157	0	0	0	0
"HPGDS"	0	0	0	0	0	0	0	0	0	0	0	0	0	0	0	0.0271318953684899
"T"	0	0	0	0	0	0	0	0	0	0	0	0	0	0	0	0
"SATL1"	0	0	0	0	0	0	0	0	0	0	0	0.0114917888931588	0.0492046233931035	0.0219041581019587	0	0.0133089495991196
"RP11.294C11.1"	0	0	0	0	0	0	0	0	0	0	0	0	0	0	0	0
"UBTFL1"	0	0	0	0	0	0	0	0	0	0	0	0	0	0	0	0
"OR2L2"	0.0142674976863879	0.0668299595189508	0.0179586733840969	0.0960825574547438	0.0441029168254146	0.0488995974145031	0.0456579400276801	0.035595609998987	0	0.0692544911616157	0	0.0531190205268558	0.0433554407519666	0.012880975567407	0.0148512270555919	0
"HORMAD2"	0	0	0	0	0	0	0	0	0	0	0	0	0	0.0597235336077524	0	0
"C6orf10"	0	0	0	0	0	0	0	0	0	0	0	0	0	0	0	0
"SRY"	0	0	0	0	0	0	0	0	0	0	0	0	0	0	0	0
"OR52N2"	0	0	0	0	0	0	0	0	0	0	0	0	0	0	0	0
"STXBP1"	4.01476188970868	3.88104637044747	4.13349498485152	4.34414974157898	4.55832782371124	4.37407993351779	4.31091969556669	3.99590417343104	3.98802191998621	3.92630564445159	3.99363541210177	3.95067775383984	3.83982731737371	3.86697265789063	4.06390420535105	4.05994708018614
"HDAC9"	0.678256706099796	0.182043590398223	0.120493743130382	0.708719575485573	0.958297766296816	0.85069732647788	0.764066652567779	0.114081858444769	0.419230178606171	0.42435043785007	0.562032183682154	0.582670026733171	0.342541142480332	0.377078700200871	0.573906446115396	0.389795898204252
"LCE2B"	0	0	0.0401779103984383	0.0368590745717675	0.0975930751094855	0	0	0.0596870717410845	0	0	0	0	0	0.0145124741801973	0	0
"LCE2C"	0	0	0	0	0.018830169955956	0	0	0	0	0.0530572540747536	0.0187971804198051	0.0170737080161251	0	0	0	0.0585080245498549
"LCE2A"	0	0.0802716544663955	0.0846956585086017	0.102824588410224	0	0.0523908664897659	0	0.138139323526796	0	0.0449531264898022	0.023780473528428	0	0.0464572159751824	0.020670177790068	0	0.025005801846024
"LCE2D"	0	0	0	0	0	0	0	0	0	0	0	0	0	0	0	0
"LCE1A"	0	0	0	0	0	0	0	0	0	0	0	0	0	0	0	0
"KPRP"	0	0	0.21520397473818	0	0.180007186793365	0	0	0	0	0	0	0	0	0	0	0
"LCE6A"	0	0	0	0	0	0	0	0	0	0	0	0	0	0	0	0
"LCE3D"	0	0	0	0	0	0	0	0	0	0	0	0	0	0	0.0395815705061157	0
"LCE1F"	0.0514119502555813	0	0	0	0	0	0	0	0	0	0	0	0	0	0	0
"LCE1D"	0	0	0	0	0	0	0	0	0	0	0	0	0	0	0	0
"C1orf68"	0	0	0	0	0	0	0	0	0	0	0	0	0	0	0	0
"LCE3C"	0	0	0	0	0	0	0	0	0	0	0	0	0	0	0	0
"LCE3B"	0	0	0	0	0	0	0	0	0	0	0	0	0	0	0	0
"LCE3A"	0	0	0	0	0	0	0	0	0	0	0	0	0	0	0	0
"LCE1B"	0	0	0	0	0	0	0	0	0	0	0	0	0	0	0	0
"FLG2"	0	0	0	0	0	0	0	0	0.040346541664285	0.0149182721202358	0	0.0142262094304953	0	0	0	0
"RPTN"	0	0	0	0	0	0	0	0	0	0	0	0	0	0	0.102920851010447	0
"LOR"	0	0	0	0	0	0	0	0	0	0	0	0	0	0	0	0
"CARD18"	0	0	0	0	0	0	0	0	0	0	0	0	0	0	0	0
"ALOXE3"	0.0123315835787288	0.0436439233833455	0.0155246040569138	0	0.0128365054172692	0.00714230981436741	0.0132941961708719	0.0154804016699037	0	0.0243046476674477	0.0128139698917257	0.00583016970654532	0	0	0	0.0134768690517577
"DMKN"	3.97943311169527	5.09381011522169	5.1682204207843	4.26617670408393	4.27274610805511	4.37030633358665	4.10826865667704	5.53453918718626	2.47145515881322	2.52062696957247	2.70544419436338	2.77970793822015	3.32940754235708	3.26928805014404	2.78598806430582	3.04370587962729
"KRT79"	0	0	0	0	0	0	0	0	0	0	0	0	0	0	0	0
"IL37"	0.0248653944855451	0	0.0104984217037517	0	0.00867799374331214	0.0753341182252739	0	0	0.00750489312524813	0	0	0	0	0	0	0
"CST6"	0.0158134685887649	0.0374372820028626	0.0395328974086164	0	0	0	0	0	0	0	0.0164312853078644	0.0223279303871863	0.0161785417447732	0.0142774504589527	0.0488273652249503	0.0343558688573687
"TCHH"	0	0.0655248207246692	0.0349920452181209	0.124313068331757	0	0	0.0150747850720918	0	0.0497211294571253	0.0545757609545274	0.0572642614320975	0.0262733809253023	0	0	0.0289667028363235	0.117948539511399
"INHBA"	5.64921807624311	3.376551335336	3.89273681956988	5.3717388465229	5.8378528735144	5.46028832872178	5.47409418328223	2.57169012301021	6.22038463627205	6.19638152680836	6.04897290806179	6.0232015946207	6.56991777819667	6.52550628004123	5.92184069672576	4.87006470852238
"LUM"	7.10396858806589	6.26947750874057	7.19216563717476	7.845974515054	7.92392743608395	7.93641006708212	8.01055834136807	6.21503039336362	5.62736392535433	5.54244172823509	6.17477657472017	6.16007774554322	6.253310529792	6.27488531067063	6.06235237719177	6.15228203318213
"METTL11B"	0	0	0	0	0	0	0	0	0	0	0	0	0	0	0	0
"MMP13"	0.00656413148730175	0.00782526742792128	0	0	0.0204040431763173	0	0.00707763651885876	0	0	0	0	0	0	0.00592468838519137	0	0.0071751012883119
"RUNX2"	4.70807266696726	2.96095063085678	2.86374549139526	4.14141459435255	4.41279873210412	4.30763051660885	4.33239127036772	1.79867074822689	4.48806952236695	4.54213816261086	3.96229496894256	3.75257293973887	4.16377381592592	4.19902778384233	3.8134755125532	3.28759967145172
"PDPN"	11.499718276005	11.6774954879878	11.3003401143725	11.2877747930117	11.8391446859503	11.8705587057544	11.544742934683	11.4715440251121	9.79920004209839	9.7801512585923	9.71345309143969	9.62594275582754	10.7520426787889	10.7004867889725	9.7061090676151	9.84189168593319
"GPR1"	0	0	0	0	0	0	0	0	0	0	0	0	0	0	0	0
"TNFAIP6"	4.38611032463038	3.75750575275883	3.82725378589238	4.3717042662779	4.60437070265068	4.64142060105904	5.1400873579662	3.84706485170456	2.32841854422974	2.2108749572508	2.58053066630458	2.7088694015969	3.46912936002155	3.55430147022903	2.90675488907295	2.90811738090119
"MSC"	4.00078554182265	5.28635879678738	5.23958429410755	4.03627469532374	3.56194240138698	3.93775164363798	4.31814041042817	5.8444973674249	3.9179724065203	3.91137475190818	4.06547458449672	3.9221761043703	3.77568911646777	3.66657585100841	3.86997210011497	4.28165743679414
"AXL"	7.91386621282239	8.28746653876958	8.21117182607254	7.92734777118677	7.89386877907919	7.93183050724961	7.8064285420489	8.43972721503141	8.07809989566733	8.0521844907595	7.99875422094088	8.03042817953273	8.15000147985578	8.13116201942151	8.04302040185692	8.17612027439517
"ACVR1"	6.26157312189531	5.56996272816846	5.61883210017684	6.43843237779938	5.67353782748882	5.77061051727021	6.40470026046013	4.72708652068405	6.23676609683936	6.2541012660884	6.1694237897326	6.25552861181073	6.05866335134858	6.06170158087021	6.15997280879749	6.13958275064656
"NKAIN3"	0	0.0289435241590533	0	0.0500788891974684	0.0101726768993091	0.0280698016932289	0	0	0	0	0	0	0	0	0	0
"GPR85"	0.727456398609125	0.444604737218337	0.314623831624724	0.324725165205861	0.395156769254799	0.232623360185221	0.474911778357351	0.58163498711659	0.879581824180111	0.853547084604252	0.978049848574113	0.867767640136525	0.489835357256152	0.826822247424196	0.953452457583856	0.891238060524503
"GPR50"	0	0	0	0	0	0	0	0	0	0	0	0	0	0	0	0
"AMTN"	0	0	0	0	0	0	0	0	0	0	0	0	0	0	0	0
"DRD5"	0	0	0	0	0	0	0	0	0	0	0	0	0	0	0	0
"LCE5A"	0	0	0	0	0	0	0	0	0	0	0	0	0	0	0	0
"TSLP"	3.25115871990972	3.24825190516256	2.65334163776597	2.5480787619422	3.87320892634318	4.08178416443527	2.66830868620727	2.21930490069105	2.84255440206397	2.80849415389192	2.68779382054592	2.85506592305375	2.94065130073903	2.78822274918855	2.31028837362971	2.84867146397254
"LCE1C"	0	0	0	0	0	0	0	0.0526061665810966	0	0	0	0	0	0	0	0
"CCL26"	0.833546374331964	1.8697414207774	0.989612532049599	0.50269373447931	2.80675311613835	2.78196655619948	0.790652946381443	1.56835335531591	1.02057981354333	1.08148073910199	0.907130255941315	1.02559035192497	1.43731038394211	1.25356370067393	1.24969681211692	1.57995123708897
"OR2L5"	0	0	0	0	0	0	0	0	0	0	0	0	0	0	0	0
"LCE1E"	0.0678869065954885	0	0	0	0	0	0	0	0	0	0	0	0	0	0	0.0251119489333728
"LHB"	0.109985859214019	0.669472984558406	0.321466677705507	0	0.834726789328943	0.653053261999578	0.0895964371422001	0.558642820991546	0.146585238331708	0.134863930302902	0.0581989096124152	0.0267068897902929	0.290313646977816	0.0506652594887018	0	0.119833371177121
"CGB7"	0.0796503529944732	0.161526014511461	0.111673481558113	0	0.288785509327228	0.391502207978168	0.010996982101296	0.247625042711264	0.0183090265993776	0.0100941015396657	0.0105994335331059	0.0191863850966645	0.0814482687838891	0.0720661255993971	0.0106180514343347	0.0440851038970797
"AGER"	1.12642605264775	2.09044677448475	1.69088038623751	0.961578616154712	1.72854827243132	2.02860484962764	0.941075223314236	2.36302165370034	1.12406622811231	1.06794276565764	1.09622571259339	1.15726358547062	1.29951674662977	1.29516259572655	1.18005733840808	1.39281160212576
"TEX29"	0.0814829175735333	0.199747770744724	0.0878290734571005	0	0.261553331989711	0.119532341712648	0.0631693441050948	0.209734301292997	0.103945080671849	0.113889134261673	0.119381124524337	0.0769947383365523	0.0600019614624098	0.0839603029707634	0.0124143306014108	0.0764927933387669
"ZSCAN4"	0	0	0	0	0	0	0.045448208935874	0	0	0	0	0	0	0	0.0111008863332327	0
"CCL27"	0	0	0	0	0	0	0	0	0	0	0	0	0	0	0	0
"PPY"	0	0	0	0	0	0	0	0	0	0	0	0	0	0	0	0
