"CAF07_1"	"CAF07_2"	"CAF07_3"	"CAF07_4"	"CAF07_5"	"CAF07_6"	"CAF07_7"	"CAF07_8"	"CAF09_1"	"CAF09_2"	"CAF09_3"	"CAF09_4"	"CAF09_5"	"CAF09_6"	"CAF09_7"	"CAF09_8"
"ATE1"	1.8593454576059	1.13090155617909	1.12098888311326	2.08065042456761	1.49460102663069	1.15431671398018	1.9936752347293	1.24814167089049	2.04478806116715	1.97608535409307	1.91230907793054	1.76442806629432	1.66422205070514	1.64091382890428	1.82446312898043	1.60821149521543
"GRAP2"	0	0	0	0	0	0	0	0	0	0	0	0	0	0	0	0
"AMICA1"	0	0	0	0	0	0	0	0	0	0	0	0	0	0	0	0
"KLRB1"	0	0	0	0	0	0	0	0	0	0	0	0	0	0	0	0
"DOK2"	0.0360315538031315	0	0	0	0	0	0	0	0	0	0	0	0	0.0325537076223828	0.0374942297338259	0
"CD1C"	0	0	0	0	0	0	0	0	0	0	0	0	0	0	0	0
"PIK3R6"	0	0	0	0	0	0	0	0	0	0	0	0	0	0	0	0
"NCF4"	0	0.0973544453903359	0	0	0.0218140443931191	0	0	0	0	0	0	0	0	0	0	0
"CLEC9A"	0	0	0	0	0	0.0323528593307071	0	0	0	0	0	0	0	0	0	0
"PIK3CG"	0	0.0779104556281167	0	0	0	0	0	0	0	0	0	0	0	0	0	0
"PTGDS"	3.05550288962726	4.12003576714642	4.66114016841004	3.11747692024019	4.24778130354262	4.74862871929504	3.43287950456741	5.19579264692194	1.48297190617079	1.21157704245353	1.61966601863035	1.41832298650774	2.40836402257652	1.847971253322	1.82300787264111	1.14505574318653
"FLT3"	0.0406196035366717	0	0	0	0.0212877562508667	0	0	0	0	0	0	0	0	0	0	0
"GIMAP7"	0	0	0	0	0	0	0	0	0	0	0	0	0	0	0	0
"DPEP2"	0.521396008035239	0.955703195722008	1.3895102614376	1.66842565232779	0.881074644757387	1.00487469703061	1.09772830317254	2.12458735268425	0.313308656890916	0.814782877177763	0.719276031992463	0.70120083224865	0.869685848221967	0.58984937996619	0.775888879519905	0.896287066016153
"CD69"	0.196146987489885	0	0	0.0240630481573202	0.51050414192616	0.589944501004831	0.0224822191184107	0.0261657350634978	0.0647117591768809	0	0	0.0582736965748828	0.200398452943992	0.194793546889748	0.0430991260523481	0.0563142422078073
"GIMAP1"	0	0	0.0450815845700976	0	0.0520114926275584	0.0167082074903126	0	0.036074985903831	0	0	0	0.00683962233189397	0	0.025994574255212	0	0
"CD300LF"	0	0.0984400744740096	0	0	0	0	0	0	0	0	0	0	0	0	0	0
"S100Z"	0	0	0	0	0	0	0	0	0	0	0	0	0	0	0	0
"HLA.DRB5"	0	0	0	0	0	0	0	0	0	0	0	0	0	0	0	0
"P2RX1"	0	0.0661187947460986	0.0236375276313569	0.0216747240975889	0	0	0	0	0	0	0.0195199124293811	0	0.0192199757246367	0	0	0
"TPSAB1"	0	0	0	0	0	0	0	0	0	0	0	0	0	0	0	0
"CTD.2370N5.3"	0	0	0	0	0	0	0	0	0	0	0	0	0	0	0	0
"TPSB2"	0	0	0	0	0	0	0	0.0127149858246362	0	0	0	0	0	0	0	0
"CPA3"	0	0	0	0	0	0	0	0	0	0	0	0	0	0	0	0
"HDC"	0	0	0	0	0.022912850907515	0.0254251634651605	0	0	0	0	0	0	0	0	0	0
"CD101"	0.0131918770295642	0.0694266848515201	0.0166063745596716	0.0599565233106329	0.00688226605167684	0.0152428184659153	0.0283038099783433	0.194465711043926	0	0	0	0	0	0	0	0.049840364027745
"ADGRE1"	0.186066941617853	0.624602015415031	0.0492108718885895	0.36307268093754	0.39539530026173	0.39872904497857	0.161903975017996	0.272138937425169	0.103446664980208	0.0765438872200545	0.228578899449355	0	0.259658663070056	0.0354044750510579	0.119012748595866	0.0427851550845412
"COL6A5"	0	0	0	0.0321603621263777	0	0	0	0	0	0	0	0	0	0	0	0
"CTRL"	0	0	0	0	0	0	0	0	0	0	0	0	0	0	0	0
"CLEC4A"	0	0	0	0	0	0	0.0828130344475766	0	0.0351364443513031	0	0	0	0	0	0	0
"MS4A14"	0	0	0	0	0	0	0	0	0	0	0	0	0	0	0	0
"MADCAM1"	0.373230854311329	0.747693737317287	0.988003333237902	0.998977974648013	0.671592157617033	0.708426293891126	0.710885208933446	1.31277320648009	0.734940083240683	1.10286874701385	1.02158157222694	0.503679332521729	0.701139501701267	0.561464797570603	0.90939934774466	1.13682801734682
"TPSD1"	0	0	0	0	0	0	0	0	0	0	0	0	0	0	0	0
"LAMP3"	0	0	0	0	0	0	0	0	0	0	0	0	0	0	0	0
"GYPE"	0.108710440840691	0.10389781295688	0.0281838681002801	0.17189876154748	0.0348423168356368	0.172096450357005	0.0942647586645981	0.0281039710838782	0.293259226931567	0.148513442828835	0.0909500285661246	0.122479967812889	0.0786872615848101	0.190613000358084	0.123839377592214	0.118448378235661
"LTF"	0.0226928360855798	0	0.188865565110363	0.0518852982005655	0.0118576046578369	0	0.036532398120478	0.143524040542631	0.0405944786103307	0.0280182693701897	0.0639323699536964	0.0633252069755183	0.0573528620084575	0.0506976349599337	0.0236184622290895	0.0370303129888259
"KCNJ5"	0	0.0235264035666294	0	0	0.193484366415485	0	0	0.0247795030222614	0	0	0	0	0	0	0	0
"NINJ2"	0.0562083214978145	0.0955093994932182	0.0806444567637024	0.0740676554637522	0.0478226191555433	0.0170811433727569	0.0361723706530325	0.0498191246951136	0.00762235609717348	0.027054272061908	0.0109894750948541	0.0218642658286587	0.0108201229343284	0.0265728857396319	0.0648267676694601	0.0479348873718694
"SPTA1"	0	0	0	0	0	0	0	0	0	0	0	0	0.036153912069049	0	0.0726430169409847	0.0385976973302698
"CTRB1"	0.0247603629500082	0	0	0	0	0.0379982768993641	0.0354704291986156	0	0.00747300228261214	0.0325807577233679	0	0	0.0665832272974266	0.0297396499568024	0	0
"CTRB2"	0.0792018368749193	0.0477513478707679	0	0	0.0417717320003929	0.0463189175941903	0	0	0	0.0591941074194084	0	0.037903221173405	0.04106320608308	0.0716592639149778	0	0
"REG1B"	0	0	0	0	0	0	0	0	0	0	0	0	0	0	0	0
"ALPI"	0	0	0	0	0	0	0	0	0	0	0	0	0	0	0	0
"REG1A"	0	0	0	0	0	0	0	0	0	0	0	0	0	0	0	0
"PRSS2"	0	0	0	0	0	0	0	0	0	0	0	0	0	0	0	0
"CELA3A"	0	0	0	0	0	0	0	0	0	0	0	0	0	0	0	0
"SI"	0	0	0	0	0	0	0	0	0	0	0	0	0	0	0	0
"SLC6A19"	0	0	0	0.00560416211265545	0	0	0	0	0	0	0	0	0	0	0	0
"PRSS1"	0	0	0	0	0	0	0	0	0	0	0	0	0	0	0	0
"SYCN"	0	0	0	0	0	0	0	0	0	0	0	0	0	0	0	0
"CDHR5"	0.00824433496278558	0.0292829807262019	0	0.0189717253709304	0.00858240019557755	0.0189947189475877	0	0	0.00742218879990974	0	0	0	0.033448767730351	0.0868621619196451	0.0171139866210147	0.0179664750376542
"REG3A"	0	0	0	0	0	0	0	0	0	0	0	0	0	0	0	0
"PLA2G1B"	0	0.0774071368200399	0.0414167897062038	0	0	0	0	0.120513613494196	0.0296973088131973	0	0	0.0615721612590652	0	0.115579669954191	0	0
"PNLIP"	0	0	0	0	0	0	0	0	0	0	0	0	0	0	0	0
"CPA1"	0.00657825008755788	0	0	0.00380221653538888	0.0102600858618999	0	0	0	0	0	0	0	0	0	0.013663915414708	0
"CELA2A"	0	0	0	0	0.0130121196959719	0.0429061057814742	0	0	0	0	0	0.0234966166557383	0	0	0.00652070690422964	0
"CTRC"	0.0063853752985659	0	0	0.050828970044356	0	0.0147240635468298	0.0273447468659181	0.00802007181061951	0	0	0	0.0239502889999414	0	0.0229163776278369	0.0132642412075742	0
"TBX10"	0	0	0	0	0	0.0223325653789357	0	0	0	0	0	0	0	0	0	0
"C11orf86"	0.0142964949044514	0.0338701514107958	0.0357685560869082	0	0.0148814567450801	0.0165181903975585	0.0306604473810232	0.0531758181599124	0	0	0.0222260536223306	0.0532255382656811	0	0.0129071674109348	0.0148814045356611	0
"SLC10A2"	0	0	0	0	0	0	0	0	0	0	0	0	0	0	0	0
"TM6SF2"	0.0752569186513283	0.273827941546762	0.412844901634103	0.161001341889766	0.320017010220042	0.252636845361015	0.137171013300987	0.604082011135591	0.155639381890367	0.113558905145447	0.277975233426441	0.150851963359992	0.213371397332184	0.178601059970326	0.204200310360252	0.334330529327475
"TMPRSS15"	0	0	0	0	0	0	0	0	0	0	0	0	0	0	0	0
"LCT"	0.0151265610591873	0	0	0	0	0	0	0	0	0.0297854738119312	0	0	0	0.0538688357527481	0	0
"CELA3B"	0	0	0	0	0	0	0	0	0	0	0	0	0	0	0	0
"SLC13A1"	0	0	0	0	0	0	0	0	0	0	0	0	0	0	0	0
"CASR"	0	0	0	0	0	0	0	0	0	0	0	0	0.0442983220161642	0.0197014326730508	0	0
"DNASE1"	2.58499976779499	2.52820192766643	3.2372145448969	2.73713807280971	3.13971997993903	2.98525723079989	3.03967246914484	3.31182386708969	2.62484550888116	2.44199441476219	2.70371673774748	2.79001171267027	2.93082832883157	2.98298858522682	2.65146461858839	2.59472415694624
"SLC17A8"	0	0.0234934618912061	0	0	0	0	0	0	0	0	0	0	0	0	0	0
"LYPD8"	0	0	0.0225092338018218	0	0.0370018019661937	0	0	0.0445467385232403	0	0.00887870048707692	0.0277913175194849	0	0.0363731666321436	0.0557584256974094	0.00933976712140385	0.0766452935886736
"MS4A18"	0	0	0	0	0	0	0	0	0	0	0	0	0	0	0	0
"MGAM"	0	0.395100503903205	0	0.0256591475088322	0	0	0	0	0	0	0.0231113845618202	0	0	0.0200879922063645	0.0231518040844008	0.024302526504907
"MEP1B"	0	0.0373705733916284	0	0	0	0	0	0	0	0	0	0.029641384417003	0	0	0.0326760727145617	0
"OR2T11"	0	0	0.169798810413224	0	0	0	0	0	0	0	0	0	0	0	0	0
"TRPM6"	0.256782706821871	0.262011467135897	0.275544254803571	0.0898794549020115	0	0.21524269258466	0.238879626688393	0	0.536907556212825	0.441503362985788	0.194866690536743	0.3951419059484	0.155626347403479	0.512914692461207	0	0.314308800601839
"RFX6"	0	0	0	0	0	0	0.0404119410456562	0	0	0	0	0	0	0	0	0
"RP5.972B16.2"	0	0	0	0	0	0	0	0	0	0	0	0	0	0	0	0
"CELA2B"	0.0164700559587535	0.0131105896305052	0.0069421326422877	0.00636261323649766	0.0508309769686088	0	0.0118600674213887	0	0.00496090346336415	0.0108865923573386	0	0	0	0	0.0171433649205041	0
"AC011513.3"	0	0	0	0	0	0	0	0	0	0	0	0	0	0	0	0
"LGALS9B"	0	0.0190887045187848	0	0	0	0	0	0	0	0	0	0	0	0	0	0
"LMOD1"	7.06979864115813	7.82074447290616	8.82938333756093	8.08319462744557	7.13444981322781	7.17774058624452	7.97528221511084	9.05252416943149	7.55423559720899	7.58416348326583	8.39200058970393	8.39576482481979	8.114296113393	8.15284607493381	8.51920659522868	8.57070391213525
"CHRDL1"	2.58364634110852	1.9242994501365	3.00766667194463	3.33349194563589	3.57467457715581	3.4436905859817	3.43177807096489	2.37189123659561	1.51171082744225	1.73097414659207	2.15499244369096	2.18449600299457	2.28865082742777	2.27430153688988	2.08526058100304	1.8760981906863
"PGM5"	1.36054565724263	1.67929477374662	2.42378052447327	2.18442889750506	1.45146547215344	1.43747108808827	2.11973372606326	2.34918438870778	1.64509811435332	1.7708270799624	2.38954451597234	2.36047692388636	1.92162266922517	1.90329795613236	2.33896073383287	2.38100731559362
"SDPR"	0	0	0	0	0	0	0	0	0	0	0	0	0	0	0	0
"SYNM"	2.35893372466296	1.78903843277462	2.33836626131523	2.85130241045655	2.37603005019666	2.23335620167168	2.84277641323883	2.31616783870853	2.33062610347208	2.23862757710351	2.50691302849907	2.47041866071698	2.051581751863	1.99404008731046	2.58357493297369	2.30952562224377
"PPP1R12B"	11.0389123120038	9.78791929797627	10.7503635407656	11.9176169516623	11.1029356366636	10.8460329843982	11.826227173401	10.1610938388106	11.0956807182295	11.1154598485639	11.714380851858	11.6696988632637	11.5303907565987	11.5926299541259	11.7066763343297	11.233412216308
"FXYD1"	0.0307138035266644	0.358722018450864	0.435678323929747	0.320197233412684	0.0319631040847804	0.200733632645751	0.245664420713356	0.545674666894978	0.0548238159497966	0.173457415131664	0.0319073594031724	0.112635130696865	0.287081741900875	0.0549651313838517	0.210159571613198	0.0663308324774284
"MYLK"	12.6218302903567	11.0725512650373	12.7749891986435	13.6354356579574	12.0103738101858	11.9901607912979	13.581920742836	11.6519365906994	12.9384386711021	12.8872120222686	13.6260239056126	13.6122354599345	12.9242885659739	12.8861927533396	13.6631122598222	13.2404875652207
"SYNPO2"	11.2539250112247	10.2149476242905	11.8881267128519	12.7939414773855	11.0777952623911	10.9635416292313	12.6688511178148	11.7171314389651	9.71818252519949	9.6149098345287	10.4820161519286	10.3731249424876	9.80111851628166	9.85913145266011	10.2174796045062	9.95741155908461
"MSRB3"	7.13677197976134	6.65636104414906	6.92833776005108	7.51766532537288	6.43795278704723	6.38442113467182	7.55611043546993	6.70136982318111	7.57374709484491	7.55257675231259	7.73764234974569	7.79229131417186	7.47071847922018	7.50809772737596	7.74842269523704	7.79512173118768
"PI16"	0.522091505263744	1.10811404377238	1.85335784478389	0.861481655171597	1.020765982405	0.906059731429602	1.06126027978331	2.27012265389529	0.431715488499163	0.715838170158053	0.735216107016056	0.672836210978457	0.4612730129634	0.906415226242923	0.539994722629795	0.966019155676285
"FHL5"	0	0.0388592892884858	0	0	0	0	0	0	0	0	0	0	0	0	0	0
"ABCA8"	0.248707194583219	0.0706528467638645	0	0.0486654466787413	0.822163200562748	0.679078977552913	0.0153244987581224	0.0615066555984205	0.644960185845512	0.673813912881529	0.16468665020879	0.19509889847046	0.919625695614397	0.938021858539349	0.207444875118733	0.0907952003563536
"ASPA"	3.78918755457843	3.53677653220072	4.6817023698396	4.58827191741321	3.0972544364408	3.18810178851748	4.78408680817251	4.57333362182376	2.85481139348176	2.97349376799989	3.74937564796772	3.80276021069468	2.91862930914296	3.01244439538111	3.80795413886784	3.52558101598019
"PDE2A"	0	0.0335317002723187	0.03541136675348	0	0.140956700892045	0.199356374348469	0.060081973378598	0.103442071061264	0.21375898690457	0.0687075331314091	0.0860677418564945	0.0397022397355096	0.0144795994878172	0.0504437926994087	0.127464420822611	0.0307683319159166
"FIGF"	0	0	0	0	0	0	0	0	0	0	0	0	0	0	0	0
"MYOCD"	5.50112047677916	4.87347579260593	5.72735219939794	6.37383730489515	5.59650508104938	5.55653986580757	6.25918516381082	5.79258962107458	5.60435464501754	5.51495784312656	6.34857544173882	6.33323543065634	5.9813333373794	6.11195200667437	6.24157178423645	5.97727908955663
"SCN7A"	0.184664763361022	0.015579334034646	0.171472687260354	0.366388372178485	0.0136093715257456	0	0.282123611350155	0.0645549255864358	0.0350327452470955	0.124441575786883	0.105262028435177	0.152704922724208	0.0397625259050156	0.0694125012492169	0.167631117570032	0.243827198488098
"DES"	0.0530936626642289	0.181582590094776	0.395035177868785	0.0809640829171419	0.363129712467011	0.398211124359043	0.216247888169513	0.602381590728565	0.0942072512106606	0.23034569768158	0.055140442805391	0.0985998074825213	0.0719595755863208	0.26659807082973	0.108434595415629	0.467309059391939
"CPED1"	3.95618043165262	2.84410711071662	2.66073417797374	3.39943061031473	4.25638959785796	4.25204399461268	3.4199185983514	2.20571316897241	4.61223901072093	4.49401009469993	4.11193950505112	4.11821325367205	4.40971131872321	4.40061901895771	3.98597807934212	3.59590771710279
"ACTG2"	9.46992657900819	10.7934511858765	11.7349571893223	10.6607575555383	9.61588805661621	9.77458538256215	10.6701541880291	12.4092291055157	9.91891545768759	9.94651499617192	10.9920396461937	10.9940626110335	10.4162260885508	10.4247192832747	11.024166932642	11.4967740364919
"SVEP1"	8.28640141796467	7.24917146630275	8.1408799506069	9.00735237687385	8.02740313639423	7.91163310080867	8.99722544551535	7.59243962708589	8.02935743516861	8.02791329026325	8.38312259980219	8.3833283703732	8.03629360217931	8.00627880920198	8.3998519175726	8.04310292084443
"KIAA0408"	0.0756518780745665	0	0	0.24674472126882	0	0	0.207673199254892	0	0.1753163916304	0.0748829387543084	0.0266596024891639	0.0480426008122176	0.209240953627423	0.0116344151858231	0.0529269460871965	0.0280318467896784
"ACTA2"	5.29944992634561	5.84021335619566	7.11288549326637	6.77385064914577	5.44454169652287	5.54824161364607	6.76896270733701	7.27267916962266	5.26980230365021	5.29960398457596	6.4504309692602	6.45301367346024	5.99190523568384	5.92418213509467	6.5861433927325	6.82830854982654
"F10"	3.84467895019583	5.2603135916707	5.58775802834167	4.52783012124807	4.77611415857617	4.79956258727963	4.43081936940246	6.3784090716551	4.0216485578802	4.02421088253149	4.46854314799206	4.43690981890825	4.72394482849728	4.68073159801905	4.55206606046503	5.0199780233458
"NECAB1"	1.46191068810407	1.17135602969848	1.36573516996912	1.50781549231512	1.83819601636463	2.30980975714183	1.35986241693789	0.969378815032095	1.66664939138541	1.53964196771344	1.69031731013639	1.90343722645153	1.45238426912172	1.61525902593287	1.71857051113153	1.68582256619691
"CFD"	4.87203661844948	6.36885805245886	7.41399952920956	6.27184578512095	5.75953666751986	5.74421869343695	6.27079866616597	8.19438510529885	4.38564325601558	4.54253269030913	5.40866139348694	5.45986852439463	5.35048536039228	5.29547269782764	5.55642658387528	5.89101361985081
"MASP1"	8.29752330650557	8.58709883746018	9.26791191931576	9.09018550262677	8.72468684204891	8.70555147019162	9.06762146619152	9.43180557349404	8.13372870992049	8.14738728949489	8.52328574118998	8.55001502890053	8.96498667673263	8.9211730634862	8.66208363182673	8.69261952299751
"CMA1"	0	0	0	0	0	0	0	0	0	0	0	0	0.00853317948531947	0	0	0.0181745214476974
"POPDC2"	0.486078550544738	0.647357933820674	0.571654296916037	0.406637413532303	0.127885551606548	0.0724105297414665	0.62673227126419	1.01835815060739	0.458310972602965	0.43552561177173	0.593498931091766	0.547908899017966	0.657131086080747	0.402018607076393	0.282473445736348	0.735638287338379
"NEGR1"	3.48052583196703	2.74499391370471	3.49266647224451	3.85354993457047	3.00273954296147	2.88651347808749	3.8650300596989	3.32973282071015	4.22347428149628	4.06983916639769	4.23535354307559	4.29788894195937	3.75383581629964	3.87006437466873	4.15860317153068	3.8664953519922
"ADAMTS8"	4.30073966418451	4.41779465217526	5.01863466980854	4.78042554156203	2.9439093164362	3.01946458247735	4.625330222296	4.64255370921515	3.72714690502826	3.5991340917224	4.77233939670596	4.66203145111167	4.20928232276094	4.26463329595559	5.01857135895298	4.94496590919989
"RAB9B"	1.24081037694036	0.739423861843299	1.14591236907011	1.25654952963527	1.22397201231313	0.83850350712793	1.42569255074576	0.682298402640048	0.87187188085627	0.709173448165038	1.17004548986165	1.01535004734435	1.0184262841529	1.00944245328877	1.03115517701117	0.690411802998542
"GPR17"	0.51208255108967	0.291289884450184	0.33736948622962	0.655964919150932	0.267452129809191	0.215537199946411	0.587724357763331	0.344183651468539	0.286278545377088	0.363353387611258	0.335495413699819	0.325194698652622	0.295837463009607	0.410223360744533	0.437596868579172	0.200917332629117
"S1PR1"	2.67656061472458	1.91381626870413	3.01739158349352	3.69754247611278	2.52940671453556	2.36050250836088	3.73216083767132	2.02155001980032	1.73119548319843	1.71690548611435	2.3816498460994	2.47243540996358	2.01315499281412	1.99532203049967	2.44533495064042	2.5346068207173
"MAS1L"	0	0	0	0	0	0	0	0	0	0	0	0	0	0	0	0
"CTSG"	0	0	0	0	0	0	0	0	0	0	0	0	0	0	0	0
"FMO2"	2.90071422628614	0	1.52665531966762	1.84224697272975	3.82872783504716	2.1543823298832	1.98223222833187	1.52395638060515	2.33059554667177	2.15264485443951	2.49921083259438	3.08920833087935	3.83149619609179	4.34380910057907	2.28834999548802	2.49150886673416
"AKAP12"	5.20009143035167	3.84140200498161	3.93665377219605	4.90765965249726	5.81590113527604	5.61193222788003	4.94548664539171	3.2987865170087	5.41200718401428	5.37565310154469	5.42439277865001	5.49240882826634	5.62316402527154	5.69888868960179	5.41866384432856	5.09904449030873
"ADRA1A"	0	0	0	0	0	0	0	0	0	0	0	0	0	0	0	0
"PARK2"	0	0	0	0	0	0	0	0	0	0	0	0	0	0	0	0
"GLP2R"	0.0778614623131304	0.040322404890485	0.130730729811361	0.0518521778346933	0.199695935814945	0.168203525196966	0.184836286718157	0.213237649736958	0.0505348064471606	0.0770706588266997	0.0524835382842558	0.0319894490364993	0.0685113123325516	0.156235753268396	0.103300067359649	0.0611605304616136
"PTGFR"	2.9060350313465	1.51698151325489	1.97592180795369	3.26247326906202	3.03783570766615	3.0049035769231	3.48629872083299	1.58350828040648	2.27467225029639	2.22314125996828	2.16246617976434	2.19438404420616	2.4002014026187	2.33634473554186	2.0118700527195	1.86252980994011
"TMEM100"	1.6480184025489	1.53250993107594	0.0503684639975501	0.0643029396231331	1.23632182273112	1.3967565770795	0.133937349126292	0.0502267626404201	0.739696203726224	0.573558700820931	0.0861401996325224	0.156219280044712	0.664987934499221	0.692086584951816	0.0662061467077216	0.0946499264591529
"RP5.877J2.1"	0	0	0	0	0	0	0	0	0	0	0	0	0	0	0	0
"CYP2U1"	1.99481335528934	1.49300850386175	1.66789608211097	2.10586251939345	1.88681849005233	1.84964153077601	2.23074433075902	1.14988475124796	2.15412968419661	2.14483798724274	2.25993621483612	2.27771862415056	2.18230807791784	2.13657078058821	2.25433343782968	2.065123317048
"P2RY14"	0.0143285282876856	0.0170726016147282	0	0.0490474428113956	0.122116140200147	0.216085657787119	0.0902898159966004	0.137961332817214	0.0509312185764777	0.0559017270932964	0.0658211353247365	0.166608716004089	0.230966316784327	0.329637852129128	0.182809923878722	0.135158434822268
"C11orf96"	0.517896917512217	0.839130103626463	1.20911993573475	0.770896894437387	1.56035060025844	1.69981002467296	0.937581705148638	1.37849448383113	0.0757682856475407	0.0931519320020759	0.208723781844714	0.202547789570926	0.478569133013428	0.507157356878436	0.156210062665964	0.297788318155619
"ERVFRD.1"	0	0	0	0	0	0	0	0	0	0	0	0	0	0	0	0
"TMEM47"	10.5249259547878	9.62651633355905	10.5659142353625	11.4703902090499	10.6966873475821	10.6051576824054	11.4757735494513	10.1899331862586	11.443756629539	11.3174542041474	11.9545286802257	12.0042737601973	11.154822502206	11.1669011763743	11.824114151884	11.7585496990469
"RNF112"	1.74999075856099	1.89680598959953	1.91763805291418	1.56700455748117	2.80732625179639	2.6009231310864	1.93934407729388	1.66418515117333	0.877007303176301	1.01786229315585	1.14692652237445	1.32382267535526	1.13463593016735	0.840628554544026	0.685517418538149	1.22379625514532
"PDGFRA"	7.64306055577881	6.64837515215521	6.32623374565337	6.99707971448672	7.41586435402205	7.36908873893662	7.17832874209322	5.63474050281438	7.23098219933451	7.22957835425101	6.44981146741328	6.47985261781066	7.12326153016529	7.13547854743995	6.42550742407686	6.13705140840527
"CCL23"	0	0	0	0	0	0	0	0	0	0	0	0	0	0	0	0
"CCDC136"	2.20123118278687	2.21360594430276	2.72766572952905	2.56715881647728	2.2952000467873	2.10642109703848	2.55009784943924	3.05036295729989	2.07416201879853	2.16985484132774	2.23342815338776	2.26597684261214	2.04870038713189	1.93816073757549	2.29835715735334	2.17871135369025
"NR4A3"	0.586992199687947	0.39391702450432	0.827115941736493	1.00558265480462	1.75717098732076	1.78507448985425	1.17406263926294	0.7326122033441	0.589342466781007	0.500665655213304	0.827950289866395	0.776411958227867	0.846463177573951	0.776221861076096	0.739801285806405	0.795354764260607
"PGR"	0.00946706099531112	0	0	0	0	0	0	0	0	0	0.0293143309510352	0.00893322690495323	0	0	0	0
"GIMAP8"	0	0	0	0	0	0	0	0	0	0	0	0	0	0	0.0426473349284207	0
"FGF10"	0.193383716141691	0.155814985388139	0.164172068732914	0.534719793872719	0.437959562848245	0.367659079917623	0.517876927873576	0.310753898564864	0.355827236739848	0.29943541167056	0.508316299446156	0.548311862213144	0.660814312409457	0.544420505952142	0.377049034424534	0.364590222117197
"GIMAP6"	0	0.0943957827947859	0.0406570000368144	0	0.462342521334927	0.57693612238593	0.0519779069323274	0.079976239827357	0	0	0	0	0	0	0	0
"SLC8A1"	2.39741042534819	1.17830107513198	1.75909362774403	2.6827923622834	2.56201883148037	2.50621982370163	2.6667487506236	0.939624637133959	2.6460932660936	2.61173893208488	2.66142875909811	2.67930604354527	2.64874527088128	2.5902471044398	2.68153857049577	2.18404159960559
"RGS9"	0.737979794821758	0.863008696609515	1.57642988565931	1.23581260154194	2.32275893052312	2.37859052050177	1.14945537766693	1.78872995612347	0.837091519366119	0.779436634555402	1.13753227240407	1.21716865564048	1.15457410486496	1.23372441799127	1.03294974327569	1.39555886126866
"BMX"	0	0	0	0	0	0	0.0190975742854763	0.065690405564714	0	0	0.0365861466392969	0	0	0	0	0
"DMPK"	8.45718177692764	9.46370543512471	9.42487470289937	8.69594267651289	9.21889806523638	9.18806985933874	8.77616260676276	9.94573357403393	8.79781553352107	8.90653085948252	9.10210462991645	9.12830089415093	9.16402373955177	9.15437129812641	9.24666135932698	9.40658487760197
"CCDC141"	0	0	0	0	0	0	0.0366264748836969	0	0	0	0	0	0	0	0.0699036392287444	0
"SLIT2"	4.38528595054191	3.2087328524106	2.39177543978905	3.48206212528701	3.30344450508085	3.24507268466905	3.42046078195298	2.28535972760393	5.15213438829396	5.02181361658976	4.60742785966521	4.6140085482177	4.5146847556259	4.43062561495656	4.61045379271884	4.16164080961533
"ABCB5"	0.0281678627896772	0	0	0	0.0293146545369276	0	0	0	0	0	0	0	0	0.0254423558491803	0	0
"ABC7.42404400C24.1"	0	0	0	0	0	0	0	0	0	0	0	0	0	0	0	0
"RBFOX3"	0.0371806489055905	0.0800881616856904	0.0543437798198727	0.0707330639900457	0.113088351788185	0.091401901536878	0.0201671520609875	0.0541911033637275	0.0445041706741096	0.0548505422025028	0.0700358075955414	0.0466166776223235	0.0127892437143362	0.0224821376631913	0.0701563246395441	0.0406015443623512
"FLNA"	10.636726866885	11.0651011987898	11.3755309108119	10.975242859033	10.2737246547747	10.2372025197764	10.8283707482644	11.8288250545087	10.8025951884304	10.8351246450967	10.9937438790173	11.024380566841	10.9534024039933	10.928380238328	11.1435492807066	11.0076135731188
"SSC5D"	5.04192772763462	5.77369953312518	6.06181973469622	5.15920546596062	5.97256059680882	5.92327798657648	5.15812210578619	6.47720695156084	3.06557922714292	3.14690280163644	3.09055945106794	3.10231169016	3.59102104633161	3.44894276501421	3.36273583075785	3.3703547440307
"PRDM6"	1.53854038102824	1.02527033550921	0.888275007886958	1.78688859161573	1.1892822132135	1.43341480388799	1.78428291532547	1.00003475875949	1.78761981231512	2.1493228337745	2.12374445506199	2.38093789336361	2.00367586044215	1.87832983226874	2.36245080569057	2.16351522460376
"AGTR2"	0	0	0	0	0	0	0	0	0	0	0	0	0	0	0	0
"CLDN5"	0.0187067798761434	0.139042305427022	0.0919286049075656	0.0428470587845122	0.0948288443382378	0.312028645412814	0.0400492240140191	0.156797709716336	0.0823357678466995	0.0902766254625673	0.0669133758575252	0.0693599759351892	0.111196724490479	0.114285836943555	0	0.0405944002431463
"RSPO2"	2.05171899815565	1.19077711545714	1.85177232123308	2.52904390462427	1.67065451628717	1.95262160984842	2.59356923191891	1.84426500029425	1.36798685582837	1.44396559929746	2.28818353975682	2.10360906923741	1.46510680612236	1.46210669853747	2.17269937194778	2.41713120312277
"ZNF385D"	0	0	0	0	0	0	0	0	0	0	0	0	0	0	0	0
"TLL1"	0.098506401736078	0	0	0	0	0	0	0	0	0	0	0	0	0	0	0
"SLC5A4"	0	0	0	0	0	0	0	0	0	0	0	0	0	0	0	0
"MS4A2"	0	0	0	0	0	0	0	0	0	0	0	0	0	0	0	0
"RCVRN"	0.203778248473064	0.210808622403814	0.543227688220375	0.14619698112263	0.123369765871705	0.166114631355748	0.136962303184964	0.824498774210069	0.017028624204191	0.257999554754657	0.185366424772687	0.136937143602653	0.321607405189647	0.294176552240463	0.105062659530521	0.119740030867105
"GPR182"	0	0	0.0214889560926489	0	0	0.0583904145206473	0	0	0	0.0336031135435344	0	0.0320538297703473	0.0174705165722528	0.0306737988718709	0	0.0370809026572587
"KCNS2"	2.87375411002856	2.10525229443929	3.66159131493716	4.18054371410492	2.65601855908271	2.69804964827344	3.85188366294381	3.20214107098721	0.617374396304833	0.834274297520905	1.45806124281089	1.05174420887955	1.07941165859244	0.440409219778942	0.825595186622036	1.13055484319683
"RAB23"	4.01336562711596	1.57002328786048	2.08299407045376	4.0127897656699	4.47966670349885	4.34994332496083	3.94195001264811	0.838908913784221	4.50893690898901	4.39738351981509	4.35734480963325	4.39442666484529	4.65616183498763	4.62278032552347	4.35693397752456	3.97214330568853
"KCNK3"	0.0168669531342753	0.0448237450964075	0.160062196709495	0.0654383213992843	0.0548779799050971	0.0576840493932978	0.111458784131433	0.167559985266531	0.0126689564460769	0.00558549974403178	0.00586558036780999	0.0106315880522297	0.0143944639041359	0.00763466758758026	0.0377724155244076	0.0336119071314587
"MUSK"	2.11852939279233	1.64108499304425	0.9791945782426	1.74086789547975	1.65325503508561	1.70522220598959	1.63623515718655	1.54437492816758	2.42397017091444	2.36699195325677	1.88350348595797	1.78309005208767	2.02260105942875	2.02672907477836	1.72135299717902	1.63327526199248
"MAGI2"	3.58909810789494	3.03509333967996	3.22407182016373	3.63567708132504	3.65899689070936	3.42341406618561	3.76620610858017	2.82989703645271	3.79166111859648	3.70923970397721	3.67295860015957	3.59227131038633	3.480466879205	3.72900372907686	3.67530071709204	3.42312726634317
"LDB2"	2.74683614099371	1.93324718032851	2.0238720468869	2.63665477680235	3.36809701819046	3.60095899057782	2.72205070812201	1.69061455774373	3.09245500952331	2.81612957275848	3.22052748273364	3.06298919932079	2.78997762635936	2.83756740636167	3.12444440788831	3.06791371013302
"HGF"	11.5528938848422	10.6373686225055	9.6683782403975	10.5658741836762	10.5436841134753	10.5071943179651	10.5497977860732	9.1893114144096	11.5846842484933	11.484307651449	10.8463873236268	10.8395404805151	10.8030325952264	10.8340795332145	10.7416189168253	10.5032769712928
"CNR1"	0	0	0	0	0.0463451147159913	0	0	0	0	0	0	0	0	0	0	0
"HPGDS"	0	0	0	0	0	0	0	0	0	0	0	0	0	0	0	0.0271318953684899
"ERICH4"	0	0	0	0	0	0.0910437016947892	0	0	0	0	0	0	0	0	0	0
"GLDN"	2.73927694713951	2.71725076729158	4.01368077971124	2.58830991575041	1.77983996912954	0.825635933134554	3.37350145009699	3.09668958183844	4.18051796120442	4.15820932855918	4.60018868429564	4.86003996660424	4.49365162239245	4.38473514879586	4.75900679143451	4.88164734474307
"C3orf49"	0.0122553142914246	0.0218514568883281	0	0.0141441903418735	0.00639266419142952	0.00709805659319483	0.0197729033496844	0	0.0328541104840056	0.0360824301086516	0.00638141633169049	0	0.0311445106495551	0.00277386121292065	0.0222514069368266	0.0100568008454251
"PTGDR2"	0.0616712528115252	0.122981761500363	0.131167414928974	0.106627778725991	0.11299046998346	0.0477710529312099	0.0931864656243823	0.112614185643337	0.0680730591289616	0.0734396842292227	0.103940123687535	0.0911774713585165	0.031880726532533	0.0546259329289133	0.10157166188159	0.080926407993154
"COL6A6"	0.272782216065821	0.117590674595741	0.246571389120136	0.572472765345291	0.23484218663715	0.375918327043116	0.603878300783832	0.366365484273323	0.0420528858026731	0.0761502374838636	0.12575605162682	0.0797594492866734	0.0632754959942936	0.035219812761957	0.125968352371092	0.0757310186593968
"ALAS2"	0	0.0513254710216009	0	0	0	0	0	0	0	0.0215150947637707	0	0	0	0	0	0
"KLF17"	0.016957082963926	0	0	0	0.0176502423133353	0.0195894384729059	0.0363282807512608	0	0.0453354748205676	0.0578997228740372	0	0	0	0.0602908732847361	0	0
"OVCH1"	0.268945621272359	0.0360226308152271	0.0380400980343033	0.102252732825045	0.188760922674477	0.0463981906475437	0.0433198780233488	0.0990181081239221	0.617519973122306	0.402357688364598	0.387861178696633	0.363642033151192	0.390570229708092	0.363955394764242	0.170014498092087	0.12791012482682
"NPY5R"	0	0	0	0	0	0	0	0	0	0	0	0	0	0	0	0
"SLC18A2"	0.380231786084733	0	0	0.247955046953558	0.471347519987469	0.14702860172583	0.292943889398611	0	0.273540773846439	0.298122013795624	0.311592064580942	0.409540361297767	0.161789339053468	0.17068344107549	0.312086035976278	0.139394240692118
"TMX2.CTNND1"	0	0	0	0	0	0	0	0	0	0	0	0	0	0	0	0
"PLPPR4"	1.18506234528953	0.241588267557877	0.875595735326502	1.48266030084357	0.886523278703529	0.436666986139056	1.70165376156999	0.328969349153724	1.83507649849047	1.80557512362556	1.95822633589447	1.81702555642402	1.47118337726418	1.52857684992568	1.74866811312874	2.03264152305802
"HBM"	0	0	0	0	0	0	0	0	0	0	0	0	0	0	0	0
"MTMR9"	1.95056039606684	1.25927765614843	1.30617511073221	1.93709588673112	1.43123176336593	1.55052103367705	1.98027907631959	1.04998667300114	2.23468584124623	2.23241700644355	2.27753686026636	2.24669022321352	2.11608312548517	2.12871988744872	2.23532597818554	2.21071383663166
"RTN1"	0.485639412739803	0.441460765443323	0.116451395555899	0.47005252434674	0.35363640539758	0	0.323959537325311	0.417161570108494	2.75126819607968	2.71027172216679	2.95906761612785	3.02544572885008	2.66848039032027	2.56938973906552	2.99308898041803	3.14395173959294
"SPOCK3"	0	0	0	0	0.122875877699065	0	0	0	0	0	0	0	0	0	0	0
"RAB3C"	0	0	0	0	0	0	0	0	0	0	0	0	0	0	0	0
"PLA2G2C"	0	0	0	0	0	0	0	0	0	0	0	0	0	0	0	0
"STXBP1"	4.01476188970868	3.88104637044747	4.13349498485152	4.34414974157898	4.55832782371124	4.37407993351779	4.31091969556669	3.99590417343104	3.98802191998621	3.92630564445159	3.99363541210177	3.95067775383984	3.83982731737371	3.86697265789063	4.06390420535105	4.05994708018614
"MSRA"	1.20024786042234	1.78832130349134	1.61723875706917	1.14470325779489	0.525324886606079	0.700249555276768	1.23205340363688	1.63907709257702	1.36548586526134	1.41553073080533	1.54119277883253	1.51123647366052	1.33040845326182	1.2390039392061	1.50419102931691	1.66024411756287
"CLVS2"	0	0	0	0	0	0	0	0	0	0	0	0	0	0	0	0
"RIMS1"	0.873215029799692	0.207026785201417	1.20445802289688	1.69657933492614	0.344153640879711	0.424331366522437	1.05405627453688	1.17269002725736	0.222003135660162	0.370326545056604	0.725189827534006	0.821511623219402	0.249897001974853	0.302762962361106	1.04150740857291	0.447568180576628
"RGCC"	1.05133720233929	1.4232585133729	1.9011863853083	1.36184522927357	1.86644474875934	1.70722344085722	1.32867233015974	1.67181104693075	1.66268897664734	1.53866792995262	1.86111618648778	2.13287506125254	1.52788922589497	1.87162394090833	2.09144355446523	2.19020977692852
"HAND1"	0	0.0538515645054047	0	0	0	0	0	0	0	0	0	0	0	0	0	0
"A4GNT"	0.0249949827959926	0	0.00634130483475213	0.0231081929340365	0	0	0.0269369244596139	0	0.0358578759853846	0.0296333103932264	0.0182267695822891	0.0259308649440404	0.0356726506667648	0.0492048467821039	0.0362892042778603	0.021885422215812
"LRRC32"	4.44329461591238	4.71798391208869	4.71396941231456	4.26099623979089	4.25910271972014	4.29865079581019	4.24572026330919	4.77608981576017	3.7242414630016	3.74036414153664	3.73078931156149	3.64321903804435	3.89016742361349	3.88062594552889	3.84380210634192	3.76484902250512
"EIF4E"	4.50136598948825	3.14313110832305	3.11434223262576	4.10227011865553	3.75876445924619	3.94719967549194	4.14817645918528	2.31107647646258	4.83882511234029	4.85191023878928	4.64975006842231	4.52680745865432	4.34667248252173	4.39652681304366	4.46286324786684	4.39381065618361
"TAF9"	5.20747821960438	5.37888667597179	5.16516153200389	4.9073269603918	5.24045763736009	5.05555250106058	5.01785259298571	4.80717237267856	5.20336933953922	5.18807534052184	5.17385387148486	5.20610970608369	5.08751799539191	5.18576702518905	5.09171580301075	5.2940044952826
"OMD"	0.096877813241756	0	0	0	0	0	0	0	0	0	0	0	0	0	0	0
"TGFB3"	0.36464675491665	0.457805321215112	0.471540514645786	0.593811568894077	0.421492540821895	0.306206484630464	0.601090420752656	0.722904864163801	0.409073891742145	0.36836680572069	0.324666845569482	0.353130757815984	0.274099498440669	0.326225545678708	0.278461992397597	0.402051313946197
"TMEM119"	3.88485243377238	4.86986816080146	4.68703735988617	3.9391569382856	3.44307361982533	3.59582338981718	3.86386806152924	5.24997403032944	3.40199299358585	3.53724617549922	3.31850749257926	3.3424272552255	3.32745630519521	3.2241218143758	3.49711583068619	3.77082157550698
"TNN"	0	0	0	0	0.0182301953921744	0	0	0	0	0	0	0	0	0	0	0
"ETV1"	4.86732765943273	4.09828423492383	1.58994517902948	2.23629840894329	4.85721149652526	4.89967012983097	2.4165843823753	1.51350361221542	4.90751127164376	4.84564662276019	3.16468065051076	3.14387615571127	4.31143617706737	4.38353548521702	3.0509118530594	2.66357497399265
"NTM"	1.72590918070607	1.38998350798207	1.2104372991328	1.44984890179011	1.93262841111763	1.61944160535097	1.55856916658983	1.21725474654015	2.62445226167068	2.58970416205309	2.14447244109264	2.37849832261793	2.91551588074368	2.98629897735745	2.0434893888376	1.99433678390849
"PRND"	0.00288490056170783	0	0	0	0	0	0	0	0	0.00854762847709083	0.0029981362063152	0	0	0	0	0
"CCL11"	6.97200464732647	7.731985903371	7.36531920767296	6.63091436253168	5.11138428174592	5.27790302933674	6.95563492757304	7.57969172438769	4.9731292135748	4.81327268697494	5.00211381456155	4.97354968729635	5.30275238213183	5.48484772136154	4.82335491095334	5.25277651606095
"ANOS1"	2.11721547327678	1.51745555519693	2.60058467957981	3.33153836825942	2.42996802054404	2.4199368572707	3.33020944684534	2.5313350907199	1.33862620248593	1.35315339814443	1.6961615489182	1.66522209157643	1.88246909637432	1.79094361222991	1.64844845167973	1.6169270221115
"OLFML3"	8.67634203211734	9.49892182873641	9.69817410117416	8.93031081286301	8.83241576088665	8.87186747128928	9.03033607389365	9.91049689651708	7.95232894660432	8.08599162244321	8.32519222293878	8.28861584563531	8.42854369324523	8.45975567803606	8.30297475521301	8.55681063283076
"CHRD"	2.00198628044914	2.46953813197418	2.83145319399739	2.50643099702548	2.77199556317891	2.4595169369771	2.44724688091245	2.91623841020182	0.846300123004217	0.734050563251377	0.890590440290681	0.984894558894249	0.836259389782548	1.11816226961248	1.14771405663731	1.14119522442226
"TYRP1"	0.073747938106615	0.0444298366947399	0.0545827927999267	0.0779579614243488	0.0130701752485371	0.0217086917828478	0.0533988971080311	0	0.0225234063985045	0	0.0130472313487992	0.00593656186312952	0.012846309292537	0	0.0130701293649877	0
"GPR85"	0.727456398609125	0.444604737218337	0.314623831624724	0.324725165205861	0.395156769254799	0.232623360185221	0.474911778357351	0.58163498711659	0.879581824180111	0.853547084604252	0.978049848574113	0.867767640136525	0.489835357256152	0.826822247424196	0.953452457583856	0.891238060524503
"FAM216B"	0	0	0	0	0	0	0	0	0	0	0	0	0	0	0	0
"CATSPERD"	0.0627954395420962	0.0745849863168558	0	0.141113822312144	0	0	0	0	0	0	0	0	0	0.0567846551611108	0.0653202451990089	0.0685177473546696
"ZMYND10"	0.27317366042969	0.327877980635062	0.18685535753969	0.163982299561036	0.290127632694992	0.266618615492489	0.106896472406979	0.150958967547725	0.205466928437242	0.277053552995845	0.118388175302115	0.188705480921899	0.210601581943097	0.330465932284129	0.214027044791305	0.0840337257973758
"DNAI1"	0.0109854403928947	0	0.013831571468379	0.0126794532145033	0.0562918788344528	0.0126948541364575	0	0	0	0	0	0.00519245780928078	0.0444419310801916	0.00991677460479815	0	0
"LRRC18"	0	0	0	0	0	0	0	0	0	0	0	0	0	0	0	0
"STMND1"	0	0	0	0	0	0	0.0180265579963737	0	0	0	0	0	0.0340179064202885	0	0	0
"DTHD1"	0	0	0	0	0	0	0	0	0	0	0	0	0	0	0	0
"MS4A8"	0	0	0	0	0	0	0	0	0	0	0	0	0	0	0	0
"ECT2L"	0.0137865362582691	0.0326698550549928	0.149147227911472	0.0626140547938407	0.0565658262022112	0.18044244442425	0	0.283571055654137	0.0247222517191522	0.105696892179625	0.124080120377679	0.0763575969362099	0.0556111626289076	0.108332470160924	0	0.0881240487849987
"RIIAD1"	0.023453236379631	0.0140315566453964	0.0294966992074656	0	0	0	0	0	0	0	0.0243670201795407	0	0.0239932216594249	0.0159145089190548	0.006141231869179	0
"SFTPA2"	0.624578918193788	0	0	0	0	1.17176299778932	0	0	0	0	0	0	0	0.574224430946705	0	1.12738466182438
"GGTLC1"	0	0	0	0	0	0	0	0	0	0	0	0	0	0	0	0
"TEX26"	0.120237119385312	0.0124086164911603	0	0.0591100790554568	0.0845070380027511	0.127134914406759	0.0443844822222286	0	0	0	0.0637296770632977	0.0389031325144864	0.0212265269492881	0.0280136931012578	0	0
"SCGB1A1"	0.0134030152563577	0	0	0	0.0277695633231451	0	0	0	0	0	0	0	0	0.0121001520395918	0	0
"SEC14L3"	0	0	0	0	0	0	0	0	0	0	0	0	0	0	0	0
"SFTPC"	0	0	0	0	0	0	0	0	0	0	0	0	0	0.0181054939710627	0	0
"NAPSA"	0.180840637981534	0.546083413944418	0.993605274453637	0.49699894993474	0.609045068551351	0.388280395055443	0.382983251821385	0.922258694483954	0.310788081915609	0.234135517248801	0.226057078137364	0.356119988938553	0.58595280250745	0.311522396697944	0.609043316524279	0.351387789545681
"C6orf229"	0	0	0	0	0	0	0	0	0	0	0	0	0	0	0	0
"SERPINI2"	0	0	0	0	0	0	0	0	0	0	0	0	0	0	0	0
"C8orf34"	0.0599888998236104	0.112392346292474	0	0.0555108366409819	0.0252862225612368	0.0825831144873611	0	0	0.359268211468709	0.362555502830591	0.328756890477594	0.452613292709556	0.262841795105163	0.0962130236739211	0.349437111743713	0.333365027546655
"AP000322.53"	0	0	0	0	0	0	0	0	0	0	0	0	0	0	0	0
"AZU1"	0.316701876510102	0.714079785826463	0.728959294706917	0.202398765493202	1.34564802508537	1.72132243700534	0.394369077345543	1.27331822883455	0.114835294266399	0.105560589018639	0.0228227811009417	0.139237319589648	0.286622950840357	0.204507971886325	0.110853963656206	0.417360309635887
"SFTPA1"	0.0487062404028654	0	0	0	0	0	0	0	0	0	0	0	0	0	0	0
"AGER"	1.12642605264775	2.09044677448475	1.69088038623751	0.961578616154712	1.72854827243132	2.02860484962764	0.941075223314236	2.36302165370034	1.12406622811231	1.06794276565764	1.09622571259339	1.15726358547062	1.29951674662977	1.29516259572655	1.18005733840808	1.39281160212576
"OR6N1"	0	0	0	0	0	0	0	0	0	0	0	0	0	0	0	0
"MS4A15"	0	0	0	0	0	0.015495457561264	0	0	0	0	0	0	0	0	0	0
"RS1"	0	0.0155562234585232	0	0	0	0	0	0	0.0234147378096397	0	0.0135653187855806	0	0	0.0350719138238601	0	0
"SUSD2"	2.25735784585057	3.27226487663781	3.17502180576843	2.59647112004554	3.87703103168915	3.86540526766086	2.65962842035049	3.87620599589606	3.18220852622306	3.21078814168393	3.16187036635715	3.02729548393917	4.11821693538198	4.05715392668705	3.19300442641628	3.417472434712
"SLC46A2"	0	0	0.0754866601410586	0	0	0.0694030229865959	0	0	0	0.0449289457834124	0	0.0287178350255968	0	0.0274800662418529	0.0316590036400575	0
"SFTPD"	0.409490941633607	0.724573263094476	0.776032856837651	0.88153872229138	0.424079255655373	0.198606297692375	0.944272932871797	1.65720282811382	0.0465922829116169	0.0511468047438298	0.0797736658014027	0.186022689233016	0.0785727022509917	0.135831738778003	0.361501432483951	0.213484885823435
"CHIA"	0	0	0	0	0	0	0	0	0	0	0	0	0	0	0	0
"SLC6A4"	0.0227405216504923	0.092638095018688	0.0286021445312492	0.0519932322395242	0.023668159732368	0.0773954791870816	0.048608166360312	0.124125664107753	0.0406792550014416	0.022505173298628	0	0.104261285643968	0.0798346299828552	0.0205364289595655	0.0118825736433151	0.0248442395940653
"C4BPA"	0	0	0.0126008982643127	0.0115508805548101	0	0	0	0	0	0	0	0.0234924577791083	0	0	0	0
"MOGAT1"	0	0	0	0	0	0	0	0	0	0	0	0	0	0	0	0
"AQP10"	0	0	0	0	0	0	0	0	0	0	0	0	0	0	0	0
"CLDN18"	0.0751523167794448	0.141457330100056	0.1423229359959	0.227755581577744	0.21751852975938	0.11217176713557	0.140155323164636	0.0440655901071147	0.235967800253246	0.257465341097032	0.195782870461542	0.241703269668253	0.166141530687669	0.303154572644927	0.264564058057683	0.287301548964953
"HHIP"	0	0	0	0	0	0	0.0870149314968785	0.0115670263029208	0.0409980218541678	0.0450141774756953	0.0190817463493367	0.0764064479802733	0.169321478302765	0.0411042055892942	0.0473212630840846	0
"RASGRF1"	0.112102765493366	0.114502636542028	0.177514458854797	0.0749495763536905	0	0.0750386766475067	0.103921322617096	0.0813753697386692	0.208937662821067	0.296846183993105	0.14791982765507	0.14913286605568	0.206074773966168	0.260521681764684	0.0841860904298866	0.234726814392273
"RTKN2"	2.10159176259158	1.48357929651188	2.04754438578158	2.8566579903967	1.23707348365763	1.20058431534029	2.80029896978996	2.08710514459792	1.7405294571167	1.87448182837641	2.024403453502	1.91644372895226	1.53600033829575	1.55943287964653	2.03838716042662	1.93376162813473
"SLC39A8"	1.97908144164914	1.47075513743924	1.39757329425489	1.70630349699127	1.42725791994021	1.49741731247692	2.22411688088827	1.89858352205121	1.93279135964763	2.10874280709792	2.03129741308963	2.0124684122579	2.25066724635007	2.25986131547103	1.97328482046752	2.12866853554516
"INSL5"	0	0	0	0	0	0	0	0	0.00309770542772582	0	0.00357645758073541	0	0.00703383363269986	0	0	0.0037621002282698
"CEACAM8"	0	0	0	0	0	0	0	0	0	0	0	0	0	0	0	0
"TEX14"	0.0911632321100695	0.208629208594642	0.0293502174957005	0	0.0481744010665518	0.0534057633071108	0.144719948079976	0.11366603615889	0.021020266274768	0.255373965797806	0.117348760670994	0	0.0238738447667846	0.0623235511043545	0.0716712439743133	0
"RP1.179P9.3"	0	0	0	0	0	0	0	0	0	0	0	0	0	0	0	0
"C16orf78"	0	0	0	0	0	0	0	0	0	0	0	0	0	0	0	0
"LRRC49"	2.28971399442954	1.97005845479312	1.99967798917843	2.06683678909515	2.21153287343276	2.07575941990803	2.37987696464833	2.1836415420146	1.55772128362479	1.68813939184812	1.6803050324323	1.6029583440957	1.64245076279102	1.79703243355134	1.46003788398147	1.70810618173497
"C5orf38"	0	0	0	0	0	0	0	0	0	0	0	0	0	0	0	0
"OR2M4"	0	0	0	0	0	0	0	0	0	0	0	0	0	0	0	0
"C9orf57"	0	0	0	0	0	0	0	0	0	0	0	0	0	0	0	0
"OSM"	0.0325621474580093	0.0387515869114026	0	0	0	0	0	0.0205463756935967	0	0.0322262820116036	0	0	0	0	0	0
"CXCL8"	5.18887940058885	4.59923613691362	4.17706333356483	4.80917671069375	5.53342831948916	5.64469707378356	5.78855893284484	4.1147590998744	2.2064597200561	2.51252869041021	2.65410711281007	2.87684126343463	5.76225083311424	5.75559457589598	3.17439986645347	3.13601394583669
"IL1B"	0.559588143767516	0.69236684290502	0.215422261772199	0.313682555534762	1.26614387537641	1.24474641283848	0.448473518496411	0.507444112327035	0.252988932863941	0.205129245216409	0.0776987801249249	0.121548995438055	0.720962699565676	0.712805658641554	0.140840380305336	0.15133622119781
"MCEMP1"	0	0	0	0	0	0	0	0	0	0	0.0736138776332236	0	0	0	0	0
"ADAMTS4"	2.84213482618764	2.77334575913461	2.08965896342148	2.62307422532453	4.79896913378329	4.67236238744185	2.4222307847975	1.15215579962375	2.55333086662841	2.57612621927369	1.81860342255263	2.17870567956911	3.08149368549728	3.26090237976561	2.05825216182976	1.69006308390253
"CSF3"	0.421996411336518	0.754163280082549	0.236867115888038	0.163372594211047	0.868234483144509	0.871390293248851	0.52373829131626	0.795270768320213	0	0	0	0.025466788005395	0.894925597253762	0.749629914974521	0.0556204016466404	0
"CCL3L3"	0	0	0	0	0	0	0	0	0	0	0	0	0	0	0	0
"ADGRE3"	0	0	0.0276218640542882	0	0	0	0	0	0	0	0	0	0	0	0	0
"CXCL2"	2.94487094596305	2.69586363283524	1.82967483509855	2.10976172545645	2.76870851361234	2.76152650621727	3.19352144671839	2.25225809362802	0.935181312396607	0.738629448328493	0.987726653288683	0.936316694864253	2.34448845508385	2.38321662914137	0.855140807846415	1.31595504095598
"FPR1"	0	0.183356782110554	0	0	0	0	0	0.0186087317075661	0.0133513132964059	0.0146729907531868	0.0606621219565978	0	0.015169269917841	0.01338622555862	0	0
"OLR1"	3.71779606114157	3.19276615762869	2.66709210407361	3.06703396176094	2.87722240332215	2.77370305252917	3.12296093099321	1.89614073442125	3.50354072008974	3.42274392086319	3.27230519496255	3.42547999932397	3.53482855080807	3.59848371736645	3.24874856869136	3.28792292753719
"CMTM2"	0.00920203424482219	0.0433806161919306	0.0458036713795614	0	0	0	0	0	0	0	0	0.0680440973161062	0.0280625724548828	0	0.00957920678367043	0
"FCN1"	0	0	0	0	0	0	0	0	0	0	0	0	0	0	0	0
"SLC11A1"	0.103935454513309	0.453223121222814	0.312774638262417	0.206712642810346	0.0779982243327121	0.119523972645001	0.0728440416564127	0.373003289998065	0.0742664181974237	0.0301532024162361	0.158924277993235	0.0846191656443246	0.177639770831509	0.224685983755489	0.0703852063174735	0.073824360642717
"SIRPB1"	0.00992943437407065	0.12512805975864	0	0.0892375100557638	0.0205991729677123	0.0114751785586837	0.0213316054860114	0	0.0354314172615581	0.0767972885251496	0.0608303967236431	0.0371187830619339	0.0500951062040822	0.00896317819436331	0.0509565637112549	0.01085246043484
"CCL4L2"	0	0	0	0	0	0	0	0	0	0	0	0	0	0	0	0
"CCL4"	0	0	0	0	0	0	0	0	0	0	0	0	0	0	0	0
"SRGN"	1.3005786715885	1.55196145484006	1.5892206066489	1.69291891805621	2.04562819220493	1.79806588698143	1.72712942552617	1.30900694304768	2.70112587326066	2.48610088887317	2.77371721723571	2.85538017731834	3.09869738127467	3.11883176846699	2.85396241139375	2.59849671242909
"FFAR3"	0	0	0	0	0	0	0	0	0	0	0	0	0	0	0	0
"MRC1"	0	0	0	0	0	0	0	0	0	0	0	0.0145601782469812	0.0157847092921701	0	0	0
"RND1"	3.35283475556088	3.24944470391288	4.84439346625382	3.8122442023339	4.09557332335484	4.83299063272589	4.83660938329191	5.26165188909604	2.16304157811771	1.86705065826839	2.23507583605246	3.05185348207171	3.15533801619705	3.08949987448905	3.74215402773768	2.90707959342434
"IL13"	0	0.0275157548748891	0.0992530883036729	0	0.0120746081980701	0.0528848478192477	0.0971323900232307	0.139403745119026	0.0208129546266735	0	0	0.0218093956882065	0	0.0617174977495236	0	0
"PGLYRP1"	0.0379461914405476	0.0339890816213996	0	0.0220333228227115	0.0346086586145209	0	0	0.0533612942925274	0.0341969500119378	0.0188999553267661	0.0149078571545313	0.0135393165247156	0.00980219331710429	0.0300443073026746	0.00997315920359364	0
"MMP19"	3.27037583929134	3.73947951114367	3.72586959197441	3.37301199206673	3.55023352025558	3.6186161751871	3.52648600779777	3.98883384858186	2.93396056751506	2.90502523800777	2.90165482510991	2.95535032466284	3.10072574491723	3.07130437359556	3.07993580124684	3.10957128093305
"RASGRP4"	0	0.0822547231288624	0.0253328930622522	0.0232304408674291	0.00526830817378997	0	0	0	0	0	0	0.0190050652054024	0	0.0181832910569029	0	0
"CLC"	0	0	0	0	0	0	0	0	0	0	0	0	0	0	0	0
"OR2B11"	0	0	0	0	0	0	0	0	0	0	0	0	0	0	0	0
"RP11.96O20.4"	0	0	0	0	0	0	0	0	0	0	0	0	0	0	0	0
"OR52K2"	0	0	0	0	0	0	0	0	0	0	0	0	0	0	0	0
"GPATCH2"	1.49371558843113	1.01236876559006	1.13332006629123	1.3940870942116	1.27513884549554	1.31806840290582	1.59013938706251	0.799503317692905	1.48377839104328	1.29810252423686	1.34207718548328	1.44683774122434	1.18389975142365	1.33474619671129	1.30324695564115	1.09455075068817
"FAM234B"	2.74408870655699	2.2574844476793	2.14689402478823	2.63987388429327	2.93398403814353	2.94301534140747	2.38262212992736	2.12788558421443	2.57049735428635	2.67237853578897	2.53323192082278	2.54250286601307	2.8508496949001	2.8301419015152	2.70821584581459	2.29468388197402
"TPH1"	0.0653510921766395	0.00795134956087696	0.0333154147388234	0.0455968499933476	0	0	0.0285541807269542	0	0.0356575914555918	0.0391576684829711	0.0410974283065784	0.0250108869476863	0.0271061170751457	0.035750114392982	0.0138538966056627	0.0145448096258239
"C1orf111"	0	0	0	0	0	0	0	0	0	0	0	0	0	0	0	0
"MS4A10"	0	0	0	0	0	0	0.02886382989695	0	0	0	0	0	0	0	0	0
"NAV3"	3.31622968190814	2.53950062791664	1.77092039780974	2.45986009504296	1.68221812541997	1.4223251075895	2.82911791533245	1.61257976224735	4.12181574080298	4.13880316791146	3.64316369466368	3.5638382507065	2.99099218816363	3.07022804095618	3.51521754299224	3.28542992662278
"PNLIPRP1"	0	0	0	0	0	0	0	0	0	0	0	0	0	0	0	0
"NEURL1"	1.27715454288054	1.94058264359043	1.87313437838601	1.72770861910747	0.928418116278884	0.983586113455962	1.64844275149964	2.15003017468604	1.29951024480359	1.4064748556803	1.33672714923732	1.49863427510699	1.0334906150605	1.10039400453342	1.40286383174552	1.65081256577454
"FRS2"	2.84225559970373	2.00190017594399	2.28371166551166	3.02276833224446	2.83962040338672	2.7215856761846	3.02995496526726	1.86091786185454	3.03718735792518	3.00632598206961	3.02878181894791	2.9950569894644	2.60707916504371	2.74874591793635	3.00901409849757	2.55940892512022
"ZDHHC11B"	0	0	0	0	0	0	0	0	0	0	0	0	0	0	0	0
"C1QTNF3.AMACR"	0	0	0	0	0	0	0	0	0	0	0	0	0	0	0	0
"KAT6A"	2.93862133394132	1.87245675728716	1.79734089592738	2.58697482726624	2.16043190912619	2.12826118237831	2.61274132314557	1.35690522608669	3.08141413016954	2.94646752786254	2.57772557170761	2.63161070608597	2.61771128975123	2.65655448799657	2.61934204590254	2.14535709964404
"AGL"	1.7059543422368	0.948881566219246	1.06054893998216	1.80165701806107	1.721768346554	1.71486225954763	1.7807530326459	0.758186530689784	1.78334143740505	1.62763442970908	1.63459048362772	1.67712121183796	1.47185638828463	1.51743632956784	1.62257358166934	1.43087140254076
"EXOC2"	2.32450800011555	1.8775990831248	1.65195859801593	2.26970788652444	1.77248837477403	1.54445784390302	2.26887981214601	1.54249132037782	2.27462924113199	2.38258650431517	2.39518599121851	2.36907452159635	2.19365128190795	2.20629818648747	2.38255955637571	2.07149804509693
"P2RY4"	0.0850186947844219	0	0	0.02506536723098	0.0448822853889747	0	0.0234192235860367	0	0	0.0215040170883832	0.022576101992712	0	0.044121801182386	0.0196222590779301	0.0448821295491667	0
"TTC36"	0.0119017743480088	0.0141833778631312	0.0444932907635075	0.0273432817200705	0	0	0.0381555994447281	0.0443678649758742	0.0423955284036859	0.0117781415308201	0.0367886744847521	0.0874926505815537	0.0242519255787673	0.0214091721496814	0.0123891294209	0.0130073213152052
"SEZ6L"	0	0	0	0	0	0	0	0	0	0	0	0	0	0	0	0
"CCDC117"	3.74609844461029	2.63684761514395	2.26370550407353	3.65739408673256	3.72112499112369	3.66601094142581	3.66894635529305	1.96233106533927	3.70347350371522	3.74799436507068	3.68077437164422	3.50876962082965	3.61596646450995	3.75590193998074	3.59343409414987	3.28985668114347
"SLC1A2"	1.5604248023162	0.567218101911365	0.911466242508405	1.72079770906679	1.25748683474521	1.07968328900102	1.61766460748668	0.573393057085475	1.6630805915096	1.7743967898271	1.58969604373137	1.61304104387003	1.86643612680093	1.79075475378253	1.42324387362064	1.38119804929914
"ZNF703"	4.31190295784104	4.83030833458885	4.43593670801089	3.78379076104734	4.73546433268451	4.76393639392963	3.71521597668083	4.53211799056941	3.48455366763967	3.60607229039399	3.51636204751437	3.52994673419466	3.56137323134177	3.53103704544089	3.63666860034988	3.56934464732134
"ATRNL1"	0.0517524045277039	0.0412983890464201	0.0649258174618332	0.0301100732578824	0.0450064129831577	0.0201674470172217	0.109393680589153	0	0.0312743876944507	0.05122208486144	0.0271245070409305	0	0.0786872615848101	0.0620443055451959	0.0361166260486087	0.0748362802581159
"SLC18A1"	0	0	0	0	0	0	0	0	0	0	0	0	0	0	0	0
"GRPR"	0	0	0.0137393985460138	0	0	0	0.0234336926297638	0	0.0389043312392586	0.063612455428777	0	0.0607083927750275	0	0.058119287384231	0.0226295691004091	0.0471242948276893
"MON1B"	3.92873419222211	3.96277482864256	3.85297143363475	3.78877493781629	3.58222399102597	3.34287723625345	3.77732795040013	3.9231219477463	3.96959122959077	3.86350057373194	3.77279050823614	3.74201828447822	3.75695860228105	3.81125918946825	3.68297498102367	3.59186162692439
"RDH8"	0	0	0	0	0	0	0	0	0	0	0	0.00265003198304521	0	0	0	0
"CUZD1"	0.179636891429786	0.320208848053544	0.23763070447773	0.336305373476879	0.306450159639307	0.556719557510035	0.126876206681973	0.308076868324943	0.162650458950202	0.213295533168935	0.259266205642985	0.192787262671365	0.255590835150999	0.39641328716955	0.199012862982485	0.100958416109105
"BEST2"	0	0.051774241290456	0	0.0986404114496132	0.0114587218634059	0	0	0	0.0197543954856716	0.0217051769267148	0	0	0	0.029607865151374	0.0228270687424531	0
"NAF1"	1.83270836123292	1.46337661617342	1.29662037909502	1.25344630416721	1.38791718740418	1.08210124626096	1.47188456626174	0.925299787162447	1.96763595604536	1.75358498103876	1.73650210437993	1.6640614785717	1.77191207798111	1.63589302183809	1.71329067978663	1.55518687905696
"ETNK1"	5.13282236707498	3.31036325167209	4.16151071525818	5.26770499130956	5.27189990947133	5.32405203914895	5.46073585491432	2.95497658821427	5.30493157445813	5.28080694436825	5.13723547220468	5.17423442807625	5.12492996740978	5.08547081915711	5.21930989844546	4.54899417490916
"CBLN2"	0	0	0	0	0	0	0	0	0	0	0	0	0	0	0	0
"OTOGL"	0.0163046282909219	0	0.040750445636576	0	0.0337452231454321	0.0739133057206558	0.0690527068151694	0.0406354229025509	0.085935437296639	0.0634867319366353	0.082785602080464	0.0306121839832999	0.0331712809598441	0.0292935928331538	0.0667189087232361	0.035415923047243
"SLC7A2"	0.204902771619858	0.101385583688533	0.0274848478743862	0.0252053541298365	0.0451312291184636	0	0.157306958494769	0	0.185677508062302	0.0639240607959523	0.270452925986003	0.194057557383256	0.179802582169431	0.150779874179718	0.131366568571312	0.115598207476961
"CYP51A1"	3.60724922853604	0.074717868358318	0.694110106137901	3.5106259659581	2.27839129498305	1.99603384913746	3.1742001669433	0	3.67277740825052	3.47818846637652	3.29290472211984	3.04128827543631	2.90221340388072	3.01407606982289	3.25367769334846	1.95417091445039
"TOB1"	4.82842506681457	3.15953844879341	4.16877681951606	4.96455688670423	4.55855622017972	4.66736870319892	4.84585009433314	1.79933487479207	4.95478442886513	4.8466338022161	4.87076149648612	4.75275304621524	4.5085467103446	4.63867647171808	4.95967436666592	4.44872291161884
"GPR139"	0	0	0	0	0	0	0	0	0	0	0	0	0	0	0	0
"NLRP5"	0	0	0	0	0	0	0	0	0	0	0	0	0	0	0	0
"MLN"	0	0.0255233747251541	0	0.0124140092105518	0.0167615255401556	0.00622792937688164	0	0	0	0.00533159578437923	0	0	0	0	0	0
"ANKRD30A"	0	0	0	0	0	0	0	0	0	0	0	0	0	0	0	0
"SSFA2"	0	0	0	0	0	0	0	0	0	0	0	0	0	0	0	0
"GABRA1"	0	0	0	0	0	0	0	0	0	0	0	0	0	0	0	0
"POTEJ"	0.00209678127519957	0	0	0	0	0	0	0	0	0	0	0.0019782616289772	0	0.00189223839098473	0.0021829444913541	0
"PVALB"	0	0	0	0	0	0	0	0	0	0	0	0	0	0	0	0
"TFAP2B"	0	0	0	0	0	0	0	0	0	0.0122961996950003	0	0.0233560359951472	0	0.0223475797530649	0.0129339414422011	0.0270317596292691
