"CAF07_1"	"CAF07_2"	"CAF07_3"	"CAF07_4"	"CAF07_5"	"CAF07_6"	"CAF07_7"	"CAF07_8"	"CAF09_1"	"CAF09_2"	"CAF09_3"	"CAF09_4"	"CAF09_5"	"CAF09_6"	"CAF09_7"	"CAF09_8"
"ATE1"	0.599274743868673	-1.56214884029211	-1.59156151751353	1.25592623610583	-0.482987340770848	-1.49267187137387	0.997855262918774	-1.21427641188606	1.14951617778056	0.945662935170199	0.756427295833199	0.31763783576081	0.0203086317617022	-0.0488510388821934	0.495772624331576	-0.145884722812712
"GRAP2"	0	0	0	0	0	0	0	0	0	0	0	0	0	0	0	0
"AMICA1"	0	0	0	0	0	0	0	0	0	0	0	0	0	0	0	0
"KLRB1"	0	0	0	0	0	0	0	0	0	0	0	0	0	0	0	0
"DOK2"	2.05834436946794	-0.464150399642316	-0.464150399642316	-0.464150399642316	-0.464150399642316	-0.464150399642316	-0.464150399642316	-0.464150399642316	-0.464150399642316	-0.464150399642316	-0.464150399642316	-0.464150399642316	-0.464150399642316	1.81486753117666	2.1607432947055	-0.464150399642316
"CD1C"	0	0	0	0	0	0	0	0	0	0	0	0	0	0	0	0
"PIK3R6"	0	0	0	0	0	0	0	0	0	0	0	0	0	0	0	0
"NCF4"	-0.302952927183163	3.65699511060969	-0.302952927183163	-0.302952927183163	0.584345869954591	-0.302952927183163	-0.302952927183163	-0.302952927183163	-0.302952927183163	-0.302952927183163	-0.302952927183163	-0.302952927183163	-0.302952927183163	-0.302952927183163	-0.302952927183163	-0.302952927183163
"CLEC9A"	-0.25	-0.25	-0.25	-0.25	-0.25	3.75	-0.25	-0.25	-0.25	-0.25	-0.25	-0.25	-0.25	-0.25	-0.25	-0.25
"PIK3CG"	-0.25	3.75	-0.25	-0.25	-0.25	-0.25	-0.25	-0.25	-0.25	-0.25	-0.25	-0.25	-0.25	-0.25	-0.25	-0.25
"PTGDS"	0.148916858327719	0.905637481692832	1.29028023766299	0.192970948218451	0.996445087521903	1.35247126262907	0.41717411306506	1.67033665993723	-0.968912990981669	-1.16183337398461	-0.871744311483672	-1.01486851928937	-0.311100241397426	-0.709454087140388	-0.727199245969272	-1.20911987880886
"FLT3"	3.29710402673511	-0.347130645285815	-0.347130645285815	-0.347130645285815	1.5627250072663	-0.347130645285815	-0.347130645285815	-0.347130645285815	-0.347130645285815	-0.347130645285815	-0.347130645285815	-0.347130645285815	-0.347130645285815	-0.347130645285815	-0.347130645285815	-0.347130645285815
"GIMAP7"	0	0	0	0	0	0	0	0	0	0	0	0	0	0	0	0
"DPEP2"	-0.97412090035047	-0.00451093296940867	0.963982490034989	1.58667341187659	-0.17112246719686	0.10526661419451	0.312566388582357	2.60507454347865	-1.43868509701989	-0.319121764521107	-0.532345012190623	-0.572698693480938	-0.196548458178115	-0.821295725895926	-0.405954331122683	-0.137160065241086
"CD69"	0.397013118152344	-0.685067852956815	-0.685067852956815	-0.552319617303886	2.13122224010003	2.56946960753177	-0.561040551759578	-0.540719757838838	-0.328073518715957	-0.685067852956815	-0.685067852956815	-0.363590276437209	0.420467110110568	0.389546613885945	-0.447303588669626	-0.374399967228298
"GIMAP1"	-0.62835308272852	-0.62835308272852	1.85226255588577	-0.62835308272852	2.23358096927843	0.291016570954265	-0.62835308272852	1.35667417505759	-0.62835308272852	-0.62835308272852	-0.62835308272852	-0.252002644284403	-0.62835308272852	0.801999200393541	-0.62835308272852	-0.62835308272852
"CD300LF"	-0.25	3.75	-0.25	-0.25	-0.25	-0.25	-0.25	-0.25	-0.25	-0.25	-0.25	-0.25	-0.25	-0.25	-0.25	-0.25
"S100Z"	0	0	0	0	0	0	0	0	0	0	0	0	0	0	0	0
"HLA.DRB5"	0	0	0	0	0	0	0	0	0	0	0	0	0	0	0	0
"P2RX1"	-0.527919177624659	3.19108328677248	0.801627494404762	0.691225131396756	-0.527919177624659	-0.527919177624659	-0.527919177624659	-0.527919177624659	-0.527919177624659	-0.527919177624659	0.57002283278938	-0.527919177624659	0.55315220850787	-0.527919177624659	-0.527919177624659	-0.527919177624659
"TPSAB1"	0	0	0	0	0	0	0	0	0	0	0	0	0	0	0	0
"CTD.2370N5.3"	0	0	0	0	0	0	0	0	0	0	0	0	0	0	0	0
"TPSB2"	-0.25	-0.25	-0.25	-0.25	-0.25	-0.25	-0.25	3.75	-0.25	-0.25	-0.25	-0.25	-0.25	-0.25	-0.25	-0.25
"CPA3"	0	0	0	0	0	0	0	0	0	0	0	0	0	0	0	0
"HDC"	-0.365398936216437	-0.365398936216437	-0.365398936216437	-0.365398936216437	2.40586304661735	2.70972206041277	-0.365398936216437	-0.365398936216437	-0.365398936216437	-0.365398936216437	-0.365398936216437	-0.365398936216437	-0.365398936216437	-0.365398936216437	-0.365398936216437	-0.365398936216437
"CD101"	-0.304089896165359	0.822576974320935	-0.235680286609846	0.632841867551259	-0.430503232136017	-0.262999193464634	-0.00132164884946618	3.32773941347929	-0.56838973792522	-0.56838973792522	-0.56838973792522	-0.56838973792522	-0.56838973792522	-0.56838973792522	-0.56838973792522	0.430164167350384
"ADGRE1"	-0.123799265131441	2.43495876907148	-0.922325059013887	0.908991233613815	1.09758678006834	1.11703846497996	-0.264784989220084	0.378412357042496	-0.60587084678198	-0.762842780953901	0.124248884607572	-1.20945993450915	0.305592634782448	-1.00288242133735	-0.515046089784189	-0.959817737434121
"COL6A5"	-0.25	-0.25	-0.25	3.75	-0.25	-0.25	-0.25	-0.25	-0.25	-0.25	-0.25	-0.25	-0.25	-0.25	-0.25	-0.25
"CTRL"	0	0	0	0	0	0	0	0	0	0	0	0	0	0	0	0
"CLEC4A"	-0.335939412869397	-0.335939412869397	-0.335939412869397	-0.335939412869397	-0.335939412869397	-0.335939412869397	3.43790172027396	-0.335939412869397	1.2652500598976	-0.335939412869397	-0.335939412869397	-0.335939412869397	-0.335939412869397	-0.335939412869397	-0.335939412869397	-0.335939412869397
"MS4A14"	0	0	0	0	0	0	0	0	0	0	0	0	0	0	0	0
"MADCAM1"	-1.77127548793591	-0.299736510529188	0.644615928899152	0.687743334393658	-0.598795364833223	-0.45404706083222	-0.444384182370517	1.92087466868916	-0.349854959993204	1.09600628345286	0.776569427383154	-1.25864785795812	-0.482682205233085	-1.03156643545665	0.335723289115201	1.22945713320893
"TPSD1"	0	0	0	0	0	0	0	0	0	0	0	0	0	0	0	0
"LAMP3"	0	0	0	0	0	0	0	0	0	0	0	0	0	0	0	0
"GYPE"	-0.156161201306386	-0.227136229689125	-1.34374019635828	0.775719044558427	-1.24554361864933	0.778634493083791	-0.369201296491195	-1.34491849086675	2.56550264784764	0.430840175909898	-0.418085828705218	0.046907182799532	-0.59893301979543	1.0517103870871	0.0669553041171782	-0.0125493535418454
"LTF"	-0.572941624221274	-1.02829980701156	2.76150769858115	0.0128391239286332	-0.790363160887839	-1.02829980701156	-0.295234695256618	1.85167720607503	-0.213724319769327	-0.466080603681324	0.25457764796159	0.242394215738396	0.12255215893503	-0.0109927220769245	-0.554367857722358	-0.285243453581047
"KCNJ5"	-0.313070453057084	0.174321978864288	-0.313070453057084	-0.313070453057084	3.69531168741471	-0.313070453057084	-0.313070453057084	0.200282223463091	-0.313070453057084	-0.313070453057084	-0.313070453057084	-0.313070453057084	-0.313070453057084	-0.313070453057084	-0.313070453057084	-0.313070453057084
"NINJ2"	0.520696517955901	1.98030129378549	1.42823141409995	1.18397524921276	0.209259483356093	-0.932449781561588	-0.223419700554717	0.283407806230792	-1.28374017320459	-0.562057237460114	-1.15868856595922	-0.754809148375176	-1.16497814464022	-0.579935469072369	0.840777437716816	0.213429018470183
"SPTA1"	-0.435361103422359	-0.435361103422359	-0.435361103422359	-0.435361103422359	-0.435361103422359	-0.435361103422359	-0.435361103422359	-0.435361103422359	-0.435361103422359	-0.435361103422359	-0.435361103422359	-0.435361103422359	1.27325011990142	-0.435361103422359	2.99770234499276	1.38874187959649
"CTRB1"	0.492308288180646	-0.714893918933954	-0.714893918933954	-0.714893918933954	-0.714893918933954	1.13772850958537	1.01448220137275	-0.714893918933954	-0.350544459777951	0.873595018507195	-0.714893918933954	-0.714893918933954	2.53140013227017	0.735075580267414	-0.714893918933954	-0.714893918933954
"CTRB2"	1.79364715108696	0.722168078642886	-0.904660996026541	-0.904660996026541	0.518449997645302	0.673366959401605	-0.904660996026541	-0.904660996026541	-0.904660996026541	1.1120086749452	-0.904660996026541	0.386654641710021	0.494311400226842	1.53668106455351	-0.904660996026541	-0.904660996026541
"REG1B"	0	0	0	0	0	0	0	0	0	0	0	0	0	0	0	0
"ALPI"	0	0	0	0	0	0	0	0	0	0	0	0	0	0	0	0
"REG1A"	0	0	0	0	0	0	0	0	0	0	0	0	0	0	0	0
"PRSS2"	0	0	0	0	0	0	0	0	0	0	0	0	0	0	0	0
"CELA3A"	0	0	0	0	0	0	0	0	0	0	0	0	0	0	0	0
"SI"	0	0	0	0	0	0	0	0	0	0	0	0	0	0	0	0
"SLC6A19"	-0.25	-0.25	-0.25	3.75	-0.25	-0.25	-0.25	-0.25	-0.25	-0.25	-0.25	-0.25	-0.25	-0.25	-0.25	-0.25
"PRSS1"	0	0	0	0	0	0	0	0	0	0	0	0	0	0	0	0
"SYCN"	0	0	0	0	0	0	0	0	0	0	0	0	0	0	0	0
"CDHR5"	-0.326990995397357	0.630312873762848	-0.702126060994175	0.161128461491183	-0.311608296386232	0.162174718942701	-0.702126060994175	-0.702126060994175	-0.36440042334185	-0.702126060994175	-0.702126060994175	-0.702126060994175	0.819865189154923	3.25029010801089	0.0765973318176335	0.115387397910307
"REG3A"	0	0	0	0	0	0	0	0	0	0	0	0	0	0	0	0
"PLA2G1B"	-0.647537886647353	1.14988210921996	0.314174030893688	-0.647537886647353	-0.647537886647353	-0.647537886647353	-0.647537886647353	2.15082913178776	0.0420437059180025	-0.647537886647353	-0.647537886647353	0.782188600887051	-0.647537886647353	2.03626128776707	-0.647537886647353	-0.647537886647353
"PNLIP"	0	0	0	0	0	0	0	0	0	0	0	0	0	0	0	0
"CPA1"	1.03344780333015	-0.499691465588709	-0.499691465588709	0.386460231556843	1.89154333515411	-0.499691465588709	-0.499691465588709	-0.499691465588709	-0.499691465588709	-0.499691465588709	-0.499691465588709	-0.499691465588709	-0.499691465588709	-0.499691465588709	2.6848462170234	-0.499691465588709
"CELA2A"	-0.449321065868031	-0.449321065868031	-0.449321065868031	-0.449321065868031	0.639237893768296	3.14008842027328	-0.449321065868031	-0.449321065868031	-0.449321065868031	-0.449321065868031	-0.449321065868031	1.51634272906785	-0.449321065868031	-0.449321065868031	0.0961837473069483	-0.449321065868031
"CTRC"	-0.280350154570477	-0.719189982783748	-0.719189982783748	2.77407007469986	-0.719189982783748	0.292732608350912	1.16009877568123	-0.168004379578746	-0.719189982783748	-0.719189982783748	-0.719189982783748	0.92681204825631	-0.719189982783748	0.855755694055176	0.192405195375721	-0.719189982783748
"TBX10"	-0.25	-0.25	-0.25	-0.25	-0.25	3.75	-0.25	-0.25	-0.25	-0.25	-0.25	-0.25	-0.25	-0.25	-0.25	-0.25
"C11orf86"	-0.25494559375643	0.828892339259522	0.934011329138525	-1.04657507195797	-0.222554924591741	-0.131925255156966	0.651163718135813	1.89789106916342	-1.04657507195797	-1.04657507195797	0.184132129290826	1.90064418464024	-1.04657507195797	-0.331875820787194	-0.222557815546158	-1.04657507195797
"SLC10A2"	0	0	0	0	0	0	0	0	0	0	0	0	0	0	0	0
"TM6SF2"	-1.26043871439767	0.244334061136646	1.29780567963724	-0.610666799736001	0.59435518734818	0.0837477673306615	-0.791253217479914	2.7470020017071	-0.651299774844596	-0.97018595906195	0.275762271666743	-0.687578870175595	-0.21380610710376	-0.47729599749839	-0.283304676412579	0.70282314788388
"TMPRSS15"	0	0	0	0	0	0	0	0	0	0	0	0	0	0	0	0
"LCT"	0.59395504082632	-0.409590296943228	-0.409590296943228	-0.409590296943228	-0.409590296943228	-0.409590296943228	-0.409590296943228	-0.409590296943228	-0.409590296943228	1.56647506651001	-0.409590296943228	-0.409590296943228	-0.409590296943228	3.16424375292564	-0.409590296943228	-0.409590296943228
"CELA3B"	0	0	0	0	0	0	0	0	0	0	0	0	0	0	0	0
"SLC13A1"	0	0	0	0	0	0	0	0	0	0	0	0	0	0	0	0
"CASR"	-0.338504804409048	-0.338504804409048	-0.338504804409048	-0.338504804409048	-0.338504804409048	-0.338504804409048	-0.338504804409048	-0.338504804409048	-0.338504804409048	-0.338504804409048	-0.338504804409048	-0.338504804409048	3.41030827215297	1.32875898957369	-0.338504804409048	-0.338504804409048
"DNASE1"	-0.92591756318089	-1.14031920273276	1.53607601323149	-0.351622801972218	1.16805155090947	0.584982430848534	0.790390176836001	1.8177127967391	-0.775507051113942	-1.46573707190741	-0.477782335805488	-0.152034313228281	0.379523107138309	0.576418701500239	-0.675024695592587	-0.889209741669552
"SLC17A8"	-0.25	3.75	-0.25	-0.25	-0.25	-0.25	-0.25	-0.25	-0.25	-0.25	-0.25	-0.25	-0.25	-0.25	-0.25	-0.25
"LYPD8"	-0.825028055399084	-0.825028055399084	0.106874615692385	-0.825028055399084	0.706880066889054	-0.825028055399084	-0.825028055399084	1.0192472755036	-0.825028055399084	-0.457441811790097	0.325557666779649	-0.825028055399084	0.680853994562401	1.48342128147108	-0.438353235436794	2.3481565341223
"MS4A18"	0	0	0	0	0	0	0	0	0	0	0	0	0	0	0	0
"MGAM"	-0.32795921510485	3.72596230026237	-0.32795921510485	-0.0646840000028212	-0.32795921510485	-0.32795921510485	-0.32795921510485	-0.32795921510485	-0.32795921510485	-0.32795921510485	-0.0908252752604146	-0.32795921510485	-0.32795921510485	-0.121846737389912	-0.090410551486054	-0.0786035850746717
"MEP1B"	-0.462531484820503	2.31173406480766	-0.462531484820503	-0.462531484820503	-0.462531484820503	-0.462531484820503	-0.462531484820503	-0.462531484820503	-0.462531484820503	-0.462531484820503	-0.462531484820503	1.73794509790696	-0.462531484820503	-0.462531484820503	1.96323013995192	-0.462531484820503
"OR2T11"	-0.25	-0.25	3.75	-0.25	-0.25	-0.25	-0.25	-0.25	-0.25	-0.25	-0.25	-0.25	-0.25	-0.25	-0.25	-0.25
"TRPM6"	0.0799032921711514	0.110439165806776	0.189470421657112	-0.89480893480331	-1.41970346285514	-0.162689702991966	-0.0246503992990628	-1.41970346285514	1.7158277732103	1.15866886484057	-0.281685217486183	0.887918723576745	-0.510848171489201	1.57570984626862	-1.41970346285514	0.41585472710387
"RFX6"	-0.25	-0.25	-0.25	-0.25	-0.25	-0.25	3.75	-0.25	-0.25	-0.25	-0.25	-0.25	-0.25	-0.25	-0.25	-0.25
"RP5.972B16.2"	0	0	0	0	0	0	0	0	0	0	0	0	0	0	0	0
"CELA2B"	0.60574814491109	0.345172633139054	-0.133280989995373	-0.178231154989079	3.27093770249475	-0.671744421178697	0.248176434105049	-0.671744421178697	-0.286954150191883	0.172669273673283	-0.671744421178697	-0.671744421178697	-0.671744421178697	-0.671744421178697	0.657973055103992	-0.671744421178697
"AC011513.3"	0	0	0	0	0	0	0	0	0	0	0	0	0	0	0	0
"LGALS9B"	-0.25	3.75	-0.25	-0.25	-0.25	-0.25	-0.25	-0.25	-0.25	-0.25	-0.25	-0.25	-0.25	-0.25	-0.25	-0.25
"LMOD1"	-1.59060134557839	-0.342277343612867	1.3344189650049	0.0940028957600345	-1.4831293996167	-1.41116560577739	-0.0853837506960414	1.70535391725593	-0.785304539722598	-0.73555434881218	0.607342045322717	0.613599467423621	0.145704003567767	0.209786977640908	0.818801118903391	0.904406942936867
"CHRDL1"	0.146374806209942	-0.843034140826085	0.782655214593976	1.27158516235691	1.63350125957806	1.43694807253703	1.41907227892867	-0.171382656294734	-1.46216024929557	-1.13313603959037	-0.496858683010829	-0.45258595503698	-0.296292330873154	-0.317824723967283	-0.601497576105777	-0.915364439203813
"PGM5"	-1.61994173069784	-0.789455986210384	1.15026641909018	0.526647077655864	-1.38305445394857	-1.41951615962004	0.358086868897085	0.95590971615538	-0.878553764571962	-0.550972892340165	1.06106611849007	0.985331882364963	-0.158082117966045	-0.205826291070944	0.929272467013194	1.03882284675922
"SDPR"	0	0	0	0	0	0	0	0	0	0	0	0	0	0	0	0
"SYNM"	0.0342585641532672	-2.02547825618434	-0.0400771290192056	1.81379583309601	0.0960487415691442	-0.419608403329263	1.78298085594248	-0.120307495978284	-0.0680518961943189	-0.400556401627684	0.569090883524122	0.437191578290971	-1.0765843997916	-1.28455363005083	0.84616519807123	-0.144314042471711
"PPP1R12B"	-0.257753263056741	-2.34916269831137	-0.740148940675941	1.21126467195736	-0.1507191039779	-0.580208817241805	1.05847929074562	-1.72528970545988	-0.162847872639988	-0.129781133386735	0.871494671686496	0.796795347642062	0.563900131266252	0.667951587582576	0.858614263505071	0.0674115703649053
"FXYD1"	-1.05118870824977	1.01557136408442	1.50046842532072	0.772829006151199	-1.04331694042696	0.0200960289621176	0.303202227439784	2.19354877940836	-0.899272967264057	-0.151769780238566	-1.04366818431949	-0.53500734338022	0.564170282014839	-0.898382547197056	0.0794883045692369	-0.826767946874568
"MYLK"	-0.252164179157174	-2.22531771992235	-0.0571018067588356	1.03875823529141	-1.03091190578074	-1.05665509931554	0.970601923529771	-1.48741564539978	0.151066573531083	0.0858245855641392	1.0267714774767	1.00921058627074	0.133045074769737	0.084526450068009	1.07400700847783	0.535754441355003
"SYNPO2"	0.452453046702215	-0.555622156758926	1.06779176094489	1.94666498238219	0.281561904485083	0.170706503836124	1.82529517081457	0.901882379583862	-1.03761202933574	-1.1378130923898	-0.296497017249115	-0.40214948812364	-0.957142793781812	-0.900855329416822	-0.553165484936084	-0.805498356756991
"MSRB3"	-0.28992146925147	-1.25495192825198	-0.708615873994881	0.475201996718915	-1.69368178424882	-1.80121404722084	0.552429011120646	-1.16454007567207	0.587856833907771	0.545330688358808	0.917083130272844	1.02685980543713	0.380897031671382	0.455982984822908	0.938738261300287	1.03254543502936
"PI16"	-0.846501572430356	0.341848164925831	1.85307037397624	-0.158278562218727	0.164721793560227	-0.0678821325048489	0.246837044240509	2.69819546542278	-1.02976810012877	-0.453617710101918	-0.41432269214183	-0.540818054011765	-0.969830684541714	-0.0671612520944874	-0.810197023958688	0.0537049420075149
"FHL5"	-0.25	3.75	-0.25	-0.25	-0.25	-0.25	-0.25	-0.25	-0.25	-0.25	-0.25	-0.25	-0.25	-0.25	-0.25	-0.25
"ABCA8"	-0.321957616510458	-0.831173404478057	-1.03323275027688	-0.894054942597329	1.31806328455667	0.908858194885929	-0.989406374757859	-0.857330502006161	0.811282215323702	0.893800690881255	-0.562247102462797	-0.475271428169549	1.59679526623996	1.64940626234387	-0.439963297229899	-0.773568495742397
"ASPA"	0.162719095016903	-0.214254248480443	1.49568106656838	1.35614361806923	-0.870676113178722	-0.734996499279063	1.64859120368077	1.33383342265281	-1.23276237886952	-1.05551143667669	0.10326040971597	0.182989721505734	-1.13745095857095	-0.997339063311612	0.190746801410074	-0.230974640252861
"PDE2A"	-1.14312795728567	-0.633818689009394	-0.605268643758214	-1.14312795728567	0.997847704757645	1.88487385356939	-0.230549541949248	0.428042162133738	2.10363353478575	-0.0995368736234444	0.164145407056959	-0.540095050978965	-0.923198930120841	-0.376942796969628	0.792914962494806	-0.675791183817205
"FIGF"	0	0	0	0	0	0	0	0	0	0	0	0	0	0	0	0
"MYOCD"	-0.868152544458326	-2.37756315368009	-0.324092233148403	1.23062734234953	-0.638763947259342	-0.734875523453594	0.954902617060678	-0.167204014575015	-0.619886682096318	-0.834875328710118	1.16987557432157	1.13298467719884	0.286702112567151	0.600824433950246	0.912544539848851	0.276952130084363
"SCN7A"	0.542571364044769	-1.05610528365228	0.417842319792993	2.26074004900545	-1.07473097524714	-1.20340548336249	1.46402973578265	-0.593048621508647	-0.872176281920496	-0.0268295832054894	-0.208169244385803	0.240396001603746	-0.827456935512765	-0.547120993046233	0.381520871050274	1.10194306056146
"DES"	-1.04404089733123	-0.286610147385813	0.971673790915798	-0.879747259462176	0.783593922324116	0.990395711784836	-0.0822613117087272	2.19396237353135	-0.801679965316264	0.000844016079805186	-1.03197531122747	-0.775786238458194	-0.932828025850856	0.214548517549372	-0.717811042083748	1.3977218666392
"CPED1"	0.225516714301924	-1.33234256760387	-1.58922241531332	-0.554411965347195	0.64606779423661	0.639980211499314	-0.525711157828821	-2.2266432480856	1.14456308258928	0.978940896762587	0.443713404813908	0.452502049714793	0.860850094531942	0.848113053442215	0.26725905373057	-0.279175001444347
"ACTG2"	-1.45935312184958	0.18241199219756	1.35030241380496	0.0178122771525304	-1.27829531552846	-1.08143933561049	0.0294683229358501	2.18670251067004	-0.902405201285311	-0.868169374303146	0.428750900072071	0.43126028530278	-0.285516599170166	-0.27498122209279	0.468603168648143	1.05484829905602
"SVEP1"	0.292381056119757	-2.06232336732062	-0.0379796728042771	1.92907348802164	-0.295593093971254	-0.558412553106982	1.90608347502837	-1.28304095715958	-0.291156473180105	-0.29443495004176	0.511956083188997	0.512423220560987	-0.275410087226186	-0.343549235810477	0.549934738251952	-0.259951670550442
"KIAA0408"	0.0386207657976953	-0.833139107152907	-0.833139107152907	2.0101762518197	-0.833139107152907	-0.833139107152907	1.55994307937584	-0.833139107152907	1.18708562729763	0.0297600413689605	-0.525932303166366	-0.279529432863069	1.57800879548758	-0.699072160470489	-0.22324561910017	-0.510119509782775
"ACTA2"	-1.28462631471216	-0.494826680803111	1.36394544109024	0.868775869724963	-1.07271585508477	-0.92125931779079	0.861636898341132	1.59732843283985	-1.32792747055696	-1.28440130849464	0.396412668604959	0.400184778032276	-0.273276582787116	-0.372188005231766	0.594624338364236	0.948313108463651
"F10"	-1.39391499007683	0.858254581135643	1.37919435961185	-0.307072216591812	0.087929246007011	0.125233954490024	-0.461409117502554	2.63706144553079	-1.11236948830745	-1.10829302009868	-0.401393387623175	-0.451719664694542	0.00493171662202358	-0.0638173234943336	-0.268514637372546	0.475898542364597
"NECAB1"	-0.378100007583404	-1.32029685842041	-0.689973411409114	-0.229242088033002	0.842100188994992	2.37142683552031	-0.709017296102396	-1.97525898032815	0.285816938490314	-0.126036704722006	0.362566141670906	1.05366128743336	-0.408991826748118	0.119170701398622	0.454184280405153	0.347990799432935
"CFD"	-0.947954282954179	0.582578352283732	1.65125835796947	0.483381188343222	-0.0404660829495933	-0.0561290462843842	0.482310486322817	2.44921966793967	-1.44530212809702	-1.28487925209164	-0.399243720417649	-0.346883309729786	-0.458729985924651	-0.514981635916712	-0.248150583251843	0.0939719747585544
"MASP1"	-1.17018426856855	-0.39646056145333	1.42262000729964	0.947748592855193	-0.0288359192259783	-0.0799641716775755	0.887459210459499	1.86053133656646	-1.60783092351027	-1.57133624183812	-0.566964282005659	-0.495545666255289	0.613226890078909	0.496160261032635	-0.196106916643277	-0.114517347114249
"CMA1"	-0.341420090918409	-0.341420090918409	-0.341420090918409	-0.341420090918409	-0.341420090918409	-0.341420090918409	-0.341420090918409	-0.341420090918409	-0.341420090918409	-0.341420090918409	-0.341420090918409	-0.341420090918409	1.40393353454427	-0.341420090918409	-0.341420090918409	3.37594773831346
"POPDC2"	-0.0793427299514299	0.620954618287505	0.292238975286466	-0.424287114415696	-1.63466618307375	-1.87554638683262	0.531395143910894	2.23188877945856	-0.199913386935976	-0.29885056938713	0.387091392723724	0.189133179349442	0.663390994671425	-0.444342609714614	-0.963424204526989	1.00428010115019
"NEGR1"	-0.435413964670546	-1.92374756041902	-0.410847630633593	0.319392577566581	-1.40220462032957	-1.63738565429781	0.342622372885871	-0.740540498387667	1.06792682841963	0.757049356469659	1.09196426807684	1.21850335193079	0.117623125408036	0.352809204911986	0.936661481589567	0.345587361479252
"ADAMTS8"	-0.0127537344009969	0.16402080898391	1.07139965364187	0.711660093639358	-2.06181690796638	-1.94771457124405	0.477437659251902	0.503448289707644	-0.8789842114546	-1.07230708481518	0.699448528893483	0.532863259449887	-0.150871127319147	-0.067280985793802	1.07130404261516	0.960146286810938
"RAB9B"	1.02502630409368	-1.14809971498278	0.613716219255351	1.09324346033872	0.952044907130814	-0.718665438938843	1.82634873751043	-1.39569476991209	-0.574039129734489	-1.27921205859922	0.718314789688498	0.0478286855661817	0.0611618129004941	0.0222237959934465	0.116331801385301	-1.36052940169549
"GPR17"	1.14489302679077	-0.593335328946908	-0.230565715022638	2.27763178963717	-0.781002164466173	-1.189711405344	1.74039619834343	-0.176920023708486	-0.632787960275897	-0.0260029690687532	-0.245319674298512	-0.326413830422126	-0.557533732262357	0.342988979680835	0.558491642148646	-1.30480883278501
"S1PR1"	0.369304800715136	-0.887715309134713	0.931002024742389	2.05190623624581	0.126791810949258	-0.151566180044094	2.10895808707391	-0.710167625767385	-1.18867853626966	-1.21222877797004	-0.116714884264854	0.0329017993024969	-0.724002822054896	-0.753391951406581	-0.0117603768684666	0.135361704751694
"MAS1L"	0	0	0	0	0	0	0	0	0	0	0	0	0	0	0	0
"CTSG"	0	0	0	0	0	0	0	0	0	0	0	0	0	0	0	0
"FMO2"	0.454176849306011	-2.31003200600091	-0.855219906489262	-0.554479752857442	1.33851885443586	-0.257033244518483	-0.421082095259438	-0.857791835564114	-0.0891124856050062	-0.258688955709816	0.0715678952004223	0.63380056692979	1.34115693854801	1.82936079346028	-0.129369993780487	0.0642283779045939
"AKAP12"	0.177694966460065	-1.66237909686547	-1.53337956020575	-0.218345600040635	1.01168649154084	0.73545125395368	-0.167116476431533	-2.39724364142887	0.464692623646101	0.415458263681856	0.481466443345085	0.573580628126336	0.750662485217237	0.85321645243471	0.473707743484358	0.0408470230819941
"ADRA1A"	0	0	0	0	0	0	0	0	0	0	0	0	0	0	0	0
"PARK2"	0	0	0	0	0	0	0	0	0	0	0	0	0	0	0	0
"GLP2R"	-0.427486753267472	-1.03557087198049	0.428926916679132	-0.848803480865583	1.54607394683479	1.0359376761987	1.30536687410061	1.7654321764094	-0.870143191401903	-0.440296745689693	-0.838576259168458	-1.1705539659803	-0.578947074893579	0.842075268727795	-0.0154142934600656	-0.698020222242892
"PTGFR"	0.879317120347388	-1.48748844267121	-0.705500975349686	1.48665153396786	1.10389203402783	1.0477790410945	1.86802728191205	-1.37413361470149	-0.196460683034375	-0.284264236308535	-0.38764838637397	-0.333263599800474	0.0174281932168666	-0.0913770564764088	-0.644248831653051	-0.898709378197295
"TMEM100"	1.834588943377	1.63725985412014	-0.894758985007833	-0.870954000408829	1.13126640685962	1.40534538615011	-0.751993941177031	-0.895001060756844	0.282855205064749	-0.000966074202940197	-0.833648280970521	-0.713928567452079	0.155227209139167	0.201521233687423	-0.867702653422068	-0.819110675000063
"RP5.877J2.1"	0	0	0	0	0	0	0	0	0	0	0	0	0	0	0	0
"CYP2U1"	0.0125326566542926	-1.57493414684838	-1.02167479906451	0.363838270919434	-0.329110639588788	-0.446720480423203	0.758903662057322	-2.66041103137441	0.516532135090399	0.487137719272143	0.851252603627459	0.907507509080552	0.605674885466816	0.460984293125644	0.833528138668908	0.234959223336319
"P2RY14"	-1.11586325914303	-1.0859074309041	-1.272281430652	-0.736852308573705	0.0608061676226108	1.08662960345776	-0.286627660738463	0.23378108916422	-0.716287966249707	-0.662027135125915	-0.55374136656262	0.546511832101654	1.24907514039349	2.32622841313271	0.723373213892341	0.203183098184755
"C11orf96"	-0.306861795071102	0.289012196017224	0.97532770590372	0.162442475198283	1.62684575232344	1.88553709373176	0.471635758164355	1.2895103381025	-1.12699173130356	-1.09474580161539	-0.880364902007153	-0.891821106796045	-0.379813174078438	-0.326783226398903	-0.977775632861108	-0.715153949309584
"ERVFRD.1"	0	0	0	0	0	0	0	0	0	0	0	0	0	0	0	0
"TMEM47"	-0.859606549659845	-2.17680231515667	-0.799511924299351	0.526577973207899	-0.607780017620812	-0.741975472054123	0.534470712792821	-1.35075340044174	0.487529372967122	0.302352126456516	1.23639355073336	1.30932688442062	0.0639110144393065	0.0816200617283866	1.04518737881361	0.949060603672883
"RNF112"	0.368424161716598	0.608396301327092	0.642446684047985	0.0693299200517588	2.09665807043966	1.75928845184705	0.677925571871734	0.228173350886296	-1.05848302053775	-0.828253002295759	-0.617295194896072	-0.328155246544757	-0.637384389240253	-1.11794474044165	-1.37147668614947	-0.491650232082451
"PDGFRA"	1.45684839063641	-0.345427637810483	-0.929117448270527	0.286392102793617	1.04519032599737	0.960437328238253	0.614798226422751	-2.18203791021922	0.710201319154508	0.707657684420932	-0.705206285236855	-0.650774557344887	0.515021638116972	0.537157719829882	-0.749242916859277	-1.27189797986946
"CCL23"	0	0	0	0	0	0	0	0	0	0	0	0	0	0	0	0
"CCDC136"	-0.373035819453785	-0.329573518410985	1.47589328681374	0.912165269465522	-0.0430009294404238	-0.706025225625443	0.852244204761637	2.60926171909018	-0.819324683399083	-0.483234953099143	-0.259954494441926	-0.145637872840565	-0.908750334076536	-1.29698468671592	-0.031912611522509	-0.452129351104768
"NR4A3"	-0.75089666757851	-1.24205455220495	-0.14005340882718	0.313942467045567	2.22588446143953	2.29686730667057	0.742533417123659	-0.380458505929665	-0.744917896808852	-0.970500057454766	-0.137930936779001	-0.269037682743007	-0.0908365821778855	-0.269521264927244	-0.362170424454496	-0.220849672393769
"PGR"	0.843563812547763	-0.38792370010142	-0.38792370010142	-0.38792370010142	-0.38792370010142	-0.38792370010142	-0.38792370010142	-0.38792370010142	-0.38792370010142	-0.38792370010142	3.42532230367369	0.774121985097007	-0.38792370010142	-0.38792370010142	-0.38792370010142	-0.38792370010142
"GIMAP8"	-0.25	-0.25	-0.25	-0.25	-0.25	-0.25	-0.25	-0.25	-0.25	-0.25	-0.25	-0.25	-0.25	-0.25	3.75	-0.25
"FGF10"	-1.35457687898823	-1.60534509775938	-1.54956224690293	0.923813646804248	0.277946983353067	-0.191303016038971	0.811388887679087	-0.571140468102251	-0.27027960585069	-0.646690446521499	0.747572471393843	1.0145395962515	1.76548429087503	0.988565110060398	-0.12862583427611	-0.211787391977113
"GIMAP6"	-0.46640190164781	0.0728538139781819	-0.234140258161875	-0.46640190164781	2.17482676159458	2.82946675197698	-0.169467202134076	-0.00952085077569825	-0.46640190164781	-0.46640190164781	-0.46640190164781	-0.46640190164781	-0.46640190164781	-0.46640190164781	-0.46640190164781	-0.46640190164781
"SLC8A1"	0.108272211227205	-2.0843064596877	-1.03974604937048	0.621534083820958	0.404321848017139	0.303966851730552	0.592679510009774	-2.51356809000134	0.555530443102965	0.493743877371486	0.583111459411048	0.615263909530301	0.560300096564819	0.455090640165788	0.619279128487518	-0.275473460380039
"RGS9"	-1.13941322647678	-0.887080474997264	0.55274287002671	-0.13468935783304	2.05898069749521	2.17165975423606	-0.308975107759133	0.98120589060459	-0.939386402274062	-1.05574522421444	-0.33303826367058	-0.172316483245505	-0.298644516196035	-0.138903720219663	-0.544106240388871	0.187709804912804
"BMX"	-0.411492521136294	-0.411492521136294	-0.411492521136294	-0.411492521136294	-0.411492521136294	-0.411492521136294	0.624446088530926	3.15185151365762	-0.411492521136294	-0.411492521136294	1.57310517258327	-0.411492521136294	-0.411492521136294	-0.411492521136294	-0.411492521136294	-0.411492521136294
"DMPK"	-1.89280185615692	0.939594182007091	0.83032301762027	-1.22091956054837	0.250696887901661	0.16394513841513	-0.995177611244852	2.29603978545728	-0.934245447886913	-0.628316366108079	-0.0779643023144456	-0.00424701367631196	0.0962784384194105	0.0691160993833121	0.328823858438516	0.778854750293251
"CCDC141"	-0.347119193695211	-0.347119193695211	-0.347119193695211	-0.347119193695211	-0.347119193695211	-0.347119193695211	1.56238818426292	-0.347119193695211	-0.347119193695211	-0.347119193695211	-0.347119193695211	-0.347119193695211	-0.347119193695211	-0.347119193695211	3.29728052747003	-0.347119193695211
"SLIT2"	0.51557756029926	-0.808598510880843	-1.72806016431992	-0.500974415316564	-0.702003318256681	-0.767699093435289	-0.570304924007607	-1.84782793331983	1.37864302934262	1.23197081561719	0.765591776346583	0.772998148678553	0.661212127581997	0.566606025388156	0.768997375421516	0.263871500860857
"ABCB5"	2.05842347986798	-0.464145294968933	-0.464145294968933	-0.464145294968933	2.16112424472383	-0.464145294968933	-0.464145294968933	-0.464145294968933	-0.464145294968933	-0.464145294968933	-0.464145294968933	-0.464145294968933	-0.464145294968933	1.81434111000432	-0.464145294968933	-0.464145294968933
"ABC7.42404400C24.1"	0	0	0	0	0	0	0	0	0	0	0	0	0	0	0	0
"RBFOX3"	-0.671914089412919	0.9278716894947	-0.0319950873743567	0.579071414575827	2.15826775318134	1.34969898610241	-1.30625405782304	-0.0376875549048553	-0.398860136441053	-0.0131006980124793	0.553074548481607	-0.320096340671385	-1.58133578795145	-1.21994094375927	0.557567967946389	-0.544367663431461
"FLNA"	-0.784264080905275	0.354124072955941	1.17907897910355	0.115329024125759	-1.74892836472043	-1.84598452037505	-0.274977907403182	2.38369056520048	-0.343475456832983	-0.257029688815667	0.164494766365321	0.245910574677088	0.0572888628921592	-0.00920657078775009	0.562596804620756	0.201352939899279
"SSC5D"	0.426540273768727	0.986125397546909	1.2064506102012	0.516222435919787	1.13819424209808	1.1005078823066	0.515393991543063	1.52409677451228	-1.0847713290814	-1.02258327789168	-1.06566897833188	-1.05668205355881	-0.682966527061425	-0.791613638142576	-0.857535989365226	-0.851709814463633
"PRDM6"	-0.367197259737287	-1.41464599324995	-1.69421730988497	0.139615909901209	-1.07994102637687	-0.581730824664103	0.134298412116175	-1.46614514683725	0.141108138411684	0.879248567690399	0.827049845747397	1.35191379128385	0.582021524949871	0.326223354752137	1.31418652327256	0.908211492625154
"AGTR2"	0	0	0	0	0	0	0	0	0	0	0	0	0	0	0	0
"CLDN5"	-1.01226640719397	0.650856186450445	-0.000288680748189791	-0.678630574503724	0.0397946919885674	3.04165050180485	-0.717298641965845	0.896248508440715	-0.13286851517398	-0.023120212223499	-0.346016947009196	-0.312203192939914	0.266010443044948	0.308704175353013	-1.27080741679128	-0.709763918532938
"RSPO2"	0.346145658520487	-1.62231250646284	-0.111012573247589	1.43750168192944	-0.525120458035519	0.119569315724295	1.5850324385506	-0.128177317461051	-1.21714002344347	-1.04342216750862	0.886798363421906	0.464787155879512	-0.995084896400806	-1.00194434462836	0.622755275707903	1.18162439745411
"ZNF385D"	0	0	0	0	0	0	0	0	0	0	0	0	0	0	0	0
"TLL1"	3.75	-0.25	-0.25	-0.25	-0.25	-0.25	-0.25	-0.25	-0.25	-0.25	-0.25	-0.25	-0.25	-0.25	-0.25	-0.25
"SLC5A4"	0	0	0	0	0	0	0	0	0	0	0	0	0	0	0	0
"MS4A2"	0	0	0	0	0	0	0	0	0	0	0	0	0	0	0	0
"RCVRN"	-0.169226518603352	-0.133473751077856	1.55703399406473	-0.462054423019489	-0.578141579714111	-0.360763776824403	-0.509017116146535	2.98743013630235	-1.11893644409605	0.106514398950889	-0.262859326611007	-0.509145064489862	0.429990320971435	0.290491495136782	-0.671241850557176	-0.596600494286348
"GPR182"	-0.765777777604739	-0.765777777604739	0.37519332932224	-0.765777777604739	-0.765777777604739	2.33450199412129	-0.765777777604739	-0.765777777604739	-0.765777777604739	1.0184029657807	-0.765777777604739	0.936142663604273	0.161831481127393	0.862868960822278	-0.765777777604739	1.20305860366448
"KCNS2"	0.658742304807654	0.0503394427571099	1.28245249074749	1.69329358248853	0.486366742800645	0.519641660881523	1.43310198409292	0.918717704806055	-1.12757471859414	-0.955860718703125	-0.462024848539058	-0.783695456635363	-0.761791857646395	-1.26767343755302	-0.962731744644523	-0.721303131066314
"RAB23"	0.193997714511691	-1.87922377552867	-1.44395851075235	0.193509085347418	0.589662864193719	0.479590160985202	0.133400235288087	-2.49958794131077	0.614499178804701	0.519844050046662	0.485870458606428	0.517335103523766	0.739422271056668	0.711097438437357	0.485521859909126	0.159019806880966
"KCNK3"	-0.638169970604632	-0.106654207588821	2.08426432200699	0.285271027170322	0.0844973484666536	0.137846465458209	1.16021409633758	2.22681260906446	-0.717982468973113	-0.85265346051165	-0.847328555327426	-0.756717006822332	-0.685177045003081	-0.813694591003788	-0.240714396712597	-0.319814165956766
"MUSK"	0.910298976463494	-0.475986539482154	-2.39782098903677	-0.186261510854043	-0.440650167290366	-0.289760689129421	-0.490068298966174	-0.756789418844515	1.79716271790284	1.63172339574323	0.227888604306267	-0.063667206284885	0.631765896630724	0.643751811413221	-0.242924068575382	-0.498662513996064
"MAGI2"	0.271622288458208	-1.75319407267614	-1.06250196831258	0.441862461281949	0.527093373160271	-0.333931630351626	0.918929311880924	-2.50316023877528	1.01196410816965	0.710724410600515	0.578121630218943	0.283219936511783	-0.125410917393488	0.782959387047742	0.586681767164749	-0.334979846985631
"LDB2"	-0.0939034821860976	-1.65116137301913	-1.4776999626795	-0.304797197692575	1.09522696335177	1.54093869434511	-0.141344281881315	-2.1155747123849	0.567631686381652	0.0387282871908754	0.812770053724079	0.511232364775637	-0.0113281010587562	0.0797615818334549	0.628861306540422	0.520658172759267
"HGF"	1.42140463318628	-0.0663767329580715	-1.64104200302807	-0.182559320428775	-0.218619464606636	-0.277917487335181	-0.208684393949357	-2.41955323167899	1.4730658080428	1.30994804731787	0.273290714240798	0.262164199203422	0.202836779541376	0.253289844808659	0.103036009305535	-0.284283401661664
"CNR1"	-0.25	-0.25	-0.25	-0.25	3.75	-0.25	-0.25	-0.25	-0.25	-0.25	-0.25	-0.25	-0.25	-0.25	-0.25	-0.25
"HPGDS"	-0.25	-0.25	-0.25	-0.25	-0.25	-0.25	-0.25	-0.25	-0.25	-0.25	-0.25	-0.25	-0.25	-0.25	-0.25	3.75
"ERICH4"	-0.25	-0.25	-0.25	-0.25	-0.25	3.75	-0.25	-0.25	-0.25	-0.25	-0.25	-0.25	-0.25	-0.25	-0.25	-0.25
"GLDN"	-0.708503643823662	-0.726831199737889	0.351903002268179	-0.83412037482698	-1.50683249531099	-2.30080711751128	-0.180777768507332	-0.411107540998768	0.490724976550526	0.472162397156445	0.83992482401022	1.05614202276069	0.751277406598372	0.660650126988235	0.972074282467141	1.0741211019171
"C3orf49"	-0.139326186770239	0.653727460883929	-1.15214165963521	0.0167761248250974	-0.623832956002853	-0.565537238572807	0.48194963984594	-1.15214165963521	1.56301934351423	1.82981723946726	-0.624762512447462	-1.15214165963521	1.42173294941903	-0.922901552917439	0.6867805175302	-0.321017849869246
"PTGDR2"	-0.888037181905197	1.24759566639617	1.53272705285513	0.677936344357918	0.899568373575194	-1.37222372834239	0.209734230267073	0.886461237225279	-0.665042655316485	-0.478106661899703	0.584317085477524	0.139754805238862	-1.92573247835906	-1.13344725743497	0.501816304764782	-0.217321136900119
"COL6A6"	0.325238289466722	-0.524692266884131	0.18169062883177	1.96654008252417	0.117453831532876	0.890079203813175	2.13853737023023	0.837761578167142	-0.93838668763826	-0.75164725061764	-0.479973312635081	-0.731880842174938	-0.822157770027703	-0.97580907236405	-0.478810614668536	-0.753943167555746
"ALAS2"	-0.335277757529185	3.44465747887886	-0.335277757529185	-0.335277757529185	-0.335277757529185	-0.335277757529185	-0.335277757529185	-0.335277757529185	-0.335277757529185	1.24923112652973	-0.335277757529185	-0.335277757529185	-0.335277757529185	-0.335277757529185	-0.335277757529185	-0.335277757529185
"KLF17"	0.0488678136353252	-0.719196508931789	-0.719196508931789	-0.719196508931789	0.0802641904336071	0.168099308525198	0.926278506116729	-0.719196508931789	1.33425577589774	1.90334838989761	-0.719196508931789	-0.719196508931789	-0.719196508931789	2.01165459587989	-0.719196508931789	-0.719196508931789
"OVCH1"	0.234302927127673	-1.09568727584633	-1.08416753865368	-0.717513413995461	-0.22355167689534	-1.03644283243493	-1.05401999656044	-0.735983120031556	2.22466236763883	0.996085788677544	0.913310722987929	0.775019409465719	0.928779403419713	0.776808704178644	-0.330593755422829	-0.57100971365548
"NPY5R"	0	0	0	0	0	0	0	0	0	0	0	0	0	0	0	0
"SLC18A2"	1.05753063018943	-1.54989774180149	-1.54989774180149	0.150446753492684	1.68235411525132	-0.541653398050985	0.458956427084567	-1.54989774180149	0.325900128670645	0.494465263958776	0.586835743953234	1.25851332903214	-0.440432072774904	-0.379441027827302	0.590223138374972	-0.594005805950119
"TMX2.CTNND1"	0	0	0	0	0	0	0	0	0	0	0	0	0	0	0	0
"PLPPR4"	-0.247098078193155	-1.81786347086968	-0.762320968351994	0.248364998693336	-0.744127986299035	-1.4930819986201	0.612961501607924	-1.67238498642059	0.835093537556117	0.785977467737232	1.04012249094614	0.805040994754562	0.229257367865538	0.324810264071172	0.691234469705955	1.16401439581657
"HBM"	0	0	0	0	0	0	0	0	0	0	0	0	0	0	0	0
"MTMR9"	0.158550984034	-1.49324625550582	-1.38118633913632	0.126377984379599	-1.08236760451719	-0.797329839174034	0.229562787409933	-1.99334013643228	0.837459336477086	0.832038030768684	0.939850428922511	0.866143410085368	0.554062070520234	0.584257195210552	0.838988922517965	0.780179024439704
"RTN1"	-0.837612842813839	-0.871140814300795	-1.11779628144198	-0.849442013274987	-0.937792303643893	-1.20617334386339	-0.960314613570491	-0.889581911486834	0.881813665156638	0.850700702389972	1.03951638936241	1.08989193517244	0.818984507614952	0.74378282686639	1.06533581575212	1.17982828208128
"SPOCK3"	-0.25	-0.25	-0.25	-0.25	3.75	-0.25	-0.25	-0.25	-0.25	-0.25	-0.25	-0.25	-0.25	-0.25	-0.25	-0.25
"RAB3C"	0	0	0	0	0	0	0	0	0	0	0	0	0	0	0	0
"PLA2G2C"	0	0	0	0	0	0	0	0	0	0	0	0	0	0	0	0
"STXBP1"	-0.319473536702579	-0.960781342570603	0.249977647054324	1.26029073994701	2.28750191690048	1.40383777044532	1.10091740755616	-0.409916296948456	-0.447720066398206	-0.743715097252731	-0.420797414997825	-0.626824970493233	-1.15847044128356	-1.02827972847306	-0.083783986274915	-0.102762600508142
"MSRA"	-0.407346986241672	1.32652466245598	0.822106072695593	-0.571114306240527	-2.39728518723847	-1.88153851096771	-0.313571743878528	0.886494069191745	0.0798395977715856	0.227391531211706	0.597892639465409	0.509569677682908	-0.0235823997569077	-0.293078833156645	0.488796938590826	0.94890277841471
"CLVS2"	0	0	0	0	0	0	0	0	0	0	0	0	0	0	0	0
"RIMS1"	0.39558733399906	-1.10275147641834	1.14059332331312	2.24743432092278	-0.794336412839439	-0.614006905323231	0.80232140310188	1.06914321715797	-1.06906783322484	-0.735470351440799	0.062660556510952	0.279300051330548	-1.0063311175731	-0.887429109260903	0.774097469321901	-0.561744469577548
"RGCC"	-2.04081140469681	-0.869357833368843	0.635988313266207	-1.06279340388028	0.526561364603464	0.0250564380503469	-1.16727924533475	-0.0864832186021629	-0.115215322663929	-0.505848754414839	0.509777805506738	1.36574624543965	-0.539798815860715	0.542874447396878	1.23524797832878	1.54633540623027
"HAND1"	-0.25	3.75	-0.25	-0.25	-0.25	-0.25	-0.25	-0.25	-0.25	-0.25	-0.25	-0.25	-0.25	-0.25	-0.25	-0.25
"A4GNT"	0.265355958359043	-1.34651088844615	-0.93757525876205	0.143681378696491	-1.34651088844615	-1.34651088844615	0.390587146216584	-1.34651088844615	0.965878040541641	0.564470646279593	-0.171109974837223	0.325708766731327	0.95393330136302	1.82659236501632	0.993693373738916	0.0648278104409336
"LRRC32"	0.819075238201326	1.51687821105548	1.50668003473079	0.355976200216182	0.351166023944594	0.451631405925053	0.317170094734237	1.66448670139983	-1.00756101856511	-0.966604005792021	-0.990927286364782	-1.21338516166071	-0.586053409057303	-0.610291964638225	-0.703836870880498	-0.904404193248822
"EIF4E"	0.582800008167378	-1.35723738595728	-1.39835803170277	0.0127506566207564	-0.477896309959773	-0.208744507899509	0.0783210660470913	-2.54570421312281	1.06481039267453	1.08350055810167	0.794744691533089	0.619139379382247	0.361843241186189	0.43305276967999	0.52780454342289	0.429173141826309
"TAF9"	0.488647035855422	1.69668094428686	0.190412079440427	-1.62672642045756	0.721075795635052	-0.582078548244893	-0.8477758671775	-2.33258504964457	0.459688917046178	0.351901531289001	0.251673005879746	0.479002174848103	-0.356795607890719	0.335633237107624	-0.327210755123825	1.09845752715068
"OMD"	3.75	-0.25	-0.25	-0.25	-0.25	-0.25	-0.25	-0.25	-0.25	-0.25	-0.25	-0.25	-0.25	-0.25	-0.25	-0.25
"TGFB3"	-0.414350278294896	0.319820658447125	0.42806598926322	1.39166877965292	0.0336442062292673	-0.874910693555111	1.4490324950873	2.40903679293515	-0.0642256042478441	-0.385033026086653	-0.729426912280789	-0.505106402126032	-1.1279418109663	-0.717142992886582	-1.09356154512336	-0.119569656047409
"TMEM119"	0.123759368022713	1.74336084981311	1.44274327797754	0.213048963674935	-0.602630680439038	-0.351473519153795	0.089256040363226	2.36834582480588	-0.670177056912657	-0.447788471804002	-0.807447191214063	-0.768117379554344	-0.792733202619422	-0.962639824268958	-0.513772358294815	-0.0637346403963116
"TNN"	-0.25	-0.25	-0.25	-0.25	3.75	-0.25	-0.25	-0.25	-0.25	-0.25	-0.25	-0.25	-0.25	-0.25	-0.25	-0.25
"ETV1"	1.0630156657429	0.437989113504463	-1.60061945135234	-1.07530720246446	1.05479393180378	1.08930144118762	-0.928782940244659	-1.66274599379565	1.09567419164185	1.04539478352933	-0.320780821880888	-0.337689310063969	0.611224615239591	0.669822063127963	-0.413244416207495	-0.728045669768021
"NTM"	-0.449134935869465	-1.02855040748663	-1.33823751902497	-0.925292638869064	-0.0925789173610026	-0.632773655369771	-0.737768407712638	-1.32647856510899	1.10070124903324	1.04076660228695	0.272816521284444	0.676471935337914	1.60273719867719	1.72482617441525	0.0986376847185123	0.0138576810490315
"PRND"	0.873196018937338	-0.397153971774122	-0.397153971774122	-0.397153971774122	-0.397153971774122	-0.397153971774122	-0.397153971774122	-0.397153971774122	-0.397153971774122	3.36674690599105	0.9230587081352	-0.397153971774122	-0.397153971774122	-0.397153971774122	-0.397153971774122	-0.397153971774122
"CCL11"	0.988725984149345	1.68361680846563	1.34835416824071	0.676849201291634	-0.712537052661906	-0.560280205723664	0.973758288613674	1.54436623257237	-0.838950931324334	-0.985116159292541	-0.812448786551719	-0.838566470091046	-0.53755913581547	-0.371059792081562	-0.97589745175789	-0.583254698033227
"ANOS1"	0.059414472966308	-0.882590001079064	0.818611513693845	1.96667363705251	0.550634859513747	0.534879554101513	1.9645863853373	0.709845621600418	-1.16346580699107	-1.14064887159224	-0.601907947228064	-0.65050257044629	-0.309286619991055	-0.453039833492263	-0.676847851870404	-0.726356541575189
"OLFML3"	-0.11308088775836	1.33522620701484	1.68604746594604	0.334079118500808	0.161716389798628	0.231178577311511	0.510192482581289	2.05988184911609	-1.38784267107353	-1.15250428503548	-0.73134644941193	-0.795746069931965	-0.549376665671443	-0.494422071356933	-0.77046449761513	-0.323538492414427
"CHRD"	0.28858226506533	0.83815475479431	1.26355904109486	0.881519578681422	1.19367101028989	0.826375584063526	0.811953044106585	1.36321776816372	-1.06984101316716	-1.20178203708383	-1.01778103337537	-0.906933543233662	-1.0816431496304	-0.750287243275688	-0.71555131159623	-0.723213714897309
"TYRP1"	1.81098664288329	0.712921304457667	1.09318498610067	1.9686667263997	-0.461607590680476	-0.138064962579014	1.04884395578226	-0.951131322314543	-0.107551053523533	-0.951131322314543	-0.462466919894076	-0.728786337564555	-0.469992152944035	-0.951131322314543	-0.461609309179724	-0.951131322314543
"GPR85"	0.340420382094739	-0.757454310040772	-1.26196874707964	-1.22276092188597	-0.949384144703088	-1.58024950913686	-0.639819033315056	-0.225578192783514	0.930887674892365	0.829835124746	1.31308642682898	0.885031505598862	-0.581893902140225	0.726103994982938	1.21761287391442	0.976130778026829
"FAM216B"	0	0	0	0	0	0	0	0	0	0	0	0	0	0	0	0
"CATSPERD"	0.776883031295286	1.05048797509728	-0.680437002730123	2.59445050236537	-0.680437002730123	-0.680437002730123	-0.680437002730123	-0.680437002730123	-0.680437002730123	-0.680437002730123	-0.680437002730123	-0.680437002730123	-0.680437002730123	0.637388243735995	0.835477252351308	0.909683022455997
"ZMYND10"	0.796200785706919	1.51056029831685	-0.330991738582272	-0.629680882112216	1.01759520791662	0.710601354274529	-1.37513944022263	-0.79974681245664	-0.0879514692695907	0.846866585997128	-1.22507437683443	-0.306831795955778	-0.0209003010603421	1.54435521381429	0.0238313026141604	-1.67369393214659
"DNAI1"	0.0364387799372951	-0.621625966576806	0.206931582933694	0.137915833034277	2.75044649034137	0.138838399944606	-0.621625966576806	-0.621625966576806	-0.621625966576806	-0.621625966576806	-0.621625966576806	-0.31058031798728	2.04059485160717	-0.0275778871966798	-0.621625966576806	-0.621625966576806
"LRRC18"	0	0	0	0	0	0	0	0	0	0	0	0	0	0	0	0
"STMND1"	-0.347685634175249	-0.347685634175249	-0.347685634175249	-0.347685634175249	-0.347685634175249	-0.347685634175249	1.5791514484512	-0.347685634175249	-0.347685634175249	-0.347685634175249	-0.347685634175249	-0.347685634175249	3.28844743000229	-0.347685634175249	-0.347685634175249	-0.347685634175249
"DTHD1"	0	0	0	0	0	0	0	0	0	0	0	0	0	0	0	0
"MS4A8"	0	0	0	0	0	0	0	0	0	0	0	0	0	0	0	0
"ECT2L"	-0.957032712500244	-0.703643969227953	0.859325731462698	-0.301833078790749	-0.382992172610764	1.27926545010913	-1.14202948844658	2.66311272167517	-0.810290117766456	0.27628065954652	0.522958859524846	-0.117413226059729	-0.395802473897909	0.311646571633607	-1.14202948844658	0.040476733794988
"RIIAD1"	1.32172956871578	0.484046175882678	1.85905503390711	-0.76350227715339	-0.76350227715339	-0.76350227715339	-0.76350227715339	-0.76350227715339	-0.76350227715339	-0.76350227715339	1.40297426556564	-0.76350227715339	1.36973976583744	0.651459831794757	-0.217484147322892	-0.76350227715339
"SFTPA2"	0.975240606836011	-0.5252009497453	-0.5252009497453	-0.5252009497453	-0.5252009497453	2.28975460692286	-0.5252009497453	-0.5252009497453	-0.5252009497453	-0.5252009497453	-0.5252009497453	-0.5252009497453	-0.5252009497453	0.854272762701341	-0.5252009497453	2.18314342048338
"GGTLC1"	0	0	0	0	0	0	0	0	0	0	0	0	0	0	0	0
"TEX26"	1.92528826248199	-0.583221902567029	-0.871894561157364	0.503235670531186	1.09406766736563	2.08575779014212	0.160661041828166	-0.871894561157364	-0.871894561157364	-0.871894561157364	0.610705479070441	0.0331435386540984	-0.37808302532212	-0.220187155240297	-0.871894561157364	-0.871894561157364
"SCGB1A1"	1.28638546366559	-0.425184103946175	-0.425184103946175	-0.425184103946175	3.12099849606373	-0.425184103946175	-0.425184103946175	-0.425184103946175	-0.425184103946175	-0.425184103946175	-0.425184103946175	-0.425184103946175	-0.425184103946175	1.12000939157096	-0.425184103946175	-0.425184103946175
"SEC14L3"	0	0	0	0	0	0	0	0	0	0	0	0	0	0	0	0
"SFTPC"	-0.25	-0.25	-0.25	-0.25	-0.25	-0.25	-0.25	-0.25	-0.25	-0.25	-0.25	-0.25	-0.25	3.75	-0.25	-0.25
"NAPSA"	-1.22691420771793	0.327831058800307	2.2328173859244	0.118891024661516	0.595842751062311	-0.343896112293292	-0.366444698908071	1.92911320670362	-0.673761108878328	-1.00005151056533	-1.03443936378501	-0.480794751965828	0.497544868974747	-0.670635318288879	0.595835293130286	-0.500938516854514
"C6orf229"	0	0	0	0	0	0	0	0	0	0	0	0	0	0	0	0
"SERPINI2"	0	0	0	0	0	0	0	0	0	0	0	0	0	0	0	0
"C8orf34"	-0.741631115902682	-0.417931115829023	-1.11218702750402	-0.769292446410934	-0.955992143455727	-0.602064965560529	-1.11218702750402	-1.11218702750402	1.10703952943597	1.12734537353184	0.918568822400701	1.68363906325654	0.511406358580909	-0.517871999219758	1.04631209267098	0.947033629013768
"AP000322.53"	0	0	0	0	0	0	0	0	0	0	0	0	0	0	0	0
"AZU1"	-0.367411358712693	0.403203763911341	0.43205885195643	-0.58907367019884	1.62797249093809	2.35649910558173	-0.216795237150637	1.48770693137769	-0.758881134415752	-0.776867106847134	-0.937316403346351	-0.711559506071836	-0.425741916224727	-0.584983391637378	-0.766601929921619	-0.172209489238325
"SFTPA1"	3.75	-0.25	-0.25	-0.25	-0.25	-0.25	-0.25	-0.25	-0.25	-0.25	-0.25	-0.25	-0.25	-0.25	-0.25	-0.25
"AGER"	-0.645355306823054	1.55650028600067	0.643877282430718	-1.02187236893888	0.72991199517802	1.41525125988209	-1.06870280440052	2.17907043275066	-0.650745225041356	-0.778933091645455	-0.714333894261661	-0.574921349775392	-0.250010368714451	-0.259955395103509	-0.522859655197763	-0.0369217963401238
"OR6N1"	0	0	0	0	0	0	0	0	0	0	0	0	0	0	0	0
"MS4A15"	-0.25	-0.25	-0.25	-0.25	-0.25	3.75	-0.25	-0.25	-0.25	-0.25	-0.25	-0.25	-0.25	-0.25	-0.25	-0.25
"RS1"	-0.510652855667756	0.940139282537735	-0.510652855667756	-0.510652855667756	-0.510652855667756	-0.510652855667756	-0.510652855667756	-0.510652855667756	1.67303379700476	-0.510652855667756	0.754465114567412	-0.510652855667756	-0.510652855667756	2.76019607390317	-0.510652855667756	-0.510652855667756
"SUSD2"	-1.94763070676512	-0.0684124244798182	-0.248469268170769	-1.31972308044934	1.05138237504809	1.02985592223542	-1.2027800011401	1.04985472542218	-0.235162220275413	-0.182243741788683	-0.272820686212359	-0.522001716301491	1.49796609739899	1.38490084232646	-0.215172356769303	0.200456239921251
"SLC46A2"	-0.662387337096619	-0.662387337096619	2.21875423757725	-0.662387337096619	-0.662387337096619	1.98655665593567	-0.662387337096619	-0.662387337096619	-0.662387337096619	1.05244086381949	-0.662387337096619	0.433702333214128	-0.662387337096619	0.386459719803837	0.545959560615815	-0.662387337096619
"SFTPD"	-0.0867317278896205	0.622077905235988	0.73784147963387	0.975187622819961	-0.05391383616613	-0.561138119243993	1.11631459109848	2.7201226852747	-0.903109060511423	-0.892863201797466	-0.828464174934654	-0.589446222517196	-0.831165864225304	-0.702355855191277	-0.194688995109612	-0.527667226476328
"CHIA"	0	0	0	0	0	0	0	0	0	0	0	0	0	0	0	0
"SLC6A4"	-0.701635599894144	1.21004690267961	-0.54132156669013	0.0984192845770189	-0.676264912409736	0.793164876958327	0.00583851389329709	2.07122465142728	-0.211015382154939	-0.708072323010389	-1.32358361960074	1.52793848419963	0.85987508838236	-0.761917026390885	-0.998597972390769	-0.644099399575796
"C4BPA"	-0.435208165078341	-0.435208165078341	1.40644629842216	1.2529834451479	-0.435208165078341	-0.435208165078341	-0.435208165078341	-0.435208165078341	-0.435208165078341	-0.435208165078341	-0.435208165078341	2.99827640244837	-0.435208165078341	-0.435208165078341	-0.435208165078341	-0.435208165078341
"MOGAT1"	0	0	0	0	0	0	0	0	0	0	0	0	0	0	0	0
"AQP10"	0	0	0	0	0	0	0	0	0	0	0	0	0	0	0	0
"CLDN18"	-1.51319863054472	-0.645570850225724	-0.634244048760346	0.483676496621891	0.349720554207246	-1.0287842260742	-0.662608134900966	-1.91998095829538	0.591136682572936	0.872440655085873	0.0653007059046074	0.666187607810943	-0.322568152658639	1.47030263515515	0.965330223027002	1.26285944107431
"HHIP"	-0.726247922557736	-0.726247922557736	-0.726247922557736	-0.726247922557736	-0.726247922557736	-0.726247922557736	1.1537363301395	-0.476338775633844	0.159526899667317	0.246297172251215	-0.313980946837563	0.924536793771067	2.93199448913726	0.161821031794945	0.296142463614248	-0.726247922557736
"RASGRF1"	-0.418091400664035	-0.388034008758567	0.401162993717488	-0.883419722005347	-1.82213215443719	-0.882303777691747	-0.520560587506982	-0.802939318617172	0.794725621620543	1.89574347596399	0.0305024831187441	0.0456952871753843	0.758869123271813	1.44079411530575	-0.767736204933272	1.1177240744406
"RTKN2"	0.428946247998067	-0.901683755219173	0.312577946182463	2.05466390302672	-1.43243038017322	-1.51099446232432	1.93331844822227	0.397755407027203	-0.348449618695824	-0.060039507277017	0.262753678091304	0.0303078027901057	-0.788817082092013	-0.738364956472677	0.292861711523281	0.0675946173928256
"SLC39A8"	0.284137895578421	-1.40709592106328	-1.65057654941659	-0.623411606815457	-1.55181391923676	-1.31838917566077	1.09938632495291	0.0163162175227786	0.130127860276862	0.715529472490316	0.457863740449289	0.395218461862551	1.18772107281333	1.21831032322421	0.264852169690489	0.781823633331699
"INSL5"	-0.516867041901121	-0.516867041901121	-0.516867041901121	-0.516867041901121	-0.516867041901121	-0.516867041901121	-0.516867041901121	-0.516867041901121	0.949503159089618	-0.516867041901121	1.17613151585652	-0.516867041901121	2.81276008965273	-0.516867041901121	-0.516867041901121	1.26400973821458
"CEACAM8"	0	0	0	0	0	0	0	0	0	0	0	0	0	0	0	0
"TEX14"	0.181395783149617	1.74605377952127	-0.641959459710114	-1.03290715260165	-0.391219541388583	-0.321537298014202	0.894776341584978	0.481135276656451	-0.75291520346907	2.36869839828872	0.530189517967379	-1.03290715260165	-0.714905266128666	-0.202751515062528	-0.0782393555903053	-1.03290715260165
"RP1.179P9.3"	0	0	0	0	0	0	0	0	0	0	0	0	0	0	0	0
"C16orf78"	0	0	0	0	0	0	0	0	0	0	0	0	0	0	0	0
"LRRC49"	1.3749267528621	0.262538189974167	0.365612991448775	0.599322943760609	1.10285956163026	0.630373344070914	1.68869030278046	1.00579883773804	-1.17237876401614	-0.718528935084253	-0.745792194221345	-1.01495559298727	-0.877523546830872	-0.339585481432499	-1.51231310918917	-0.649045300503786
"C5orf38"	0	0	0	0	0	0	0	0	0	0	0	0	0	0	0	0
"OR2M4"	0	0	0	0	0	0	0	0	0	0	0	0	0	0	0	0
"C9orf57"	0	0	0	0	0	0	0	0	0	0	0	0	0	0	0	0
"OSM"	1.73672718975961	2.17005153393786	-0.542957634452045	-0.542957634452045	-0.542957634452045	-0.542957634452045	-0.542957634452045	0.895499731470932	-0.542957634452045	1.71321315825614	-0.542957634452045	-0.542957634452045	-0.542957634452045	-0.542957634452045	-0.542957634452045	-0.542957634452045
"CXCL8"	0.717951160689752	0.2690296864755	-0.0523891254197071	0.428866723010647	0.98027147899131	1.06498529883635	1.1745136896984	-0.0998240918836013	-1.55269674150999	-1.31967290854666	-1.21188299892484	-1.0423056469629	1.15448417076313	1.14941646798884	-0.815761132742985	-0.844986030463254
"IL1B"	0.220533469327702	0.574869526742032	-0.69791491520163	-0.435695407717643	2.10606310554236	2.04896138242253	-0.0759893803114643	0.0813807992207672	-0.597663698618735	-0.725383077858519	-1.0654467242739	-0.948427108087326	0.651181037348331	0.629412984641116	-0.896945708583206	-0.86893628459242
"MCEMP1"	-0.25	-0.25	-0.25	-0.25	-0.25	-0.25	-0.25	-0.25	-0.25	-0.25	3.75	-0.25	-0.25	-0.25	-0.25	-0.25
"ADAMTS4"	0.185654272150009	0.11477198964322	-0.589719038888029	-0.0400722286108508	2.20203402771537	2.0715747040772	-0.247027230342389	-1.55574993528155	-0.111937841357995	-0.0884488380139119	-0.869022658576355	-0.497962677584105	0.432296696781337	0.617164704098508	-0.622081533081217	-1.00147441272923
"CSF3"	0.0655520322995347	0.955961220264999	-0.430707050525893	-0.627717058216799	1.26174140741034	1.2702008974341	0.338282136529487	1.06615428485081	-1.06565495219289	-1.06565495219289	-1.06565495219289	-0.997388474823922	1.33328982321001	0.943809045185562	-0.916558454846662	-1.06565495219289
"CCL3L3"	0	0	0	0	0	0	0	0	0	0	0	0	0	0	0	0
"ADGRE3"	-0.25	-0.25	3.75	-0.25	-0.25	-0.25	-0.25	-0.25	-0.25	-0.25	-0.25	-0.25	-0.25	-0.25	-0.25	-0.25
"CXCL2"	1.17538140439485	0.883888747601199	-0.130088194544103	0.197786801486991	0.969162338825546	0.960754945522906	1.46645636989612	0.364595737417536	-1.17719918153451	-1.40728650039791	-1.11568861453001	-1.17587008140563	0.472562337916528	0.517898268845593	-1.2708961056504	-0.731458273844696
"FPR1"	-0.431398607827213	3.53341432774312	-0.431398607827213	-0.431398607827213	-0.431398607827213	-0.431398607827213	-0.431398607827213	-0.0290129456255792	-0.142696662608055	-0.114117387726709	0.88032797825373	-0.431398607827213	-0.103386101820475	-0.141941737771115	-0.431398607827213	-0.431398607827213
"OLR1"	1.2366031405892	0.0662453752968598	-1.10554828154918	-0.214027521154395	-0.637141385478554	-0.867899053276057	-0.0893592645611709	-2.82409596064013	0.759001006924788	0.578894767731824	0.243547904857031	0.584993831140592	0.828745521275972	0.970640902823041	0.191037218711126	0.278361797309051
"CMTM2"	-0.164789977443354	1.42066319213544	1.53306225343174	-0.591647779285546	-0.591647779285546	-0.591647779285546	-0.591647779285546	-0.591647779285546	-0.591647779285546	-0.591647779285546	-0.591647779285546	2.56473623711088	0.710100037928752	-0.591647779285546	-0.147293950307986	-0.591647779285546
"FCN1"	0	0	0	0	0	0	0	0	0	0	0	0	0	0	0	0
"SLC11A1"	-0.484900298393445	2.3630058247164	1.21786348868007	0.353090308674217	-0.696378697684494	-0.357799800813104	-0.738403165773336	1.70893592670937	-0.726805862900681	-1.08648159527572	-0.0365506370201097	-0.642395058697967	0.11604555154061	0.499635384864907	-0.758451203207499	-0.730410165419221
"SIRPB1"	-0.787854999282146	2.44005574018859	-1.06608165125768	1.43438843778221	-0.488884732243052	-0.744542639978117	-0.468361685341559	-1.06608165125768	-0.0732794202288728	1.08580854330855	0.638409962379355	-0.02599876761461	0.337602904623694	-0.814929877034768	0.361741282401358	-0.761991446445276
"CCL4L2"	0	0	0	0	0	0	0	0	0	0	0	0	0	0	0	0
"CCL4"	0	0	0	0	0	0	0	0	0	0	0	0	0	0	0	0
"SRGN"	-1.40723974158221	-1.02197826973492	-0.964876047060857	-0.80595122506588	-0.265399909915768	-0.644806235403344	-0.753521260332253	-1.39432283364805	0.739195544591952	0.409654909797698	0.850446791242431	0.975600915919925	1.34850133061609	1.37935866915027	0.973428091752023	0.581909269672901
"FFAR3"	0	0	0	0	0	0	0	0	0	0	0	0	0	0	0	0
"MRC1"	-0.365622462747642	-0.365622462747642	-0.365622462747642	-0.365622462747642	-0.365622462747642	-0.365622462747642	-0.365622462747642	-0.365622462747642	-0.365622462747642	-0.365622462747642	-0.365622462747642	2.44132323937101	2.67739123909598	-0.365622462747642	-0.365622462747642	-0.365622462747642
"RND1"	-0.172840722408055	-0.273111545368523	1.27371837134511	0.272708559843715	0.547489776030325	1.26265955588171	1.26616913046418	1.67838830601172	-1.32673840553467	-1.61379942010076	-1.25687738690344	-0.464741534018016	-0.364379079071621	-0.428230915355871	0.204732972481281	-0.60514766329707
"IL13"	-0.75179594746649	-0.130359471947102	1.48981034900978	-0.75179594746649	-0.479093926533239	0.442595178148774	1.44191490616149	2.39660294018422	-0.281740547309236	-0.75179594746649	-0.75179594746649	-0.259236173936329	-0.75179594746649	0.642078378487079	-0.75179594746649	-0.75179594746649
"PGLYRP1"	1.12162245879026	0.879943615764498	-1.19592546474957	0.149750599644442	0.917784023968076	-1.19592546474957	-1.19592546474957	2.06309347997907	0.892639091609981	-0.0416185222157277	-0.285434264412814	-0.36901731647954	-0.597260568332147	0.639018158317264	-0.586818897635094	-1.19592546474957
"MMP19"	-0.0942348383260535	1.25447974534434	1.21535002292353	0.200853186701312	0.71038076866382	0.906986955121622	0.642104568114652	1.97139553940833	-1.06145852562417	-1.14465015943869	-1.15434039488362	-0.999961080310068	-0.581993877814948	-0.666582924872361	-0.641766806283475	-0.556562178724205
"RASGRP4"	-0.508997604708573	3.35699800618411	0.681655644910297	0.582839787922193	-0.261385607464425	-0.508997604708573	-0.508997604708573	-0.508997604708573	-0.508997604708573	-0.508997604708573	-0.508997604708573	0.384245918264684	-0.508997604708573	0.345622297268876	-0.508997604708573	-0.508997604708573
"CLC"	0	0	0	0	0	0	0	0	0	0	0	0	0	0	0	0
"OR2B11"	0	0	0	0	0	0	0	0	0	0	0	0	0	0	0	0
"RP11.96O20.4"	0	0	0	0	0	0	0	0	0	0	0	0	0	0	0	0
"OR52K2"	0	0	0	0	0	0	0	0	0	0	0	0	0	0	0	0
"GPATCH2"	1.06029101296562	-1.34436142997776	-0.740128002214429	0.562579403283157	-0.0316474271146677	0.182814703313075	1.54199300399214	-2.40776809439267	1.01064800123107	0.0830716560162278	0.302754785884336	0.826104508647601	-0.487448317534892	0.266131546209243	0.108771565015003	-0.93380691532306
"FAM234B"	0.638786422621717	-1.18492204697711	-1.59939579479867	0.248207321529549	1.35048123053482	1.38432899070847	-0.715927691054061	-1.67063613730666	-0.0118038950940266	0.370029124673597	-0.151468284360859	-0.116722387759552	1.03890811311645	0.961298890645119	0.50434115468357	-1.04550501116236
"TPH1"	2.12046013788934	-0.957640022100688	0.402525189873534	1.06112549188041	-1.38403653957829	-1.38403653957829	0.147200784121584	-1.38403653957829	0.528126006150192	0.715820012551451	0.819840949776844	-0.0428107499346889	0.0695473878660462	0.533087611471138	-0.641111930249726	-0.604061250560557
"C1orf111"	0	0	0	0	0	0	0	0	0	0	0	0	0	0	0	0
"MS4A10"	-0.25	-0.25	-0.25	-0.25	-0.25	-0.25	3.75	-0.25	-0.25	-0.25	-0.25	-0.25	-0.25	-0.25	-0.25	-0.25
"NAV3"	0.502835924203794	-0.377633803320634	-1.2488663422676	-0.467911201750427	-1.34941577478911	-1.64402035204649	-0.0493349546719874	-1.42835510418944	1.41601682573909	1.43527310981999	0.873435555632659	0.783515329695672	0.134159400483738	0.223978069374663	0.728400793869791	0.467922524216292
"PNLIPRP1"	0	0	0	0	0	0	0	0	0	0	0	0	0	0	0	0
"NEURL1"	-0.492794500749181	1.35985432989108	1.17150242027802	0.765395319020055	-1.46665456524431	-1.31259578276356	0.544042294063474	1.9447447244185	-0.430365331738154	-0.13166248654878	-0.326435675449198	0.125696284432805	-1.17323551683212	-0.986405193937678	-0.141746411638816	0.550660092797867
"FRS2"	0.311582282740353	-1.91474049047714	-1.16814765696885	0.789808038115554	0.304600953880471	-0.00810411563035337	0.808847321148732	-2.28823975948167	0.828007833503292	0.746247923425401	0.805739347673172	0.716393395021264	-0.311462011857293	0.0638505157415444	0.753369451592423	-0.437753028426898
"ZDHHC11B"	0	0	0	0	0	0	0	0	0	0	0	0	0	0	0	0
"C1QTNF3.AMACR"	0	0	0	0	0	0	0	0	0	0	0	0	0	0	0	0
"KAT6A"	1.10460662486295	-1.16892406642057	-1.32910404232971	0.354741976463783	-0.554834684378153	-0.623436789741407	0.409687451553879	-2.2683061456872	1.40910352133447	1.12133815307189	0.335018505205656	0.449925255528954	0.420285601089178	0.503116343445604	0.423763088750262	-0.586980792749594
"AGL"	0.596811147560589	-1.78340581934657	-1.43232652274498	0.897697852235945	0.646529962690309	0.624817406132686	0.831976269929299	-2.38294601343442	0.840114146656777	0.350575395132971	0.372445046353233	0.50616054122737	-0.139186684571588	0.00411545629210769	0.334664221527576	-0.268042405641318
"EXOC2"	0.735407090124191	-0.699572482031842	-1.42408137964534	0.559449438429574	-1.03707239211159	-1.76925548622194	0.556790574907058	-1.77556979542351	0.575251412972201	0.921891324247357	0.962347009149944	0.878505707080902	0.315239332515607	0.355847270806041	0.921804797124768	-0.0769824219234158
"P2RY4"	2.6428312273256	-0.850188308133891	-0.850188308133891	0.179630105607763	0.993814355718843	-0.850188308133891	0.111997781628439	-0.850188308133891	-0.850188308133891	0.0333109266054824	0.0773578685632176	-0.850188308133891	0.962569625406782	-0.0440016869107178	0.993807952991829	-0.850188308133891
"TTC36"	-0.680754345007925	-0.577003448389064	0.80127310974685	0.021414206355061	-1.2219613302606	-1.2219613302606	0.513080550233863	0.795569648194557	0.705881984916332	-0.686376275176701	0.450922647132715	2.75657432908254	-0.119158408169173	-0.248426361684833	-0.658592946040454	-0.630482030672569
"SEZ6L"	0	0	0	0	0	0	0	0	0	0	0	0	0	0	0	0
"CCDC117"	0.625547167487759	-1.31575831745556	-1.96879621262019	0.470305222282937	0.581841000276836	0.485385623247805	0.490522905898111	-2.49623314157702	0.550949042918591	0.628865227471133	0.511223177115906	0.210196793071399	0.397802531176005	0.64270431430137	0.358368515886749	-0.172923849481832
"SLC1A2"	0.388606821311718	-2.00794495696137	-1.17729359991881	0.775577604637354	-0.342365416987482	-0.771395349591472	0.526723244422237	-1.99304513822551	0.636309453645127	0.904909164983835	0.459236676745817	0.515566846058291	1.12699489659016	0.944380009864686	0.0575969736370096	-0.0438572302115824
"ZNF703"	0.650717606804682	1.64171214125371	0.887823111528909	-0.358832687371798	1.46040636834271	1.51483415467361	-0.489921675943951	1.07168525804008	-0.930860558555844	-0.698563023875983	-0.870054995922101	-0.844086225426655	-0.784010677782771	-0.842001963699592	-0.640074479388237	-0.768772352676776
"ATRNL1"	0.22595840188615	-0.137177645904438	0.683556835461998	-0.525820726083203	-0.00837382311400076	-0.871192894716065	2.22821535434959	-1.57173968623092	-0.485376502173463	0.207536945746404	-0.629528886682547	-1.57173968623092	1.16158142224931	0.58346315844932	-0.317174025188704	1.02781175818149
"SLC18A1"	0	0	0	0	0	0	0	0	0	0	0	0	0	0	0	0
"GRPR"	-0.821378682132091	-0.821378682132091	-0.27133389275028	-0.821378682132091	-0.821378682132091	-0.821378682132091	0.116768681728765	-0.821378682132091	0.736122151028231	1.72529026638116	-0.821378682132091	1.60902866108719	-0.821378682132091	1.50537609401167	0.0845763003912881	1.0652011951787
"MON1B"	0.959117254979445	1.16723932391638	0.495909050796326	0.103416167783977	-1.15942186661457	-2.62277117599069	0.033430087773033	0.924804384994924	1.20891432230716	0.560283476529326	0.00568848390910546	-0.182450738730117	-0.0911066811956435	0.24088330895329	-0.54343736424594	-1.10049803516603
"RDH8"	-0.25	-0.25	-0.25	-0.25	-0.25	-0.25	-0.25	-0.25	-0.25	-0.25	-0.25	3.75	-0.25	-0.25	-0.25	-0.25
"CUZD1"	-0.708690027263105	0.538836436661792	-0.194015420329482	0.681687414375625	0.416732936661441	2.63778544566176	-1.17692246891478	0.431169401680272	-0.859438615779031	-0.409981470322818	-0.002007989315524	-0.591985127307734	-0.034625604262384	1.21512391781437	-0.536735123477103	-1.4069337058833
"BEST2"	-0.598178322375565	1.33921764382573	-0.598178322375565	3.09295322264901	-0.169392096587309	-0.598178322375565	-0.598178322375565	-0.598178322375565	0.141032628374574	0.214031015229048	-0.598178322375565	-0.598178322375565	-0.598178322375565	0.509750197335603	0.256012290553428	-0.598178322375565
"NAF1"	1.05329252461034	-0.240211941078901	-0.824239553727483	-0.97544740268218	-0.504492251117342	-1.57554636666319	-0.210414688120503	-2.12470952494475	1.5258472095765	0.77618001806129	0.716350941518029	0.462643335189288	0.840366706736596	0.363989414794143	0.635057952848433	0.0813336249997346
"ETNK1"	0.364523496115622	-2.07048936169312	-0.9332594506313	0.544742037936565	0.550346926175227	0.620028108734444	0.80265324749892	-2.54532640341312	0.594480991119619	0.562247738827555	0.370419906983151	0.419854724209682	0.353978351644993	0.30125643731432	0.480080684283715	-0.415537435106265
"CBLN2"	0	0	0	0	0	0	0	0	0	0	0	0	0	0	0	0
"OTOGL"	-1.01614664623989	-1.61732113856147	-0.114795105441988	-1.61732113856147	-0.373087474919551	1.10796601607824	0.928748923406983	-0.119036154823744	1.55123885357304	0.723523630185154	1.43510001537364	-0.488607019070528	-0.394249527551864	-0.537225322482583	0.842698517469165	-0.31148642843313
"SLC7A2"	1.08636436873366	-0.175988758988279	-1.07718040513142	-1.10497797300937	-0.861989430554205	-1.41234777561883	0.505951349740292	-1.41234777561883	0.851919518867182	-0.632817924634164	1.88572381850595	0.954111064852647	0.78027700979014	0.426356014273144	0.189618062403242	-0.0026711636111619
"CYP51A1"	0.898073257444957	-1.95818224475579	-1.45736786922839	0.819947772561799	-0.176385083432416	-0.404687376053325	0.547928095581504	-2.01859595403435	0.951056573026691	0.793720181859571	0.643907580061505	0.440461159631745	0.328011098585851	0.418458520706429	0.612190263118109	-0.438535975073885
"TOB1"	0.472185395043462	-1.53493047322757	-0.321152181238327	0.635906724537448	0.147622876185787	0.278488124295202	0.493141911118267	-3.17080324491661	0.62415370609445	0.494084451199177	0.523102047428431	0.381177107428852	0.0874780588742713	0.243980907040627	0.630034675867266	0.0155299142692716
"GPR139"	0	0	0	0	0	0	0	0	0	0	0	0	0	0	0	0
"NLRP5"	0	0	0	0	0	0	0	0	0	0	0	0	0	0	0	0
"MLN"	-0.540868782325679	2.79269541889117	-0.540868782325679	1.08050367110179	1.64832532308302	0.272550392922278	-0.540868782325679	-0.540868782325679	-0.540868782325679	0.155481799584212	-0.540868782325679	-0.540868782325679	-0.540868782325679	-0.540868782325679	-0.540868782325679	-0.540868782325679
"ANKRD30A"	0	0	0	0	0	0	0	0	0	0	0	0	0	0	0	0
"SSFA2"	0	0	0	0	0	0	0	0	0	0	0	0	0	0	0	0
"GABRA1"	0	0	0	0	0	0	0	0	0	0	0	0	0	0	0	0
"POTEJ"	1.73860981257332	-0.557914375719818	-0.557914375719818	-0.557914375719818	-0.557914375719818	-0.557914375719818	-0.557914375719818	-0.557914375719818	-0.557914375719818	-0.557914375719818	-0.557914375719818	1.60879978538691	-0.557914375719818	1.51458182896882	1.83298108170877	-0.557914375719818
"PVALB"	0	0	0	0	0	0	0	0	0	0	0	0	0	0	0	0
"TFAP2B"	-0.613453098196664	-0.613453098196664	-0.613453098196664	-0.613453098196664	-0.613453098196664	-0.613453098196664	-0.613453098196664	-0.613453098196664	-0.613453098196664	0.618513751740744	-0.613453098196664	1.72660828708369	-0.613453098196664	1.62557018664011	0.68240964729065	2.09488220740811
