"CAF07_1"	"CAF07_2"	"CAF07_3"	"CAF07_4"	"CAF07_5"	"CAF07_6"	"CAF07_7"	"CAF07_8"	"CAF09_1"	"CAF09_2"	"CAF09_3"	"CAF09_4"	"CAF09_5"	"CAF09_6"	"CAF09_7"	"CAF09_8"
"MAGEB4"	0	0	0	0	0	0	0	0	0	0	0	0	0	0	0	0
"TRIP13"	5.31722095207947	4.99219623903794	3.66933211493184	3.85919722145974	4.76539591886003	4.6569054767467	3.63878661184229	3.04606641177665	5.85941139483902	5.89647557504316	5.07964169243964	5.2140035420881	5.30633221324083	5.25367527706372	4.99716895572209	5.06787378332378
"SCARB1"	4.70637949947693	5.12799321306252	5.28785117202363	4.71654918413039	4.48723817588945	4.41241889717367	4.65904582515947	5.28793643473519	4.74857578192581	4.79054764944438	4.72070619359144	4.77498908080492	4.80781284372066	4.70929030134127	4.86123285184457	4.97799094296627
"ZP4"	0	0	0	0	0	0	0	0	0	0	0	0	0	0	0	0
"BYSL"	2.06709096900744	2.43188073381887	1.94987420451675	1.62923793846966	1.31791351935591	1.18371097072372	1.6733190226964	2.19985350856292	2.31639244482963	2.277020084902	2.06267752686516	2.10647661162229	1.76856105178202	1.82855881422498	2.13241923823487	2.26062465661521
"LCTL"	0.0631385764498077	0.0461090582401933	0.0210651586164399	0.0320487094604914	0.062882885597753	0.0572531450303264	0.0388133835311714	0.0279396432045761	0.0250370708154479	0.0888432446798968	0.0487454201130056	0.0621779755190396	0.0727853865484703	0.0667986385787691	0.0516514407243169	0.0273506112590737
"CHI3L2"	0.145527613452726	0.0360690949686348	0.181121491438659	0.287629186313668	0.207518457707661	0.102502221980855	0.214425328010094	0.214197399985363	0.040762198943025	0.144083050580899	0.0314814061016554	0.0841718533035578	0.134535364556026	0.241195872732572	0.364347805687272	0.0971024756236098
"MRPL2"	2.74961060253348	4.04701589742457	3.70897327454553	2.54356614871393	3.0507682633419	3.12905711525666	2.62339683120571	4.35717780444842	2.70324266546889	2.66950819993285	2.77891918163468	2.71355220264231	2.59917958210349	2.85766585577711	2.76063620942468	3.1146818580285
"SLC39A12"	0	0	0.00708980598343127	0	0	0	0	0	0	0	0	0.00265767294289977	0.00288218770277533	0	0	0
"TEX37"	0	0	0	0	0	0	0	0	0	0	0	0	0	0	0	0
"OPN3"	0.380146996469452	0.0341736910001489	0.345045565231718	0.42269692255466	0.497252609607434	0.2647275820447	0.333530336297902	0	0.538262112214583	0.556501479105166	0.638781254676424	0.443890856152423	0.611486258004345	0.515236319241607	0.439061367625947	0.604112020032132
"ART3"	0.0262250531492389	0.0312229203420408	0	0.117350581104596	0.0407490202067326	0.0302811088822669	0.0282616303178049	0	0.0236244359110359	0	0.080240757815782	0.0247543284814408	0.104443576709141	0.0924964477686133	0	0
"RRAS2"	4.71227329167969	4.48116228112712	4.4905135801846	4.81469185282689	4.4066661348883	4.41015315961789	4.80271482012565	4.36694629851394	4.93664778897523	4.82618118847248	4.92054217048281	4.92507247110684	4.66800386016087	4.69330959356205	4.85529551923889	4.93535782594448
"PLET1"	0	0	0	0	0	0	0	0	0	0	0	0	0	0	0	0
"TOMM6"	0	0	0	0	0	0	0	0	0	0	0	0	0	0	0	0
"RASGRF1"	0.112102765493366	0.114502636542028	0.177514458854797	0.0749495763536905	0	0.0750386766475067	0.103921322617096	0.0813753697386692	0.208937662821067	0.296846183993105	0.14791982765507	0.14913286605568	0.206074773966168	0.260521681764684	0.0841860904298866	0.234726814392273
"OR4C6"	0	0	0	0	0	0	0	0	0	0	0	0	0	0	0	0
"OR2S2"	0.124550778511453	0	0	0.193057677025391	0.0981601155927306	0.0186806172553489	0.0684914919725189	0.0403019434517523	0.112571065935014	0.0629697729356696	0	0.0600944432224159	0.032898360498019	0.0290522561797228	0.113889532516048	0.0351247583935204
"SEC14L4"	0	0.017065655830946	0	0	0	0.0247520132429861	0.0154399035302736	0	0.0320291192356206	0.0282101700170266	0.0222666713248977	0.0533217701823998	0.0435214837527081	0.0384499073463704	0.0730488622139477	0.01565190054167
"PGM1"	2.36153074325655	2.8801149303526	2.38928694565796	2.2398669969747	2.1824964623523	2.2552220369527	2.11915689932027	2.71087178676699	2.07918509083678	2.10182883960659	2.14294399454439	2.18538312861012	2.52346668510848	2.46039447645157	2.22377974730282	2.4525875909422
"SIM1"	0	0	0	0	0	0	0	0	0	0	0	0	0	0	0	0
"SPANXB1"	0	0	0	0	0	0	0	0	0	0	0	0	0	0	0	0
"DDX10"	2.30382449744336	1.82215475170129	1.87970800199619	2.04556678045799	1.6942756809629	1.57979237062005	2.0516995783798	1.59824654680062	2.36453175415138	2.30726821115116	2.22181734315083	2.19973475725921	1.98261839137559	1.94642854506593	2.22553108610984	2.19741942619088
"RP13.147D17.3"	0	0	0	0	0	0	0	0	0	0	0	0	0	0	0	0
"XKR3"	0	0	0	0	0	0	0	0	0	0	0	0	0	0	0	0
"CHIC2"	4.0162730297538	3.636579622348	3.48234064790555	4.03476999881823	3.94148510377485	4.33310820745556	3.95795204549693	2.59077246624814	3.78099017492606	3.77295459641241	3.6455188163493	3.5813651188612	3.98539083336001	3.97609261252948	3.75929225720044	3.51441936824648
"ZBED6CL"	0	0	0	0	0	0	0	0	0	0	0	0	0	0	0	0
"MCHR1"	0.522701605813042	0.684867583291103	0.322092148213815	0.279689498291648	1.08123005365765	1.0714689909344	0.210341057395916	0.37774715412185	0.229805002436146	0.491495544971337	0.22035227012712	0.137327058377251	0.598816827242379	0.515853882241904	0.150827344993285	0.176573076671029
"RTN4IP1"	4.93801630213288	5.25048482773916	4.87724927879957	4.12639659549864	4.62062828505223	5.03633899116649	4.71231157179637	4.88204707082093	4.88821630334166	5.15809758623033	5.01185155605494	4.86351397749911	5.19354900126975	4.92890385293903	5.11661354454054	5.52503109683295
"TDO2"	0.0274211772531314	0.0645665154833281	0.0173404505213565	0.0471768985525921	0.0425978679862393	0.0472335218225216	0.0074443589439941	0	0.0963710098826852	0.0537746166775051	0.201094198015279	0.100860971723023	0.0691321787725927	0.0907632980956293	0.150401059106036	0.143910349004256
"HHIPL2"	0.0848538249581815	0.0866877556774723	0.14935400428643	0	0.13633952145617	0.137594483497193	0.153151693429939	0.148947799499225	0.0223012529831228	0.141130231398791	0.147869919316007	0.034912131703344	0.157196593102523	0.31277617763315	0.194293400561694	0.105268798525964
"FGG"	0	0	0	0	0.0359836545612816	0	0	0	0	0	0	0	0	0	0	0
"IFNA10"	0	0	0	0	0	0	0	0	0	0	0	0	0	0	0	0
"PXDNL"	0	0	0	0.0467425512266221	0.014205984285908	0.0157688314769033	0.00737488185255738	0	0	0.0202115315184312	0.0421317170465576	0	0.0139627581724482	0.0245375192964684	0.0282733486983448	0.0149143134878477
"IL16"	3.12546781476096	3.32667667367074	3.18575047203472	3.16217444674417	2.91290384333405	2.79220562614174	2.86200639104596	3.14072953819986	2.8053732061678	2.63191290640032	2.92082969165354	2.75490159671758	2.86044608341381	2.74566167811444	2.99206193067174	2.8736041119008
"GAPT"	0	0	0	0	0	0	0	0	0	0	0	0	0	0	0	0
"CLECL1"	0	0	0	0	0	0	0	0	0	0	0	0	0	0	0	0
"SASH3"	0.0231903465429053	0.013873767877661	0	0	0	0	0	0	0.0414788558470905	0	0	0	0	0	0	0
"ARHGAP25"	0.0122906457136539	0.0435005898530603	0.0307820535620886	0.01418494057263	0.123103210990965	0.0559885789467898	0	0.0154290662703369	0.0110665361473779	0.0121629903962481	0.0627557584039272	0.0115982326739742	0.0496544347691433	0.102113056196164	0.0191484846905408	0.0399269855082331
"ARHGAP15"	0.121784387176172	0.021489498351101	0.162130818083666	0.0311094031984672	0.0556135537752316	0	0.0762558235975564	0.0449202588359089	0	0.017852926147885	0.100203684422993	0.0170255255787183	0.0546746590608585	0.0718937772482998	0.0556133613871102	0.0959711119081203
"SP140"	0.0148487631039558	0.0609949797530203	0.108668231610515	0.0171349920630701	0	0.147517898779406	0.0859175961691543	0.168017414227922	0.194494865217277	0.0219862607418277	0.0607503499398481	0.0821059033381098	0.0376834091503133	0.0913268647980632	0.0383342564712461	0.0162265178200448
"TNFSF8"	0	0	0	0	0	0	0	0	0	0	0	0	0	0	0	0
"TIFAB"	0	0	0	0	0	0	0	0	0	0	0	0	0	0	0	0
"PTPRC"	0	0.825852207467885	0	0	0.0185911642573012	0.0409750695473534	0	0	0	0.11941279299547	0	0	0.0363181040435964	0	0	0
"CYTIP"	0.0724874096677492	0.206189451812409	0	0	0	0	0	0	0	0.0182747568429387	0	0	0	0	0.0192205167680521	0
"WDFY4"	0.052291056736836	0.0468621688983895	0.0655984931498245	0	0.0274572205426966	0	0.0284311078050546	0.049337141136493	0.047147488235535	0.126065235756345	0.0937372350545512	0.0493833331328189	0.0402968344477218	0.0355964066373689	0.0808517347856149	0.0288197070388244
"RCSD1"	0	0	0	0.0150383382708108	0	0	0	0.0485246169416183	0.0117330857307737	0	0	0.00616143647175898	0.026541362701239	0.0292315373023586	0.013563953482291	0.0283417644104504
"CD180"	0	0	0	0	0	0	0	0	0	0	0	0	0	0	0	0
"KLHL6"	0	0.0489780640744278	0	0	0	0	0	0	0	0	0	0	0	0	0.0108316273672465	0
"CD52"	0	0	0.0176793337117394	0.0162085077156049	0	0	0	0	0	0.0548121461597403	0	0	0	0	0	0
"BTK"	0	0.069921833236942	0	0	0	0	0	0	0	0	0	0	0	0	0	0
"PTPN7"	0	0.00790564363435253	0	0.00383307325058165	0	0.0114827385538255	0.00357960613355137	0	0	0	0	0	0	0	0	0.00362896078299568
"WAS"	0.0262642208673055	0.253046198373584	0.0573047996182526	0.0599565233106329	0.144307516428845	0.0819100588752349	0.0967253056707549	0.135041241297457	0.0469377423841586	0.0259927321212836	0.0340282351146989	0	0.0335079428429476	0.0295913016891577	0.0340875227424958	0.0706844649559622
"DOCK2"	0.42372567727091	0.307436324334966	0.212278671652694	0.234354919795116	0.455246033788955	0.467409117805672	0.247695443482455	0.117264831180665	0.766178015495727	0.843331366920912	0.515506414039129	0.545079948240138	0.790160620865019	0.776868985878228	0.531909804016472	0.42980247885815
"LILRA4"	0	0	0	0	0	0	0	0	0	0	0	0	0	0	0	0
"EVI2B"	0.106022081996323	0.0515515192634842	0	0	0	0	0	0	0	0.0845663709137467	0	0	0.129127833344682	0.039173674915927	0.06713692553021	0.0931512426701853
"IL7R"	2.38998284712025	1.39879013897068	0.845386465179872	1.11562777196847	1.5644496514331	1.56036109670143	1.2409249043703	0.47906235521116	3.57087264214206	3.58606198865254	2.5667651478644	2.55166063366879	3.39358912255445	3.42647046946625	2.40998357993349	2.27670338895869
"IL21R"	1.91295836496323	2.0399862534204	0.882324489359176	1.05790154378161	2.80076816958397	2.42880328084536	0.742880136591317	1.49672434585946	1.54951444853671	1.83203095619343	1.22928913280927	1.23067492011621	1.66364397327059	1.51184168942533	0.965032997697902	0.964257154697562
"ARHGAP30"	0.233845861096142	0.635317937304643	0.111892836528059	0.28888344505229	0.340820467405835	0.102978259635508	0.271445234928573	0.0568708443342102	0.194055741532734	0.269979011666566	0	0.0429021410687959	0	0	0.137409598290276	0.143964271448372
"SNX20"	0	0	0	0	0	0	0	0	0	0	0	0	0	0	0	0
"BIN2"	0	0.0314570748046015	0	0	0	0	0	0	0	0	0	0	0	0	0	0
"ITGAL"	0.572971802326437	1.11305551520432	0	0.883351530146794	0	0.645047478430055	0	0	0	0	0	0	0	0	0	0.616433521012301
"FGD2"	0	0	0	0	0	0	0	0	0	0	0.0109453807846938	0	0	0	0	0
"NCF1"	0.0339204136616033	0.0403644416555158	0.0426215027432347	0.0196842517688398	0.0439898815772935	0.0583345709672641	0.00922392871325021	0.162972401259863	0.0456076531169572	0	0.0177261108758271	0	0.017453570718698	0.0306441815756005	0.0177571699666167	0.0731628844291408
"CR1"	0	0.0616029043114597	0	0	0	0	0	0	0	0	0	0	0	0	0	0
"C11orf21"	0	0.0911966303782662	0.0164859402386856	0	0	0.0301073689508719	0	0	0.0117920911817883	0	0	0	0	0	0	0
"EBI3"	0.301353080144599	0.417248234195775	0.187365052867147	0.225817164182615	0.139905707510226	0.208528475371879	0.161779160987979	0.317119076450339	0.0621433791596561	0	0	0.0650744778525836	0.137609918822096	0.031487874907753	0	0.181002219098568
"CEACAM21"	0	0	0	0	0	0	0	0.0318505925595027	0	0	0	0	0	0	0	0
"CSF2RB"	0	0.184788771877384	0	0	0	0	0	0	0.00741957930542906	0	0	0	0.0084322116320667	0	0	0
"PIK3CG"	0	0.0779104556281167	0	0	0	0	0	0	0	0	0	0	0	0	0	0
"CD53"	0.015344337920137	0.173160089654933	0	0	0.0317689845191098	0.103239785717311	0	0	0	0	0	0	0	0	0	0
"AMICA1"	0	0	0	0	0	0	0	0	0	0	0	0	0	0	0	0
"CCR2"	0	0	0	0	0	0	0.153306592185171	0	0	0	0	0	0	0	0	0
"IL10RA"	0	0.047521417197779	0.0253039704876303	0	0.0415701810478469	0	0.0216790892702111	0	0	0	0	0.0377200929390755	0	0	0.0415700365433417	0.0436224674236849
"TIMD4"	0	0	0	0	0	0	0	0	0	0	0	0	0	0	0	0
"NCKAP1L"	0	0.0739576903295665	0	0	0.0202405068889734	0.0224620815949348	0	0	0	0	0	0	0.00998162884301552	0	0	0.0106628738319844
"SCIMP"	0	0.0169142657790243	0	0.0245033737589887	0.0147763679655114	0.0164016090171285	0.0304451011587119	0.0178173510088895	0	0	0	0	0.0217306761332365	0.0128159586745088	0.0294028238894914	0
"GPR183"	0	0	0	0	0	0	0.0131035970890641	0	0.0109441036032329	0.0239574970240026	0.0375637222883915	0.00574636931457384	0	0	0	0
"PTPN22"	0	0.0547299355827687	0	0	0	0	0.0373416714698807	0.0290936662769917	0.121060294818708	0.0897179421900931	0	0.0327202476875332	0.0237321512598616	0.0619584989222457	0.0241440537664043	0.0127274817053105
"CRTAM"	0	0	0	0	0	0	0	0	0	0	0	0	0	0	0	0
"EVI2A"	0.0192388805822707	0.0342387789799087	0	0.0221958632256569	0.0150444978464539	0.00558785753986622	0	0.00607215117455696	0.0301868516739836	0.0190395330378494	0	0	0	0.00871221748051098	0.0249876184121357	0.0365881872880782
"CFP"	0.257891423090719	0.85124669927211	0.41024477540804	0.448038217431423	0.504753188083155	0.264445415666111	0.554897966440417	0.774503375952056	0.435438454609444	0.660896582125822	0.320340190025594	0.244471447600472	0.564067860576422	0.393962664167494	0.493194436106331	0.307743381457443
"AGAP2"	0.330589517703248	0.211913159210284	0.669139350297494	0.182931453421983	0.397110202908237	0.546166494234576	0.275479067920948	0.658670857892591	0.18963175475913	0.291546076368297	0.246762021923467	0.225689696265369	0.417240703116091	0.225287176477169	0.423568199801082	0.328791186435694
"PLEK"	0.0395796302877946	0.776703485940055	0	0.254272029402714	0.158121087690448	0.17459295462175	0.34478275065714	0.0495676944132282	0.0704812368483695	0.150685438206147	0.0810864609651649	0.351097766162954	0.0404857328028985	0.0706619327512495	0.0411842930553177	0.16560773032689
"CLEC10A"	0	0	0	0	0	0	0	0	0	0	0	0	0	0	0	0
"LILRB1"	0	0	0	0	0	0	0	0	0	0	0	0	0	0	0	0
"SPN"	0	0.00296878460764429	0	0	0	0	0	0	0	0	0	0.0093729205491274	0	0	0.00517924507809674	0
"GIMAP7"	0	0	0	0	0	0	0	0	0	0	0	0	0	0	0	0
"CYTH4"	0	0.314846372539247	0.0540573584436244	0	0	0.0250493093265624	0	0	0	0	0	0	0	0	0	0
"FLI1"	2.92198730314509	2.40944016603812	2.93451730512712	3.23772969149561	2.95914008387394	3.0595927814244	3.14150246119674	2.29259372762642	2.56907398104116	2.73467484892272	2.97927240129468	2.92237612214323	3.00325702077317	2.84585558058297	2.31712038331568	2.93199015854914
"GPR65"	0.480355804591196	0.28893875034676	0.303721670490746	0.669462771770765	0.101097156453008	0.343382483424194	0.679434426293641	0.159405523901512	0.438917821466864	0.655307152233033	0.724342577930596	0.386217779241567	0.537862603874342	0.776560945870929	0.704076154366582	0.731733874918453
"MPEG1"	0	0.035117856663193	0	0	0	0	0	0	0	0.0291982504791738	0.0306498759287976	0	0.0301807001628005	0	0	0
"PIK3R5"	0	0.0902803769805996	0.0484047438808289	0	0	0	0	0	0	0	0	0	0	0	0	0
"TREML1"	0	0	0.0212469038457645	0	0	0	0.00912847318916957	0	0	0	0	0	0	0	0	0
"CD84"	0	0	0	0	0	0	0	0	0	0	0	0	0	0	0	0
"CD1B"	0	0	0	0	0	0	0	0	0	0	0	0	0	0	0	0
"FCRL6"	0	0	0	0	0	0	0	0	0	0	0	0	0	0	0	0
"LY86"	0	0	0	0	0	0	0	0	0	0	0	0	0	0	0	0
"TNFRSF9"	0	0.0251484704245891	0	0	0	0	0	0.0524968155197501	0	0	0	0	0	0	0	0
"SAMSN1"	0	0.0900468591846672	0	0	0.00735502985275503	0.0162866617273592	0	0	0	0.027765688358831	0	0	0	0	0	0.0457278753410188
"NCF4"	0	0.0973544453903359	0	0	0.0218140443931191	0	0	0	0	0	0	0	0	0	0	0
"GIMAP1"	0	0	0.0450815845700976	0	0.0520114926275584	0.0167082074903126	0	0.036074985903831	0	0	0	0.00683962233189397	0	0.025994574255212	0	0
"HLA.DOA"	0	0	0	0	0	0	0	0	0	0	0	0	0	0	0	0
"RNASE6"	0	0	0	0	0	0	0	0	0	0	0	0	0	0	0	0
"LCP2"	0	0.0833701979086369	0	0	0	0	0	0	0	0	0	0	0	0	0	0.013053684775586
"SELPLG"	0.59936945072074	1.07663626481181	1.25060694743237	0.839131735348278	0.223514192090744	0.141948986723916	0.834325799967203	1.74260294703448	0.986843966685446	0.957168832349762	1.29044276395111	1.34985971632535	0.881081001097399	0.906648231150778	1.343665359314	1.51277362391972
"P2RY13"	0	0.0728362641750121	0	0	0	0	0	0	0	0	0	0	0	0	0	0
"CCR8"	0	0	0	0	0	0	0	0	0	0	0	0	0	0	0	0
"CD4"	3.0612865515752	3.76336978189346	3.55680435115061	3.14442376572583	3.01254083677313	2.92540449575421	3.02556214286977	4.00352329305603	0.433673413944801	0.732015271520298	0.631849195927606	0.633548561692289	1.13488049842137	0.680526802863862	0.968027396496095	0.935692973446056
"DOK2"	0.0360315538031315	0	0	0	0	0	0	0	0	0	0	0	0	0.0325537076223828	0.0374942297338259	0
"TNFAIP8L2"	0	0	0	0	0	0	0	0	0	0.577582052856516	0.472813596980302	0.16007895317816	0	0	0	0.626635159503363
"PIK3R6"	0	0	0	0	0	0	0	0	0	0	0	0	0	0	0	0
"P2RY12"	0	0	0.0533470810046719	0.01650488139213	0.0296229541152278	0.0165249022689298	0.0154179370689892	0	0.0256435228317023	0	0	0	0.00733488724354263	0.0129124185668025	0.0296228507156717	0
"RGS1"	0.007837415241223	0.00934239026211687	0	0.0180386278490574	0	0	0.0168512659444176	0	0.0210645611585025	0.0307764765052487	0.0242968338812223	0.0147527636765233	0.0239241031401561	0.0141139595008595	0	0.00856654706564493
"GNGT2"	0.0370175904964313	0.100746136009146	0.0465004337322548	0.0214912350875831	0.0511346515950131	0.0215172595809018	0.0333100695478449	0.218241441977185	0.0443094847246024	0	0.0129318357291855	0.0521109143320736	0.0808219714959701	0.113817204968457	0.0448409058505829	0.0136008036939948
"RGS18"	0.0226235004479098	0.0135335810342262	0.0284552561040651	0.0260960060254915	0.167888150950771	0.0644525542208809	0	0.0835025536672181	0.218577426969908	0.23861799315146	0.0466336082624069	0.282392279864131	0.23620648348561	0.210244595119953	0.308707143451747	0.24054327610472
"LAPTM5"	0	0.187230924497408	0.0379099605602407	0	0.0313877343820528	0.0519170738887681	0	0	0	0	0.0157515521374273	0	0.00777544472705639	0	0	0.0165655494282115
"LCNL1"	0.462810319760271	0.711906091371404	0.235181322813973	0.314247165599825	0.455520860881833	0.478820580820116	0.267766272185264	0.217810449551212	0.0818248453741103	0.160443343400307	0.131541444577139	0.0787100249088453	0.15846813707334	0.184624927435197	0.161092354749916	0.161110242297075
"BHLHE22"	0	0	0	0	0	0	0	0	0	0	0	0	0	0	0	0
"SIGLEC14"	0	0.0406546029448416	0	0	0	0.0264074927109269	0	0	0	0	0	0	0	0	0	0
"S100Z"	0	0	0	0	0	0	0	0	0	0	0	0	0	0	0	0
"CETP"	0.0350966867681901	0.021031579563531	0.0440949249103341	0.345028473474043	0.238136252786852	0.118257173025206	0.0563545752134152	0.0439706050815524	0.0625733837091789	0.0686533122170831	0.106722470658752	0.202902665078903	0.15495561723306	0.0627342438771618	0.123975589173331	0.112059245264928
"TMEM71"	0	0.0773714342646349	0.232244555385446	0.0749841737601428	0	0.0380249243803243	0.200946082711096	0	0.0587683272707524	0.12621390513647	0.0342225786405366	0.120568901506154	0.0666294630229533	0.143019073439787	0.100495423302092	0.0710830673846781
"HLA.DQB2"	0	0	0	0	0	0	0	0	0	0	0	0	0	0	0	0
"TNFRSF8"	0.0393214928558745	0.0846282116953022	0.112706084933807	0.0303689676261745	0.0409159799937427	0.145998463609689	0.0562084111255054	0.081166113735458	0.0178278229503174	0.0389168429168487	0.0137438347471381	0.0613558136741821	0.0269387195553773	0.023783615371959	0.0675622922705623	0.00724540161591113
"LAMP3"	0	0	0	0	0	0	0	0	0	0	0	0	0	0	0	0
"CD101"	0.0131918770295642	0.0694266848515201	0.0166063745596716	0.0599565233106329	0.00688226605167684	0.0152428184659153	0.0283038099783433	0.194465711043926	0	0	0	0	0	0	0	0.049840364027745
"C3"	4.88364909579434	5.4407296632862	5.11056747502303	4.70858210207084	5.8780957479812	5.90976649006968	5.1664875802847	5.98242160897274	3.97037160694536	3.81958973116469	4.4055784507423	4.22249065024714	7.47520788154905	7.42637281463349	4.45691700829801	4.53500868198533
"PDE4DIP"	10.454837002683	10.3608146826207	10.0966211289136	10.3012364148757	10.0749588834269	9.93872029143239	10.4358243547069	10.6527886538437	10.6556006170756	10.644164988363	10.8044426953325	10.7748399244114	10.5120445193854	10.5571466103109	10.8352587924383	10.8304529305029
"CELA1"	0	0	0	0	0	0	0	0	0	0	0	0	0	0	0	0
"MAP10"	0.995043403051987	0.326323496735283	0.376311879876902	0.602992508573615	0.831547158626117	0.703866648871271	0.887539848172823	0.236706592471646	0.525897970709502	0.569093469395598	0.638806284359246	0.693504538762022	0.44670887672007	0.454026704881711	0.496012876424533	0.568111736163022
"AEBP1"	10.6479799973093	11.4647935643606	11.3600775928877	10.6181361097183	11.3678558327344	11.3769063405416	10.683027695627	11.7750040664365	10.9832028336159	11.055261709722	11.0499025196452	11.0398709911553	11.4561173775867	11.3813229448635	11.2171212650382	11.3600021020047
"MMP14"	12.7332887093786	13.0035959695798	13.5034608015825	12.9553340131897	13.0177341723409	13.0213122240912	12.9656690996822	13.3626625256266	12.5779315263369	12.5973558065347	12.6808615922683	12.7436267768354	13.0182605736648	12.9918255105607	12.8513209792717	12.5866033309351
"CDH11"	8.97286788986462	8.1272476089769	8.38099483167815	9.05662267632824	8.70476366383995	8.72382308861854	9.05048680903643	7.87410880464032	8.73397214773724	8.73677730160535	8.77044314549823	8.78867783336579	8.84038923571646	8.85287579622644	8.73658006934006	8.60216098539465
"OLFML2B"	2.18923572747235	2.23855167791012	2.91389687947904	2.62300359290517	1.8366371054834	2.12427289028729	2.89306331414259	2.88360592789543	1.424712330187	1.31443087083404	1.42182264602741	1.4952829955552	1.63649742346143	1.68573665095268	1.42527644850313	1.41399526900634
"BGN"	5.95265651257573	6.8334750901597	6.7651809492049	5.99136743116738	6.63414231914883	6.67264102728717	5.94244624054026	7.28947905890227	6.67537656055022	6.6588794430972	6.85218021728195	6.77593298216009	6.94988919541906	6.91221832105552	6.81805772463857	7.17650290757094
"COL6A1"	14.9662187382696	15.1601546234838	15.5169685188032	15.3603892678175	15.2249394939216	15.2506548594969	15.2664455324716	15.4137311040236	14.5730232073177	14.5891815871596	14.748537234683	14.7447682077754	14.9892521537097	14.9747632873598	14.875820587212	14.8801740661061
"FNDC1"	4.68755974463176	3.99499277025267	5.0670129650301	5.47066055332117	4.54232491786991	4.44233667220353	5.35343336274826	4.37977226163311	4.00924043403862	4.06296406782089	4.4281352961811	4.45271680062057	4.20412114536936	4.11970576750017	4.45994448207607	4.14312833097423
"WISP1"	0	0	0	0	0	0	0	0	0	0	0	0	0	0	0	0
"RUNX2"	4.70807266696726	2.96095063085678	2.86374549139526	4.14141459435255	4.41279873210412	4.30763051660885	4.33239127036772	1.79867074822689	4.48806952236695	4.54213816261086	3.96229496894256	3.75257293973887	4.16377381592592	4.19902778384233	3.8134755125532	3.28759967145172
"NTM"	1.72590918070607	1.38998350798207	1.2104372991328	1.44984890179011	1.93262841111763	1.61944160535097	1.55856916658983	1.21725474654015	2.62445226167068	2.58970416205309	2.14447244109264	2.37849832261793	2.91551588074368	2.98629897735745	2.0434893888376	1.99433678390849
"P3H1"	10.9233403198882	11.5602153822746	11.4107121052852	10.8038181826886	11.3309969969525	11.3307951201807	10.8544226863414	11.713234286801	11.0029817351357	11.0781222681611	10.9879405603491	10.9401789685828	11.0507626959253	11.0121987548658	11.0511234259964	11.2145281718672
"FAM26E"	0	0	0	0	0	0	0	0	0	0	0	0	0	0	0	0
"RCN3"	6.77890800981292	8.26112854462329	8.00935671838685	6.70186186885637	7.42599462692281	7.55852585093438	6.75838320324083	8.69844657223377	6.72104386849302	6.84560221281272	6.89209687607026	6.87797670321823	7.17103335441158	7.06466611067802	7.07252955854621	7.47930718092805
"GPC6"	5.33914225269907	4.44491889051504	4.96706027113189	5.61606493763773	5.38393947935646	5.25439056988768	5.59745398573255	4.62057436631681	4.48875764529239	4.32119783954807	4.51190356976878	4.39964178071802	4.36068674628318	4.35137860887947	4.46908188554332	4.3514490380121
"FBLN2"	11.2046013684001	11.0478297361787	11.5676055900355	11.3830423696401	11.8909609916119	11.9409068690848	11.2286228614625	10.9448535624868	9.86355312062298	9.88762552326277	9.76522477037256	9.85510484536239	10.4487759238019	10.3808838813724	9.91960063242104	9.77665279134536
"CCIN"	0.211561042865216	0.543459397324016	0.675517452127282	0.448695654942193	0.21963157958673	0.25781937366153	0.474376039402838	0.673972529257172	0.337987602080691	0.290749746920845	0.738387060264002	0.399772971508032	0.299675327248224	0.554137120372066	0.304403577547975	0.401288660703836
"AXL"	7.91386621282239	8.28746653876958	8.21117182607254	7.92734777118677	7.89386877907919	7.93183050724961	7.8064285420489	8.43972721503141	8.07809989566733	8.0521844907595	7.99875422094088	8.03042817953273	8.15000147985578	8.13116201942151	8.04302040185692	8.17612027439517
"OLFML3"	8.67634203211734	9.49892182873641	9.69817410117416	8.93031081286301	8.83241576088665	8.87186747128928	9.03033607389365	9.91049689651708	7.95232894660432	8.08599162244321	8.32519222293878	8.28861584563531	8.42854369324523	8.45975567803606	8.30297475521301	8.55681063283076
"FKBP10"	8.07750597953725	9.01020769672972	8.95652887126515	8.09763824029638	8.64078101576746	8.69669328603592	8.15501079938802	9.42282720108608	7.87187871229685	7.93247339840616	7.93731647658529	7.92936290115294	8.22891814304393	8.19963694567165	8.02388374648545	8.23283046430553
"EGFL6"	0.536682372613953	0.515971419351351	0.203454083272106	0.392050483901455	0.357833270491585	0.466875846973617	0.776321949491877	0.422008181460619	1.7217139650266	1.36492452415087	1.81927201850243	1.61110640107405	1.82212666462285	1.84356942679874	1.85267147934248	2.04275338331445
"NRK"	0.0572884482874283	0	0.140264714660063	0.228400485919692	0	0	0.0816759111758404	0.0481501569290593	0.0174270527859591	0	0.020105044730862	0.0182624145167604	0.0393243934497474	0.0174725582960243	0.0789270324603997	0
"SLC6A1"	0	0	0	0	0	0.0219557889544549	0	0	0	0	0	0	0	0	0	0
"SLC12A8"	2.8925816454694	3.12965284905566	2.90525673018471	2.55216942007209	2.68504851027106	2.53005892372541	2.64452354350021	2.75690776948125	2.66766747673497	2.76665789916065	2.56276174897543	2.61246626417228	2.37412043411176	2.50716062501881	2.53533192440409	2.76790305372638
"GPR85"	0.727456398609125	0.444604737218337	0.314623831624724	0.324725165205861	0.395156769254799	0.232623360185221	0.474911778357351	0.58163498711659	0.879581824180111	0.853547084604252	0.978049848574113	0.867767640136525	0.489835357256152	0.826822247424196	0.953452457583856	0.891238060524503
"TMCO3"	10.8633840989944	9.93697950292882	10.3150654808836	11.0747322057539	10.7426224941694	10.8307043088941	10.9969838692804	9.35609256883524	10.9965837758065	10.9507353564303	11.0524936905292	11.0984246657658	11.0916802920302	11.0938300330378	11.0827335628595	10.7262239351065
"SPANXN3"	0	0	0	0	0	0	0	0	0	0	0	0	0	0	0	0
"IL13RA2"	3.712398239961	3.56337577106999	1.91826649494618	1.84736137098926	4.1710252460905	4.24965915258254	1.94762085256762	1.81962754305733	4.26790005373199	4.24809199175905	3.00823352024617	3.01439580922716	4.85519736310129	4.96042128870331	3.07520243849819	3.41433561472812
"APLN"	1.67686437537515	1.65633054095169	0.245683480315258	0.294934542719785	2.44899715351919	2.62780678953218	0.368757783714934	0.387956004053418	1.05080106912405	0.779640507525701	0.298238076900586	0.0969192182889947	1.9824827292073	1.99269072909097	0.221746916145051	0.312174084211335
"DCUN1D1"	2.60457801455791	1.97166047767082	2.20351750191217	2.81332288035287	2.39237322325078	2.32013352538323	2.88610298135356	1.83094724427018	2.85500235437182	2.77865050422804	2.89610757165239	2.77998276363725	2.71102683736378	2.65191394579325	2.79347617562449	2.43022379385776
"BRMS1L"	3.3354325569547	2.25354164938418	2.93306071961506	3.43960528265496	2.28633759538942	2.43196008739835	3.39265614950697	2.29466641374027	3.17729647428139	3.19138311409691	3.34828627551869	3.07318830116573	2.9205694274208	3.04946733836068	3.18225470848582	2.82103061496676
"DTD2"	1.74715245523553	1.6316624087253	1.91590540644883	1.92977726298326	1.30636052431519	1.37798149710675	1.95406267151474	1.77739083199146	1.47621904116039	1.5788296691172	1.60271160643705	1.64050465653652	1.63606185493909	1.50829805839789	1.81755228501594	1.8191247561445
"HEATR5A"	3.47323125784141	2.47150960773961	2.77462401015256	3.69993245389806	3.25427532942719	3.29980307745051	3.77142867973667	2.51002797179107	3.60713601009759	3.5940015173311	3.56483483664031	3.69545815459513	3.49728266559206	3.33420307781959	3.68559788802183	3.74969697920199
"MED20"	1.82056525868148	1.49093042889271	1.79904257300236	1.91308892476345	1.52762067478562	1.48045394356581	1.93000616352776	1.24950645463535	1.9582053130614	1.83627544877654	1.95797991215877	1.86281656958255	1.77751247684557	1.79411004492495	1.95137779007085	1.76423786793238
"USP13"	1.80571578892923	1.23949658442146	0.801975196738404	1.57804644490209	1.36575399917773	1.38082426701168	1.39177385136517	0.974443653677786	2.03006548971523	2.10045057596946	1.84933559884024	1.83147318281338	1.61618095249572	1.6071049254337	1.80094306823628	1.58325879848545
"RBM48"	1.0902098384697	0.876507177106684	0.795325151455844	1.06199901121717	0.917025271163363	0.952429299348271	1.21849454612197	0.86476885130407	1.21156112674333	1.33284549626453	1.15027241982522	1.25961481145951	1.13156197929341	1.13129458654784	1.14306709908981	1.01146197377391
"URI1"	6.19683021896557	5.70511051878635	5.63600657895081	6.20340708237934	6.08917472227673	6.2272267332547	6.15031377384725	5.27937527772353	6.3141174521154	6.26858405279458	6.38353098659671	6.37257051403503	6.22750714673958	6.41923158588143	6.36089559058992	6.39321724649172
"PPP2R1B"	3.94446523832403	3.404572975264	3.51645959071808	3.93424306688435	3.77450849295087	3.94478953672909	3.98578845920607	3.3986003596567	4.25288441005995	4.19311515519929	4.06207270567994	4.100497503797	4.07311517711832	3.91036237276005	4.02613161185274	3.96112528699174
"USP32"	4.32101073426817	3.94655845189309	3.49352214728626	4.1245917229508	4.02903894491852	3.93471859013849	3.96415440561692	3.95759611541995	4.40706382966072	4.34312269052894	4.08990219744706	4.09705845070707	4.0863006612994	4.23438334193588	4.14439348372215	3.77160781301692
"PAK1"	2.91782162602325	2.89404321010519	2.87997398423305	2.84955693727129	2.82628403496256	2.87380783637699	2.83552210480747	2.67034500946281	2.70652721643014	2.70217168580433	2.66376495075492	2.68904204854852	2.64304639316964	2.57629684085368	2.69272288185066	2.56210196664883
"CDK4"	3.87749695132528	4.65374330965853	3.78907265734693	3.37372493796054	3.26125375369402	3.37734987514999	3.28372040146665	4.14862169572401	4.03223771864681	3.92007165232381	3.55003571275966	3.45941257610879	3.50332581058374	3.58492994077063	3.65639844359008	3.88327584872614
"TFDP1"	10.7655519555554	9.77353346505822	9.53557861693402	10.2714905007546	10.0580063443927	10.051419920685	10.3402601858616	8.83293217097412	10.8431330052435	10.848329385047	10.6063051078675	10.5975658280455	10.5863620067892	10.5957259914957	10.5071099322796	10.360420667208
"GPAT4"	2.43709741573229	2.29488246488084	2.22612928535683	2.32065942805308	2.145238906053	2.27374924045516	2.35003907710857	1.98928136542379	2.68204301131268	2.57080967434371	2.54544229666492	2.50339037079122	2.58181685482326	2.53336727804831	2.52779106303755	2.46009305861028
"ERGIC2"	3.4725579152666	2.92115914424948	2.99623084516153	3.3987163637046	3.33339954183655	3.369986144759	3.37697111482806	2.56966716714367	3.78253005790246	3.63798278775609	3.64084216577585	3.61140150690972	3.51438510262266	3.51380118433704	3.56984898138382	3.51901468887976
"AP3M2"	1.82202254786057	1.73717534401817	1.39034517950892	1.54391695133896	1.58934229839323	1.56620609141503	1.65221365628405	1.33523737323702	1.86102328586704	1.98119359492975	1.7831967148306	1.67694335539945	1.89639136686102	1.8913548995728	1.60780925875709	1.54282340062766
"VRK2"	3.73958008214911	2.82527668577111	2.89393463378451	3.7396636600568	3.19864234036422	3.08862598277322	3.71363939353988	2.24543830796421	4.03682617377123	4.14777462689377	3.94503829564313	3.89698020714138	3.77989375935602	3.71823192729214	3.96904773602617	3.92561034856451
"CUL4A"	10.2182495698952	8.81084874517912	9.22462621073543	10.2808529398019	10.0003846253843	9.91127167704373	10.2498158175688	8.50627870304881	10.6810864491868	10.6926560091223	10.6454351028014	10.5121616864709	10.4097554431181	10.4797309292569	10.5103109924707	10.1982886449788
"ATG5"	3.62036960496199	3.39254853568165	3.36729388475426	3.52779748787752	3.43674860188117	3.20888584521994	3.6608165996668	3.43922880401707	3.74760295434389	3.77252597644125	3.77381950738464	3.75210298851092	3.60373637102291	3.68520563879774	3.71308979900215	3.73569427836924
"UTP18"	3.61181763117881	3.25894837845298	2.81844627469625	3.02471242203299	2.93887409391389	3.16240216372008	3.09551006038634	2.98422241979082	3.6418077261898	3.67115365003937	3.35263605441882	3.39373869535547	3.38318347840795	3.26177095011763	3.36249146751964	3.28444013194752
"TSPAN31"	3.17423781267471	3.32505380284173	3.34047101042637	3.38558487463137	3.29845561484457	3.25784761336506	3.27748656152431	3.5022497076233	3.02571048402611	2.96465127646277	3.22378383216952	3.27469166206782	3.42491309847358	3.42141979137284	3.39428028827928	3.2302702573164
"ZNF675"	0.416091444562037	0.202207085971801	0.217813794039501	0.534067812504364	0.59981149953118	0.584585027757697	0.358730986767833	0.0887060358541553	0.579087205331081	0.566207754190972	0.570569377527878	0.55593570843253	0.495528768805094	0.50711535048426	0.406069721788783	0.474709579760296
"YEATS4"	2.67001196171637	2.59372226920672	2.60696240494741	2.59970029860549	2.11343892208858	2.44209667050481	2.60196401198779	2.70854337085842	3.14871411926476	3.06419029039222	2.96509416871974	2.9524666480246	2.89656590862132	2.45152168477828	2.79523394954685	2.93800478321108
"MTERF1"	3.96167898416036	3.30044662021884	3.23161784440818	3.75148967640871	3.87313201677089	3.74218800542868	3.71687524071203	2.48763555255556	3.63916085768244	3.7153503172948	3.7052621368026	3.8614046982503	3.63307776069065	3.55437165230089	3.59906839003175	3.67121630541366
"PFKM"	6.95551378944993	7.07713923857127	7.13916997964424	6.89001311349898	6.95098136660129	6.94416089682214	6.90025172964661	6.85331433224343	6.99216251727965	7.00956332993927	6.8192603220314	6.82782389689997	7.01301906171633	6.94538646858012	6.98285996738486	6.90683672897147
"PCID2"	3.22679106732657	3.08884267301736	3.19266679437727	3.309877083722	3.51424925905348	3.49681740448271	3.30125455384884	2.84401702341098	3.444139495824	3.46398951722136	3.36041331660476	3.39191462940304	3.37528443242247	3.41867702018614	3.51767917682955	3.32797031336807
"PCTP"	2.75281737320594	2.74459251582811	2.07339846895908	1.97384620164797	2.66318860926189	2.59323400273943	1.95682636425965	1.91671459667451	2.2487302182556	2.15988008482278	2.12554424274065	2.10670508087329	2.41441419968136	2.4046975993656	2.18609148951541	2.18221631823831
"MED29"	3.28589194256585	3.30350998329639	3.59473055490997	3.21094899943391	3.11201896909078	3.18156283622386	3.25910579678946	3.47476844553642	3.29755742074001	3.30483690352304	3.35263922065847	3.39477729826192	3.4596028297266	3.35359087552802	3.41944876122403	3.45119999444716
"MCCC1"	1.79192406367823	1.73821572902096	1.95947660899109	1.9068699570997	1.5574637366921	1.64408669346414	1.82886267729312	1.72298300003173	1.93484557159307	2.02224294259163	1.88739970958285	1.81735210303545	1.53557129122377	1.74573378397802	1.842460243287	2.02463849569958
"KCTD21"	2.95766290705262	3.20430965965327	3.51831111045172	3.30760871967096	3.32220270931516	3.21983282052923	3.30023874363636	3.29716021380758	3.13228410519969	3.05786486093924	3.2923667738035	3.18134448654792	3.23468550535415	3.00175997008042	3.342520301212	3.38813855858597
"WNT3"	0.336060567272837	0.500915231038338	0.49249923178643	0.487452708911754	0.484536227219319	0.614264649825707	0.585416002691484	0.31137921221972	0.456574812067993	0.469221218593466	0.56273831923792	0.570869309785391	0.514399223474282	0.476605279860905	0.608976799139924	0.516187193282876
"KATNBL1"	4.5442076308103	3.71102067071061	3.65108790528013	4.28609968211064	5.02202851353916	5.02850966357278	4.44601677185888	2.94997493530902	4.59025750873969	4.41464343948524	4.58341996505058	4.49148719069008	4.44106451813238	4.57022328060444	4.32575659586182	4.33985939125962
"METTL1"	0.889589819990908	1.5017471660376	0.997101609874794	0.76547873908663	0.56504047601854	0.609368178378796	0.636239055408819	1.18942695887667	0.902273744429976	0.991181239138094	0.85516103202008	0.891319711386415	0.640932882009529	0.619347110701379	0.846404667061752	0.957508463737882
"POLB"	2.26674017744312	2.32656774521387	2.35401918733539	1.88358380689726	2.21332368652087	2.32789568429169	2.02875404040368	2.0282055127082	2.58221257324417	2.49629391255017	2.18439866773928	2.43018897812192	2.38128275591034	2.43874602105294	2.27769372029465	2.26895236031119
"LAMP1"	9.9811291097778	9.89498599458129	10.329428279002	10.2498919288864	9.84731555652747	9.92096071452397	10.2692350972093	10.1214936631774	9.88916592864352	9.87500091104636	10.0681723104663	10.075103779385	10.1001905612882	10.0893276010794	10.1308364470588	9.95675107230726
"RCL1"	1.89497319219169	1.820565025304	1.35004439536925	1.42677515053032	0.81247491156394	1.50105154378059	1.4314466914314	1.5163882338061	1.98802019108224	1.90538151860926	1.73237021085699	1.57372470641976	1.39470502157282	1.45388783692519	1.73414708290664	1.90253923150114
"FDX1"	1.52669886087765	1.43454255045077	1.41843474485009	1.32849076957854	1.2609821794614	1.33419565237795	1.43761045131681	1.42060384044635	1.54924506693555	1.54683938238039	1.68811018043825	1.6562058205682	1.35831676567565	1.45184592109329	1.53979343364397	1.81107445507584
"OS9"	6.67847223983962	7.51829408986801	7.69412122400471	6.96885563864807	6.64440952364315	6.73023227103184	6.9316481923462	8.01814678800886	6.5296135720743	6.59127210872631	6.77275205021042	6.72208881681631	6.89383710206728	6.80466916004168	6.89902778537224	7.09161485251747
"GLUD2"	0.19569610794964	0.105413756281391	0.126375559465588	0.14386492735262	0.0666280744686604	0.130258864980641	0.0823633494812016	0.032554366808273	0.218396776468147	0.135975997903675	0.283377407468237	0.249089144097676	0.245874934009079	0.0804588341120554	0.130313979416591	0.149515798620451
"CREB3"	9.74698892860594	10.9371019850024	10.7303986339951	9.67439493370926	9.32208039102387	9.35738495946308	9.60066881396043	11.3811814013618	10.0166303593596	10.1720650475395	10.1350824996057	10.2634465288088	10.0915305431118	9.99890263769158	10.2303167639474	10.6198418598457
"CXCL9"	0	0	0.0335931496283778	0.0308124437048639	0	0.0155072746791943	0.0287926184198347	0	0	0.0524080614744588	0	0.0126651060801933	0.0408071008006466	0.0121163196418207	0.0139701759915348	0
"CXCL10"	2.66133723283402	2.95322122040578	2.21247694281025	2.21433339205061	1.40110192158375	1.48156456748686	3.18398278106864	2.92515833022918	0.506813888985249	0.573857448123554	0.782459619575624	0.614558686223275	1.71255811916972	1.65496146797763	0.828168552970821	0.649030709184185
"C1QB"	0	0	0	0	0	0	0	0	0	0	0	0	0	0	0	0
"SLAMF8"	0	0.0176843991093035	0	0	0	0	0	0	0	0	0	0	0	0	0	0
"ADAMDEC1"	1.69086326499544	0.99470761647298	1.49942748936883	2.07889101937267	2.03662761068688	2.16257213516923	2.07518943849319	1.62854549563922	0.254980927193098	0.145713094276216	0.039706010773988	0.566847346010399	0.631760106532763	0.368200366119441	0.560920446367989	0.612006896795988
"LILRB4"	0	0	0	0	0	0	0	0	0	0	0	0	0	0	0	0
"TBX21"	0	0.0430025785187217	0	0	0	0.0417105495844489	0	0	0	0	0	0	0	0	0	0.0394693288145292
"C1QA"	0	0	0	0	0	0	0	0	0	0	0	0	0	0	0	0
"C1QC"	0	0	0	0	0	0	0	0	0	0	0	0	0	0	0	0
"SLAMF7"	0	1.93122500291972	0	0	0	0	0	0	0	0	0	0	0	0	0	0
"CCR5"	0	0	0	0	0	0	1.36155312219764	0	0	0.782532585683093	0	0	0	0	0	0
"IFI30"	0.0110146829874427	0.0770280003699935	0.0812782249351621	0.0253153185929869	0.0453267696886399	0.0127286270496445	0.0236528938529808	0.0275263916967876	0.0197667310287416	0.0431153266875618	0.0673508366283829	0.0207134418041307	0.0224514579437838	0.00994318226699643	0.0341277655924841	0
"FCGR1A"	0	0.0474631611693318	0	0	0	0	0	0	0.0240736002592179	0	0	0	0	0	0	0
"FCGR3A"	0	0.0385291135622696	0	0	0	0.0373697572108073	0	0	0	0	0	0	0	0	0	0
"SIGLEC10"	0.0220435658356245	0.0366201692113454	0	0.0203779981909061	0.0138095357024722	0.0102374087736408	0	0	0.00797472278324851	0	0	0.00418520391171339	0.027019622996946	0.00799561478096719	0	0.00484893889409111
"CLEC6A"	0	0	0	0	0	0	0	0	0	0	0	0	0	0	0	0
"IL12RB1"	0.0365558738933177	0.153445375051222	0.202804760215953	0.135915862917119	0	0.0282609646356359	0.077721044264721	0.255201161333489	0.107003285605005	0.128443675802979	0.169236386716021	0.215871597178175	0.0976400162198501	0.226287028631052	0.310874350848302	0.177512276231139
"TNFSF13B"	2.73944415675403	2.1384369982925	2.81085154886647	3.10460078912517	2.39633208121639	2.8228551296189	3.41377350856094	2.70890282195247	1.91507347526439	1.91361545265691	2.25035532602078	2.10594244842464	2.41570072772406	2.63234627310026	2.38824564656019	2.31736366793245
"LILRB2"	0	0.00997914328551714	0	0	0	0	0	0	0	0	0	0	0	0	0	0
"TFEC"	0	0.0495567462531491	0	0	0	0	0	0	0	0.0412378484375903	0	0	0	0	0	0
"TLR8"	0	0.0476970465703211	0	0	0	0	0	0	0	0	0	0	0	0	0	0
"HLA.DRA"	0	0	0	0	0	0	0	0	0	0	0	0	0	0	0	0
"HLA.DQA1"	0	0	0	0	0	0	0	0	0	0	0	0	0	0	0	0
"FPR3"	0	0	0.0301282312760271	0	0	0	0	0	0	0	0	0	0	0	0	0
"ABI3"	0.103471146404969	0.340321568639645	0.189752299967891	0	0.195536609283263	0.202209362932301	0.0567127304491809	0.159376756052944	0.138004349923941	0.0521235195173392	0.0546934934639435	0	0.105787342953426	0.170959579527268	0.0276541193390296	0.0991357484659559
"CD300LF"	0	0.0984400744740096	0	0	0	0	0	0	0	0	0	0	0	0	0	0
"IL2RA"	0	0	0	0.012964767996493	0	0	0.047841716924454	0	0	0	0	0	0	0	0	0
"FCGR1B"	0	0	0	0	0	0	0	0	0	0	0	0	0	0	0	0
"HCST"	0	0.022188587972352	0	0	0	0.0427183076452382	0	0.0690069947206878	0.0497536944494703	0.0184344664190147	0.038452867774862	0.0521109143320736	0.0378658063443195	0.0334456691033345	0.0193884362676483	0.0203534234180809
"FCER1G"	0.165450759543622	0.465119066377	0.46767173374782	0.0497483349001906	0.0668714668119231	0.144544305164495	0.278519537451031	0.581412875361395	0.0953905311384266	0.239243417529251	0.0667562329659772	0.0804141645387766	0.0657468034258593	0.167822198768511	0.396471063124949	0.413742923849409
"CYBB"	0	0.0471740106291139	0	0	0	0	0	0	0	0	0	0	0	0	0	0
"HLA.DRB1"	0	0	0	0	0	0	0	0	0	0	0	0	0	0	0	0
"HK3"	0	0	0.112223490332196	0	0	0	0	0	0	0	0	0	0	0	0	0
"HLA.DPA1"	0	0	0	0	0	0	0	0	0	0	0	0	0	0	0	0
"HLA.DQB1"	0	0	0	0	0	0	0	0	0	0	0	0	0	0	0	0
"IGSF6"	0.113289799469115	0.205522489417454	0.252426397574646	0.147726935458668	0.101517739653419	0.249651435745403	0.0880430953376002	0.526056916166674	0.102355138162579	0.12748606401701	0.0849407599218588	0.0773125948314225	0	0.0448742890713628	0.0346389389493409	0.106422525328226
"HAVCR2"	0.133225489749477	0.157535609946576	0.165979777369167	0.152802477729227	0.324009340752606	0.58821412816818	0.0733607424942798	0.0851382166420917	0.0614794725292301	0.0341220013762988	0.323497509517972	0.241891151019178	0.168303415005372	0	0.202990868153478	0.145051277474836
"LAIR1"	0	0.0137803338964018	0	0	0	0	0	0	0	0	0	0	0	0	0	0
"HLA.DPB1"	0	0	0	0	0	0	0	0	0	0	0	0	0	0	0	0
"IL27"	0	0	0	0	0	0	0	0	0	0	0	0	0	0	0	0
"SIGLEC1"	0.0258682146077719	0.0307987998385313	0.0485195486590617	0.07345827521906	0.129851998771639	0.0150121263066509	0.041616585305503	0.079759711834708	0	0	0	0	0	0	0	0
"ITGB2"	0.324009035396041	1.191030832801	0.518794611743962	0.244957155028243	0.192821136927988	0.338784357602031	0.42826077969244	0.732627186626673	0.342366291609419	0.446193349136994	0.538065425093039	0.473773253477255	0.621733608294862	0.695729341288821	0.280355568270455	0.982628957443158
"CD74"	1.28669253715184	2.47207879493902	2.30841257006683	1.59742553843589	1.86017058385503	2.08821451667962	1.74170270508371	3.06297059969725	0.920241540539546	1.1050435454569	1.21281091748708	1.30753526824126	1.58022001384453	1.38817890393184	1.55367920481148	1.55525362053704
"CLEC4E"	0	0.0358379652270842	0	0	0	0	0	0	0	0	0	0	0	0	0	0
"HLA.DRB5"	0	0	0	0	0	0	0	0	0	0	0	0	0	0	0	0
"CCL8"	2.51021057028314	2.00133398712839	1.53828554085331	1.60217924865568	1.24889970271296	1.26172835821899	2.01019363004906	1.06484685695751	1.19662494295015	1.38266696721194	1.50193910657546	1.4002546157281	1.31136750662038	1.38603650268206	1.33388793145428	1.40714018568269
"CD80"	0	0	0.0150912081414248	0	0.0124778282093542	0	0	0	0	0	0.0248052174662978	0.0113115851349708	0	0	0	0
"MS4A6A"	0	0.0158711166246749	0	0	0	0	0	0	0	0	0	0	0	0	0	0
"CMKLR1"	2.33147783740704	2.46985127098957	1.64223156578364	1.43169045940698	2.35495879172589	2.247965714925	1.42346195440749	1.89313973524905	2.3259523238708	2.2430168450439	1.97859975848469	1.99774222920404	2.40991358473718	2.35974437823216	2.15813158087122	2.31706172972621
"SPI1"	0	0.307257868291529	0.044537998432459	0	0.0728601219939573	0	0.0381940228710232	0.0874984212225933	0.063198103608005	0	0.0548920030740212	0	0.0362632079220091	0.032028074322173	0	0
"CD86"	0	0.582095950047022	0	0.163912569512086	0	0	0	0	0	0	0	0	0	0	0	0
"PILRA"	0.0825486929770634	0.074058152278813	0.531370343325341	0.51101065113543	0.24357989866045	0.11784573688568	0.251585869886756	0.687541504663694	0.0745048282525712	0.101436335898871	0.333542246414529	0.11547849017797	0.221195223359339	0.293770510563344	0.166866379562606	0.195169740446039
"AIF1"	0	0	0	0	0	0.0263689668440094	0	0	0	0	0	0	0	0.0206198183145874	0	0
"CLEC12A"	0.0276041124916291	0.127181457070239	0.134073205128815	0.016004147157831	0	0	0.0297466843722544	0	0.0493144334959302	0.0934351785120461	0.111442552821721	0	0.0282387354172901	0.188347418134513	0.0428804080805196	0
"SIGLEC8"	0	0	0	0	0	0	0	0	0	0	0	0	0	0	0	0
"DNAJC5B"	0.0276910469285685	0.0651937938607183	0	0	0.0192762333373317	0	0.0199619515801444	0	0.0166787077276916	0.0274049489464344	0.0192424675197802	0.0347476083560236	0.0189467660102006	0.0817379533324495	0.0382981707013072	0.0598747262954578
"HCK"	0.00873035929265937	0.0663359970211828	0	0	0	0.0100900919087637	0	0.0109631095188764	0	0	0	0	0	0	0	0
"HLA.DQA2"	0	0	0	0	0	0	0	0	0	0	0	0	0	0	0	0
"LST1"	0	0.0055284852199452	0.0573779247065503	0.0370656971582993	0.0707663879635932	0.0681766819864425	0.00998255206914284	0.0683929196247173	0.0207501958937138	0.00916269456526844	0	0.0303501801488213	0.00947321258647368	0.0534795305029674	0.0287243238671862	0.0101198797817533
"SIRPD"	0	0	0	0	0	0	0	0	0	0	0	0	0	0	0	0
"ADORA3"	0	0	0	0	0	0	0	0	0	0	0	0.143144679377445	0	0	0	0
"SIGLEC12"	0	0	0	0	0	0	0	0	0	0	0	0	0	0	0	0
"SLC2A5"	0.802767154449712	1.09505397470159	0.416426728527177	0.264727496138252	1.94418921293488	2.04514746028946	0.38512323097667	0.491212676172557	0.230646325706872	0.242306017809098	0.144703975933159	0.112418205173934	0.938250288777215	0.900513847904258	0.169488609101841	0.184724318765702
"LAIR2"	0	0	0	0	0	0	0	0	0	0	0	0	0	0	0	0
"CCL1"	0	0	0	0	0	0	0	0	0	0	0	0.00699313604723468	0	0	0	0
"IFNL1"	0	0	0	0	0	0	0	0	0	0	0	0	0	0	0	0
"AF165138.7"	0	0	0	0	0	0	0	0	0	0	0	0	0	0	0	0
"CYP27B1"	0.11445195656277	0.163951385992201	0.0165846287409837	0.145281136097256	0.0673017105755804	0.0745570872316551	0.129593009176107	0.172253264110628	0.179007781608332	0.172606417934425	0.0867461537501565	0.14255485697878	0.110746964636513	0.0585122134521154	0.118969761647566	0.13789349649529
"EMCN"	0	0	0.0239181252905306	0	0	0.0435882836954197	0	0	0	0	0.0392371527480125	0	0.0194484861038034	0	0.0393053929155364	0
"LDB2"	2.74683614099371	1.93324718032851	2.0238720468869	2.63665477680235	3.36809701819046	3.60095899057782	2.72205070812201	1.69061455774373	3.09245500952331	2.81612957275848	3.22052748273364	3.06298919932079	2.78997762635936	2.83756740636167	3.12444440788831	3.06791371013302
"CD34"	2.65238619049845	4.18310872281863	3.80288183666062	3.64771176527971	3.62232397424033	2.96211580272622	3.05058519105308	3.24640866889451	2.38674135063509	2.34177779756455	2.31280107254366	2.11281332291542	2.80959893569257	2.98028064614922	3.05992952334017	2.2790535812396
"S1PR1"	2.67656061472458	1.91381626870413	3.01739158349352	3.69754247611278	2.52940671453556	2.36050250836088	3.73216083767132	2.02155001980032	1.73119548319843	1.71690548611435	2.3816498460994	2.47243540996358	2.01315499281412	1.99532203049967	2.44533495064042	2.5346068207173
"ARHGEF15"	0.0185342660509464	0	0	0	0	0	0	0	0	0	0	0.0174922354738384	0	0	0	0
"CXorf36"	0	0	0	0	0	0	0	0	0	0	0	0	0	0	0	0
"ADGRL4"	0.989709813575817	0.625390236983635	0.799641427302623	1.14022162649637	0.597568726111594	0.524471437594622	0.829342017564338	0.51483878226348	1.85219705340541	1.90261922955628	1.88721852851535	2.0523397389078	1.68316559874983	1.90850897473499	2.16782448671225	1.819099676858
"SEMA3G"	0	0.0784937538786412	0.0169492580070591	0	0.0552637979895138	0.0155576991653125	0.0145151992106266	0.114349022167875	0.0241470564203679	0	0.0139910801406752	0.0253017260081976	0.0137756924743179	0.0361642778443125	0.0140156265882874	0.0147145642482568
"TEK"	10.3141595748536	8.8185823011356	9.09450128918858	10.2778968860818	10.0136115230467	9.83433602594601	10.1924914227929	8.11046466595376	10.3242760153051	10.2471991165716	10.09440037462	10.1676462670453	10.3713404032624	10.401987709641	10.0965363421562	9.75683743939634
"CNRIP1"	6.10678707894486	6.1653833680478	6.02395649933386	5.87801155766768	5.75428191827307	5.79710563667329	5.82697138842858	5.93352199299952	6.33807722298152	6.39612075589172	6.20881064290608	6.13754366316905	6.13397076939493	6.15979720928351	6.05732618361111	6.25190494933068
"ECSCR"	0	0	0	0	0	0.0303489026096147	0	0	0	0	0	0	0	0	0	0
"MYCT1"	0	0	0	0.0414267488835905	0.0738522143014324	0	0	0	0	0	0	0	0	0	0	0
"CAV1"	8.07189253814015	7.51646776073207	7.8558482458597	8.33326186730396	7.36671383840759	7.40156964423959	8.16012301118	7.52567263694706	8.75186933546719	8.73502294588622	8.84258917758279	8.84385351935037	8.4373535201996	8.49373433086048	8.71056628830171	8.60968408832477
"AQP1"	0.34668454316939	1.14722012693861	0.513931167697015	0.349923993813454	1.03058302943611	0.867489352076989	0.579499607977636	0.512692987108499	0.831285965773083	0.75600222766341	0.843172824235892	0.769554648890998	0.588582370633533	1.103663321291	0.710448560391868	0.51289427036071
"DLC1"	10.2900313190394	9.5591050404586	9.23125975030119	9.87834752287376	10.7217432619433	10.6887425299904	9.82450195726964	9.25828292299563	10.4619434111587	10.4244023937143	10.0607051535457	9.98259358007916	10.3764107716975	10.3673792581534	9.92025021810437	9.69535321735923
"ABCA6"	1.44744536677464	1.08167114242151	0.846104892935917	1.42772680852323	1.33556194098155	1.13038705342558	1.12444963830575	0.733612961811273	1.86173387150579	1.87251513418338	1.39543356020376	1.26642123115891	1.83867684739588	1.99508852389246	1.22975841387384	0.996143492013228
"LHFP"	0	0	0	0	0	0	0	0	0	0	0	0	0	0	0	0
"SLIT2"	4.38528595054191	3.2087328524106	2.39177543978905	3.48206212528701	3.30344450508085	3.24507268466905	3.42046078195298	2.28535972760393	5.15213438829396	5.02181361658976	4.60742785966521	4.6140085482177	4.5146847556259	4.43062561495656	4.61045379271884	4.16164080961533
"GIMAP8"	0	0	0	0	0	0	0	0	0	0	0	0	0	0	0.0426473349284207	0
"CLDN5"	0.0187067798761434	0.139042305427022	0.0919286049075656	0.0428470587845122	0.0948288443382378	0.312028645412814	0.0400492240140191	0.156797709716336	0.0823357678466995	0.0902766254625673	0.0669133758575252	0.0693599759351892	0.111196724490479	0.114285836943555	0	0.0405944002431463
"PALMD"	0.46143688485249	0.441512797728755	0.903187026459797	0.978734332229165	0.305845649371348	0.206984503887205	0.829419231284313	0.662351083459835	0.23157688351538	0.330507992724729	0.515868216223825	0.488304912365721	0.19325918348438	0.187078565324763	0.502556154461102	0.56693181893854
"CD93"	0	0.0613775271874247	0	0	0	0	0	0	0	0	0	0	0	0	0	0
"CCDC80"	13.8453528681291	13.7734720480713	14.3224063715969	14.2433692644335	14.2395167584807	14.2870412599016	14.2097265989478	14.4979750368019	13.487441924806	13.5250519616154	13.585455119559	13.5897847120729	13.5975342421283	13.5577646183723	13.638359946646	13.6972099931135
"PCOLCE2"	1.04505228267848	0.965740090627548	0.864900343446463	0.629131614251928	1.17272770346448	1.26744263106454	0.680999092712709	0.707931240508615	2.31070533863629	2.32967143672197	2.00554865241629	2.12168862573749	1.97721460129983	1.89669189454056	2.14949356637012	2.12443278125594
"A2M"	7.64651256144079	7.1779963575302	7.85590639720405	8.27941127368793	7.04723584844358	6.96117808420763	8.32601542295526	7.86043467063705	6.38571547858418	6.38774425791671	6.98560012739969	6.89621422087481	6.64904830193121	6.65383725479326	6.9032100839068	6.76380016386287
"ENPP2"	0.125832682949035	0.113061662252933	0.0805640600294881	0.178321118083193	0.0338231500713049	0.178525745565925	0.0692102360685077	0.156440603449504	0.219154221357125	0.16865072546372	0.17662614707654	0.147277868212759	0.159069113454669	0.167822198768511	0.307094110096106	0.231889660255611
"ANGPTL5"	0	0	0.034758808656517	0	0	0	0.0589839921797393	0	0.0493913855997669	0	0	0.0517317459382379	0.0560224162231249	0	0.0846533113859738	0.059781629200875
"KLHL4"	0.428878472422158	0.102188621051235	0.183633026192922	0.169134725122027	0.0454957296681425	0.0254410689850108	0.114984388344362	0	0.133477381038984	0.314533544983339	0.291448812724263	0.139614223313362	0.171137902012332	0.096829671316517	0.121815759876344	0.17141560953707
"SYNE3"	3.93633623523612	2.82679835906937	3.14743169895572	4.04023406475794	3.80728336466037	3.69218459673349	3.94761056655584	2.29626201779256	3.96186213686616	4.05482497873274	3.98177155908213	4.00994746449527	3.94075662355491	3.96152744240809	3.94390991487628	3.39732785278257
"SRPX"	4.31182176532965	4.47388747013449	4.15196820588517	4.10319991544571	4.59918802370428	4.72698341417738	4.17441020372809	3.92660908437188	3.9480894746613	4.1154113681717	3.93806818742698	3.85543945998602	4.40394442800149	4.35137860887947	3.93754187886351	4.20708750792173
"CD248"	9.98816284239986	11.405858939811	10.7320061432298	9.49349815697203	10.1286183696115	10.3129274293681	9.37421182894828	11.2888090560876	9.60275433418979	9.70956056665833	9.45531541838819	9.4179027447981	9.81842353651818	9.75253991986501	9.62387255204015	9.9854596995153
"ACSM5"	0	0	0	0	0	0	0	0	0	0	0	0	0	0	0	0
"GNG2"	2.60096230571638	2.08468930705657	1.76894233055725	2.40194380549509	2.66101047231153	2.66172167241212	2.20257413623548	1.34794319983449	2.76758376424666	2.70039531869899	2.38509171078845	2.35699385520744	2.50510111721479	2.70805367229711	2.30931102093157	2.18184305868342
"C10orf128"	0	0	0	0	0	0	0	0	0	0	0	0	0	0	0	0
"ZFPM2"	3.54638632289463	2.38814049376913	2.71899409527189	3.73488938202824	3.6363725800885	3.74812979391372	3.81141776700032	2.26268329315985	3.82331858919284	3.88741401817255	4.05407763644538	4.13936274169809	3.84794176515744	3.77461706060292	3.77684852164591	3.5878197318376
"CEP112"	1.51832252365643	0.918891806034384	0.920389976572761	1.3799030142341	1.4806675312576	1.63499220867865	1.2204175693632	0.782856552263852	1.65572658357835	1.59528289749394	1.4208644802998	1.48074574918352	1.28368278664877	1.45140362428276	1.28369902376121	1.42526070201314
"GJA5"	0	0	0	0	0	0	0	0	0	0	0	0	0	0	0	0
"CCL23"	0	0	0	0	0	0	0	0	0	0	0	0	0	0	0	0
"RDH5"	0.519837966957489	0.756867674160099	0.820004287430609	1.09461389322513	0.951124833197179	0.379572075777718	0.929365350712013	0.818212665985651	1.38612204548738	1.10078865713393	1.32354074688881	1.47168097356074	1.20289058405681	1.18823305022254	1.25399520936698	1.05312121124453
"FOLR2"	0	0	0	0	0	0	0	0	0	0	0	0	0	0	0	0
"CLEC4G"	0	0	0	0	0	0	0	0	0	0	0	0	0	0	0	0
"NES"	2.52209417496805	3.01388298706371	1.8276771803347	1.44976751936596	3.04618214092947	3.14156704282172	1.11909363862337	2.13742919590419	2.49049453732179	2.53914136412949	2.04146784848497	1.87362730598762	2.29888554219564	2.22641639691205	2.0171378546107	1.99411793292285
"ABC7.42404400C24.1"	0	0	0	0	0	0	0	0	0	0	0	0	0	0	0	0
"CAT"	4.02292998044883	3.50879687828894	4.0604083864685	4.51568029613884	4.16100865666215	4.21693057281931	4.49831489859826	3.22925531320482	4.09019839436857	4.13336589712043	4.39440930805076	4.31502461522631	4.30019778170471	4.28799168491257	4.4593465734093	4.39572365681994
"GYPE"	0.108710440840691	0.10389781295688	0.0281838681002801	0.17189876154748	0.0348423168356368	0.172096450357005	0.0942647586645981	0.0281039710838782	0.293259226931567	0.148513442828835	0.0909500285661246	0.122479967812889	0.0786872615848101	0.190613000358084	0.123839377592214	0.118448378235661
"LILRB5"	0	0	0	0	0	0	0	0	0	0	0	0	0	0	0	0
"F13A1"	0	0	0	0	0	0	0	0	0	0	0	0	0	0	0	0
"HSD11B1"	1.1212619787712	1.35593103882026	1.41030699713819	1.31224195735604	1.00935209194959	1.11773746862673	1.38035225023034	1.25053095999369	1.62653032618462	1.59364802794062	1.87880850262986	1.6991750117304	2.33742468082845	2.25032179572745	1.89644734474801	1.77268982262426
"LRRC32"	4.44329461591238	4.71798391208869	4.71396941231456	4.26099623979089	4.25910271972014	4.29865079581019	4.24572026330919	4.77608981576017	3.7242414630016	3.74036414153664	3.73078931156149	3.64321903804435	3.89016742361349	3.88062594552889	3.84380210634192	3.76484902250512
"GPR182"	0	0	0.0214889560926489	0	0	0.0583904145206473	0	0	0	0.0336031135435344	0	0.0320538297703473	0.0174705165722528	0.0306737988718709	0	0.0370809026572587
"NDNF"	0	0	0	0	0.0543007717763893	0	0	0	0	0	0	0	0	0	0	0
"RGCC"	1.05133720233929	1.4232585133729	1.9011863853083	1.36184522927357	1.86644474875934	1.70722344085722	1.32867233015974	1.67181104693075	1.66268897664734	1.53866792995262	1.86111618648778	2.13287506125254	1.52788922589497	1.87162394090833	2.09144355446523	2.19020977692852
"NMT2"	3.69455997991602	3.50166624763489	3.56901411878577	3.89657911285085	3.71486119730483	3.82770581978883	3.77935995063062	3.39830450941688	4.29583280474273	4.35434459419176	4.29551154905248	4.32951886986083	4.30011184222087	4.2214960504161	4.32654218486126	4.23823756637784
"HIGD1B"	0.00965946176797502	0.0229346931763532	0.0361871060572971	0	0	0	0	0.0121288287301008	0	0.03786193406757	0.0200060110570839	0.0361187427351413	0.0294480310329987	0.0599572736243101	0.0200410372368994	0
"COL6A6"	0.272782216065821	0.117590674595741	0.246571389120136	0.572472765345291	0.23484218663715	0.375918327043116	0.603878300783832	0.366365484273323	0.0420528858026731	0.0761502374838636	0.12575605162682	0.0797594492866734	0.0632754959942936	0.035219812761957	0.125968352371092	0.0757310186593968
"PRCD"	0.491443531142977	0.556396345185592	0.629497161080305	0.617119172598025	1.02144249996351	0.993281216559464	0.55093310617664	0.778606634082962	0.584688701864174	0.515518534913749	0.492777929157529	0.535425256539607	0.713882820193362	0.762868777136038	0.595093539881199	0.45717217581525
"DMGDH"	0.612160994560959	0.591246035032707	0.489998362635345	0.921295791953216	0.478258206934217	0.396697799969239	0.930462536566632	0.785376211491423	0.586104125145109	0.467734152301201	0.890174017432654	0.80568542432252	0.510889288286083	0.545888317051944	0.820865835833919	0.860130563585607
"TCTEX1D1"	0	0	0	0	0	0	0	0	0	0	0	0	0	0	0	0
"FFAR3"	0	0	0	0	0	0	0	0	0	0	0	0	0	0	0	0
"CH25H"	0.146153029282502	0.154486691852565	0.200754541218106	0.348931488696119	0.46710397437361	0.668113879370655	0.545871766718204	0.237130840903247	0.316400098555884	0.0661099916546151	0.479198647238625	0.237339078066534	0.133522476053917	0.447262558191717	0.199121253320953	0.208413722244907
"STAB1"	0	0	0	0	0.0186100612081531	0	0	0	0	0.0524442594484483	0	0	0	0	0	0
"SCTR"	0	0.0784570419143028	0	0.0385194640889217	0.0518466585985772	0.165963822919642	0.122258000765467	0	0	0	0	0	0.0171909445993355	0	0	0
"HGF"	11.5528938848422	10.6373686225055	9.6683782403975	10.5658741836762	10.5436841134753	10.5071943179651	10.5497977860732	9.1893114144096	11.5846842484933	11.484307651449	10.8463873236268	10.8395404805151	10.8030325952264	10.8340795332145	10.7416189168253	10.5032769712928
"STXBP1"	4.01476188970868	3.88104637044747	4.13349498485152	4.34414974157898	4.55832782371124	4.37407993351779	4.31091969556669	3.99590417343104	3.98802191998621	3.92630564445159	3.99363541210177	3.95067775383984	3.83982731737371	3.86697265789063	4.06390420535105	4.05994708018614
"CPM"	1.88768263740908	1.83581899441948	1.2627153246139	1.26286031375848	1.9887347811748	1.95071761856879	1.27297545937567	1.64287967641741	0.922345370542582	0.985199279726256	0.798317319642418	0.899038239238025	1.10641735606937	1.01063809169484	0.880664297344433	0.94076797484785
"MAP3K7CL"	2.48099379289486	2.39137541819834	1.94699905498527	2.14518246392827	3.00749319492542	2.82918957483288	1.89496640810485	1.78272321760958	2.24994138703968	2.28614948013452	2.0961239745758	1.9549563937193	2.50822918380999	2.46862980229317	1.8997617151822	2.07165928757815
"SLC9B2"	1.90075472242907	1.39161713151118	1.75647273717391	2.15256229928592	1.49636745917397	1.57514326860971	2.10381729019645	1.51886024871941	2.22423656428642	2.09309132385787	2.2044755601687	2.1510775039319	2.05927504206875	2.15599826271838	2.07966609707449	2.26202700041558
"SERPIND1"	0.0378542955152026	0.21230502434784	0.0239698603492908	0	0	0.0860800269723041	0	0	0.0341140268124714	0.0374645489849631	0.0775997884518225	0.0357394278154417	0	0.0342025918646625	0.0586888450155951	0.158681125623381
"SLC29A1"	2.30210431344662	2.8282928780285	2.65997805975865	1.97142667911517	1.97062348633044	1.91828949566768	2.15154259082355	2.81114291722862	2.3623759119442	2.29116938615526	2.13661514149829	2.04512383879381	2.35298671556076	2.22501921873214	2.20089368995957	2.17490150596236
"SUSD5"	0.65869234313298	0.183661283759799	0.492098376039687	0.891042285001034	0.0964421176170571	0.178395061194548	0.595980573707995	0.336019903766639	0.968068059163796	0.644528662483166	0.830941612768624	0.975665436997431	0.522843205201749	0.378071554619267	1.06781572833717	0.698016657174893
"EIF1"	9.5013081536465	10.3593916496191	10.3646903659018	9.55057685955351	9.5587426637938	9.68187183710918	9.62319701515429	10.6699154973492	9.3272030345856	9.29100498061004	9.41451261515527	9.41834039241508	9.30563504723999	9.37153414387267	9.42673542324228	9.76426629993826
"AHSP"	0	0	0	0	0	0	0	0	0	0	0	0	0.0149627183265223	0	0	0
"SPTA1"	0	0	0	0	0	0	0	0	0	0	0	0	0.036153912069049	0	0.0726430169409847	0.0385976973302698
"TNFSF12.TNFSF13"	0	0	0	0	0	0	0	0	0	0	0	0	0	0	0	0
"PQBP1"	3.53611440791734	4.92137903378991	4.79535858989646	3.35490477690799	2.89330105508944	3.14487807191335	3.45339605024044	5.32310887321759	3.4234544831904	3.57112098968227	3.50266495289083	3.5396945681333	3.36980406189645	3.19359855137427	3.50875408271864	4.02528501007322
"NME2"	0.394963374224342	0.450626316661877	0.338672469755794	0.246312583796371	0.266590501224404	0.293267194124051	0.299181545898045	0.451524449512677	0.321563220117165	0.349961497158247	0.365491591307762	0.339439838920017	0.338773470769338	0.286754722453175	0.261901105204687	0.409144599535425
"MRPL21"	3.5808190881811	4.73634155114114	4.4190385720293	3.42218538082623	3.59151478286255	3.69962901320797	3.55621503085278	5.01802968614914	3.46109170497022	3.33252674226077	3.50559461486486	3.50054752780153	3.2468543595	3.38733762435571	3.50408194458016	3.87921818760636
"ANKRD39"	1.19960500012682	1.64655530355832	1.55731766183027	1.22108180823675	1.12769185223163	0.938343439831219	1.23379372880987	1.43408225061184	1.18323984410469	1.1637997777734	1.14596973299012	1.13502994529703	0.980420580400451	1.26556936465933	1.02508113603896	1.22589347744026
"PTRH2"	6.03742269291386	6.84645256254642	6.600696554781	5.79202236985789	6.00251691428579	5.98809635686908	5.903492782376	6.83674223185587	6.14726123022199	6.26605568155842	6.08493429655627	6.03670970274005	6.11516731535279	6.01391007876783	6.00251190599835	6.23033732657747
"NDUFC2"	1.18856916359923	1.62821754584106	1.758469024961	1.24028800110056	0.781800948620705	0.791723019824032	1.35765906431397	2.18474208929813	1.31381071237808	1.40979675428096	1.39879549964696	1.38106478526118	1.26772241216695	1.32065896903426	1.36325418755749	1.64982476693227
"OLR1"	3.71779606114157	3.19276615762869	2.66709210407361	3.06703396176094	2.87722240332215	2.77370305252917	3.12296093099321	1.89614073442125	3.50354072008974	3.42274392086319	3.27230519496255	3.42547999932397	3.53482855080807	3.59848371736645	3.24874856869136	3.28792292753719
"OSCAR"	0.592541440783699	1.29501234375198	0.92308754737425	0.435030971336288	2.53903103110872	1.71826294099456	0.865203181473501	1.06010976965411	1.18899540327201	1.00375074073895	0.883285629817466	0.821037039216433	1.23339692116298	1.9588162923173	1.42874309353103	0.414866556147262
"LILRA2"	0	0.107294310792223	0	0	0	0	0	0	0	0	0	0	0	0	0	0
"PRAM1"	0.0677996481181064	0.298125639137037	0.265608979072666	0.245168878234761	0.13775493802876	0.0525431804932693	0.096514265943635	1.11708025023625	0.157668841824207	0.131233974676562	0.047312711155312	0.0430133749814923	0.0917273399874297	0.300502432348154	0.137754474710524	0.189393644776341
"PTCRA"	0.450596339775433	0	0	0	0	0	0	0.546679064125531	0.731100021738973	0	0	0	0.24799803491149	0.732605980291599	0	0
"TREM2"	0.0151624268987322	0.0881454757650708	0.0190836045782389	0.0174966577608742	0	0	0	0.0563511681111421	0	0.0445550672996146	0.0157549466893112	0	0.0460460494844001	0.0136893471256169	0	0.0329501018115846
"DPEP2"	0.521396008035239	0.955703195722008	1.3895102614376	1.66842565232779	0.881074644757387	1.00487469703061	1.09772830317254	2.12458735268425	0.313308656890916	0.814782877177763	0.719276031992463	0.70120083224865	0.869685848221967	0.58984937996619	0.775888879519905	0.896287066016153
"APOC1"	0.0662623304864933	0.160553488415037	0.107027630141055	0.0386330419625985	0.0485899461346885	0.0984875671259923	0.064355652618023	0.33330120607127	0.0480146626175594	0.071984285265126	0.0688047790295787	0.0868910603037932	0.0940043148543989	0.0599265414986871	0.0279656444040651	0.0438088473571115
"AGRP"	0	0.00573678578375009	0.00303400862231386	0	0.00250678567828408	0.00139257557431696	0.00259649784029271	0.00151345937544745	0	0	0	0.00227175388026556	0.00123237331671979	0.00325824082150689	0	0.00263231001972436
"FGR"	0	0.693181167594401	0	0.148742117634097	0.0689494256967654	0.0763777764565071	0	0.161150828001747	0	0	0	0	0	0	0.0689491882668386	0
"NLRC4"	0.0622397410182923	0.105116652840636	0.101549425507681	0.0890125519361476	0.225584558281383	0.209282346690597	0.08328594691601	0.119777314140732	0.0800256298180875	0.0803282849458668	0.0881405415923902	0.0370235219086991	0.124616374521562	0.052827144052363	0.0686942525613232	0.0595963009626198
"TYROBP"	0	0.0269847152340178	0	0	0	0.0261695887733307	0	0	0	0	0	0.0053767162267194	0	0.0255344689570872	0	0
"C1orf162"	0.0805443494788664	0.106610324444203	0.065314519319867	0.0414902256531571	0.10637019890933	0.138701813088561	0.0352971270530169	0.11980546684535	0.0670085350834297	0.0451886880079413	0.0573845810198607	0.0551982374704876	0.06949587404236	0.0528398492537839	0.0673943948751194	0.0878354406182002
"SIRPB1"	0.00992943437407065	0.12512805975864	0	0.0892375100557638	0.0205991729677123	0.0114751785586837	0.0213316054860114	0	0.0354314172615581	0.0767972885251496	0.0608303967236431	0.0371187830619339	0.0500951062040822	0.00896317819436331	0.0509565637112549	0.01085246043484
"ACP5"	0.290098633463214	0.509517143656211	0.322341594759084	0.178983646383352	0.300866440346786	0.330597459377302	0.232996963179891	0.486394791039151	0.169422016373398	0.177661597947726	0.329410051790746	0.177112568513446	0.352949571899531	0.389150469708267	0.248551122252188	0.314413399568604
"CD33"	0	0.0151680894022175	0	0	0.00664015558237323	0	0	0	0.0114612054307623	0	0	0	0	0	0	0
"MS4A7"	0	0	0	0	0	0	0	0	0	0	0	0	0	0	0	0
"RASGRP4"	0	0.0822547231288624	0.0253328930622522	0.0232304408674291	0.00526830817378997	0	0	0	0	0	0	0.0190050652054024	0	0.0181832910569029	0	0
"MARCO"	0	0	0	0	0	0	0	0	0	0	0	0	0	0	0	0
"RETN"	0	0	0	0	0	0	0	0	0	0	0	0	0	0	0	0
"LIPA"	6.06411823163287	5.42347311412033	5.63205392570705	6.116647014781	5.37370311002187	5.3318357403812	6.22417105555252	5.09792138076895	6.22779728864128	6.17964999891321	6.11668981521403	6.06300016344916	6.10005336721177	6.05956394792354	6.05924944041416	5.91757618958141
"CX3CR1"	0	0	0	0	0	0	0	0	0.0139607508936802	0	0	0	0	0	0	0
"HPGDS"	0	0	0	0	0	0	0	0	0	0	0	0	0	0	0	0.0271318953684899
"MS4A14"	0	0	0	0	0	0	0	0	0	0	0	0	0	0	0	0
"TRPV2"	9.36465850029383	10.5139771201451	9.98603467299846	9.24011634031937	9.10849671769009	9.18364753719887	9.04371693525872	10.5635495502141	9.51927814395553	9.58512803124792	9.26373155477915	9.32036780056236	9.55417614605338	9.64278300507375	9.44566702629091	9.67816892249022
"SIGLEC11"	0	0	0	0	0	0	0	0	0	0	0	0	0	0	0	0.0221789093819014
"GLDN"	2.73927694713951	2.71725076729158	4.01368077971124	2.58830991575041	1.77983996912954	0.825635933134554	3.37350145009699	3.09668958183844	4.18051796120442	4.15820932855918	4.60018868429564	4.86003996660424	4.49365162239245	4.38473514879586	4.75900679143451	4.88164734474307
"SUSD2"	2.25735784585057	3.27226487663781	3.17502180576843	2.59647112004554	3.87703103168915	3.86540526766086	2.65962842035049	3.87620599589606	3.18220852622306	3.21078814168393	3.16187036635715	3.02729548393917	4.11821693538198	4.05715392668705	3.19300442641628	3.417472434712
"ATP6V0D2"	0.00626537236328398	0.0149000436434852	0	0	0.00326492206720487	0.00724215207187213	0	0.0156961697094839	0	0.0154507316538867	0.00975550829400975	0.0176629410810027	0.00641050599107701	0	0	0
"ADGRE1"	0.186066941617853	0.624602015415031	0.0492108718885895	0.36307268093754	0.39539530026173	0.39872904497857	0.161903975017996	0.272138937425169	0.103446664980208	0.0765438872200545	0.228578899449355	0	0.259658663070056	0.0354044750510579	0.119012748595866	0.0427851550845412
"PTPRO"	2.68112370326893	1.81148675848659	2.40826549273245	3.25430576327822	2.44845110994699	2.63661806767849	3.25607224707666	1.94247015746156	2.88211945261855	2.9660122116289	3.07409570891952	3.26421860546251	2.95589101820732	3.00464073331356	3.0233827964194	2.81524498932177
"HS3ST2"	0	0	0	0.0132179008363171	0	0	0	0	0	0	0	0	0	0	0	0
"APOC2"	0	0	0	0	0	0	0	0	0	0	0	0	0	0	0	0
"SLC39A8"	1.97908144164914	1.47075513743924	1.39757329425489	1.70630349699127	1.42725791994021	1.49741731247692	2.22411688088827	1.89858352205121	1.93279135964763	2.10874280709792	2.03129741308963	2.0124684122579	2.25066724635007	2.25986131547103	1.97328482046752	2.12866853554516
"CHIT1"	0.215840881719363	0.190481806739002	0.148577382733197	0.152930440942555	0.167631675668372	0.29151391899773	0.354404789849619	0.0759880373837508	0.146021275903129	0.0748238981164608	0	0.0852899846944002	0.136291595567747	0.158985817369069	0.210159571613198	0.0663308324774284
"ABCA3"	1.14916477235935	1.16427273784481	1.29347221278279	1.29726512603344	0.547025236608576	0.386527251093719	1.17989406315423	1.91942720183972	1.16066032597346	1.15514297784282	1.25142865954899	1.348167322189	1.1674402596983	1.0136755518075	1.25290301385644	1.25090631264906
"OR6K3"	0	0	0	0	0	0	0	0	0	0	0	0	0	0	0	0
"NRGN"	6.44568962126294	7.92384427044238	6.04145250927071	5.02598028875676	6.50531723393384	6.58510047863756	4.86980062399938	6.73072319330912	6.58792446685187	6.56127003803759	6.149315723279	6.09632010743943	6.28442947843179	6.15593431970297	6.17077053973241	6.47116386842334
"BIRC7"	3.78069756766635	4.74263946911097	4.38556458496716	2.53584888155115	5.24485385497674	4.86737944445072	2.60382411854077	3.99736130443634	1.69779578392527	2.35394653126109	2.87465641830363	1.62804241535845	3.44908517333747	3.78132677684313	1.95765338454857	1.14505574318653
"AQP4"	0	0	0	0	0	0	0	0	0	0	0	0	0	0	0	0
"C18orf63"	0	0	0	0	0	0	0	0	0	0	0	0	0	0	0	0
"SSTR4"	0	0	0	0	0	0	0	0	0	0	0	0	0	0	0	0
"DLEC1"	0.812531179484878	1.43181443785511	1.08500262593442	0.865561993804991	0.549100710920238	0.73875046216353	0.517817672040868	0.834078942618341	0.94179416622071	0.611912335952063	1.41385604530128	1.06436787964953	0.541222160010414	0.643422122986903	1.256717928282	0.980226252007016
"RIBC1"	0.45266706951221	0.924068218009745	0.695418925515139	0.389976606973932	0.319413625279703	0.689409220456497	0.439429678866409	1.35797620049059	0.0681557613685235	0.0851353871558479	0.152797146469642	0.204300667905262	0.323561910357889	0.360743506536693	0.2819596976774	0.264811758520236
"LRRC43"	0.168324272212378	0.241900237686583	0.279091569524939	0.244023912999786	0.196349002768605	0.134755181702678	0.158203979213898	0.368020283130582	0.163721454656162	0.158358151135857	0.233887302282668	0.143344905457375	0.205747176257262	0.262835757897805	0.242560808179836	0.214402441592462
"CFAP57"	0.215808715951064	0.356044187292027	0.289063509889342	0.183358672327834	0.574053870302688	0.24680128900267	0.211871197366516	0.652109149909457	0.228513002556162	0.415606346973905	0.558359827944367	0.569842732554413	0.427832086494362	0.368721683032024	0.559175850597647	0.686539273548097
"CFAP53"	2.30221216424568	2.97785701928816	3.72511297673147	2.54693232828558	3.01721197241093	3.41948843540781	2.85187790890497	2.30838116568518	2.6840266498555	2.62951097541168	3.28068264025609	2.74162603091674	2.40371786849293	2.68722337654423	3.06504020197155	3.21900914342202
"GSG1"	0.141922995477824	0.517541700441118	0.43020976165478	0	0.0756191773223447	0	0.375494654549749	0.848902951718225	0.20797508815322	0.205949130595072	0.193139478545265	0.333508064863637	0.234245390383174	0.0870408765416099	0.281255630809939	0.316004364478822
"LMNTD1"	0	0	0	0	0	0.0602951983506394	0	0	0.126120497571155	0.0517553157833918	0.106644595228255	0.0614694909242786	0.0269892273220912	0	0.0274571246309546	0.0984465904274219
"C4orf47"	0	0	0	0	0	0	0	0	0	0	0	0	0	0	0	0
"MARCH10"	0	0	0	0	0	0	0	0	0	0	0	0	0	0	0	0
"SPP2"	0.0295773120667893	0	0	0	0	0	0	0	0.0133851864520241	0	0	0	0	0	0	0
"RP11.111M22.2"	0	0	0	0	0	0	0	0	0	0	0	0	0	0	0	0
"ZNF99"	0	0	0.0185757845675044	0	0	0	0	0	0	0	0	0	0	0	0	0
"AVIL"	1.70351533608315	1.36387625597338	1.37315373224728	1.86386280669711	1.2380569161384	1.20727341776822	2.15967816520125	1.58623674040185	1.42617500045719	1.41667498186711	1.66596291853769	1.60769369392926	1.67079761815661	1.55852740875288	1.61917095072258	1.44704010270325
"KCNE1"	0.106636490437053	0.013828032564395	0.0575679649924407	0.0528387528133435	0.105230825344178	0.103932656917602	0.114675011997295	0.0503542918102709	0.139797841056725	0.208923359849169	0.14939373378694	0.146210820482983	0.26596154567013	0.125766832856029	0.105230467460539	0.116196024499175
"DCUN1D2"	2.79586492886827	2.0370057426085	2.23342845479803	2.9092430211042	3.22725429470914	3.10485356812815	2.83475783526464	2.03028140021938	2.66073014785296	2.63444249963858	2.54241515807463	2.73639616059058	2.69538282028075	2.74272835092935	2.74997880317896	2.75144303537349
"RSPH9"	0.440007245747517	1.06729348800931	0.861697658734725	0.547711453896598	1.14001956258948	0.677871169528605	0.744955960133581	1.47459644565823	0.369359798563012	0.329581099455269	0.382099546148867	0.642224103932378	0.326902470690795	0.553924279983696	0.357574595529494	0.711931275322261
"CACNB1"	1.31346376318077	1.66989092834655	1.5220848241912	1.26816266963315	2.00408847836542	2.17435654789334	1.35695852852075	1.75904962598782	1.21698483248657	1.23381900077056	1.09050017328111	1.1219231821573	1.39200808555698	1.31138508130123	1.09184858197513	1.27891499237923
"TBC1D26"	0	0	0	0	0.0136575929913656	0	0	0	0	0	0	0	0	0	0	0
"TEKT3"	0.0720603456377579	0.197363150451121	0.12481775082118	0.106876816324172	0.160031201943162	0.271755546610243	0.0470357861951872	0.444078818384022	0.0328740140508185	0.0851788067236898	0.0748195473835546	0.0813176163260148	0.087988375850983	0.0523795544543751	0.0676260769241106	0.086234084666236
"C8orf46"	0	0	0	0	0	0	0	0	0	0	0	0	0	0	0	0
"SLC25A21"	0.095198999772566	0.0518720657998756	0.0843081783742708	0.0774405394053952	0	0.0558022609442688	0.13659666652627	0.0305918313187608	0.0521873397531924	0.139144512578936	0.200222094237298	0.098675360460669	0.106718159898974	0.0608607583346931	0.0989826412578085	0.176974739369306
"NYAP2"	0	0	0	0	0	0.232771618713973	0	0	0.18432419098565	0	0	0.19264714617363	0	0	0	0
"USP35"	2.46659851838816	2.8950198865302	3.06986546810228	2.63550454752629	3.09206924805464	3.20708311053442	2.69577612134251	3.20020103560605	2.5449547837998	2.49343871407998	2.33279896182442	2.42419399274913	2.76492543896686	2.64920476365347	2.65750117151803	2.33118042307352
"HEATR6"	2.58842147681154	2.05227164371163	2.1728534100306	2.70920239541227	2.83337106091727	2.4855168417619	2.70362497048719	1.72469096849115	2.61464051341946	2.48619999528893	2.72296552306383	2.68155909029995	2.61925307383615	2.628960013726	2.62746689702674	2.4077560260263
"MARCH9"	0	0	0	0	0	0	0	0	0	0	0	0	0	0	0	0
"CAPN3"	2.82676376226446	2.54744238379144	3.71833898874739	3.85708801929861	3.15895801328845	3.20507159707984	4.07760132610494	3.84840310363846	3.09465823026807	2.59120832886516	3.8003821940928	3.75044317033932	3.90993497866701	4.09096109656443	3.82981840889632	3.56415853110355
"TP53I13"	2.83405243241112	3.91736849265286	3.76074940681952	2.87658955829615	3.11406106513612	3.1962362546271	2.84942840248535	4.37956862200228	3.12197528234786	3.06017951311453	3.09874274163976	2.91768815530534	3.17088688852269	3.10466645020944	3.19521154530315	3.2725838803773
"SEMA4C"	3.33202596698256	3.14125809627429	3.19214358277274	3.30518514589489	3.25039389087431	3.04407054833336	3.18147274158352	3.05885139252905	3.07578497848454	2.99398039441977	3.05280399071627	2.96840704849905	3.23174470394921	3.14262817089147	3.09836633847367	2.84365969540774
"IKBKB"	10.4062638329267	10.4601720070392	9.7964530021801	9.71328266676124	10.6998757363148	10.6300299644902	9.91320283460837	9.77539110962651	10.3491716005526	10.363280459573	9.98653277591231	9.99164880141892	10.5051467812426	10.4406853926938	10.0880756498051	9.99594004902746
"C2orf80"	0	0	0	0	0	0	0	0	0	0	0	0	0	0	0	0
"TBC1D28"	0	0	0	0	0	0	0	0	0	0	0	0	0	0	0	0
"C17orf104"	0	0	0	0	0	0	0	0	0	0	0	0	0	0	0	0
"MAGEC3"	0.0210463396259363	0	0.0264752609848175	0.0121904701493088	0.0434831475216399	0.0243081675821676	0	0.0651161160662422	0.0189559020124785	0.0413603690179073	0.0326775352386359	0.0198640455506424	0.0636532753650307	0.0377636310124701	0.0219053148549103	0
"PCGF2"	3.395067717157	4.5556513958152	4.13238820940176	3.18829314997102	3.2991666029485	3.53046186488165	3.3046094781742	4.97056116320398	3.31260437415496	3.3631352596986	3.22793851556883	3.18041895570224	3.48301111539557	3.39048118213528	3.30168475550611	3.55261995818749
"TRIM51"	0	0	0	0	0	0	0	0	0	0	0	0	0	0	0	0
"NTSR2"	0	0	0	0	0	0	0	0	0	0	0	0	0	0	0	0
"GUSB"	5.41472656339553	6.02081581572932	6.15591586731666	5.57735869598413	5.72841621169481	5.76671487018404	5.58904285318313	6.39158468716455	5.13059049219616	5.0159091538931	5.12140912031444	5.16004653997194	5.27694111693421	5.31615528372119	5.24457193322453	5.55952478890735
"CYP2A6"	0	0	0.0882078601746941	0.107061087202518	0	0	0.0257134033097801	0	0.12439231826327	0.0236121115910405	0.0247883957621586	0.171022874066155	0.0244081877212168	0	0.209452336706444	0
"SLA"	0.0687794808688146	0.271497948612334	0.00492403985557394	0.0224237763921003	0.0401811190902948	0.190490429575244	0.00841648524412547	0.0483635492097232	0.0348003702264017	0.0154086636160605	0.0944569476457241	0.0436404044702781	0.18044531383754	0.163431860741547	0.0322338125404946	0.058693034152354
"APOC4.APOC2"	0	0	0	0	0	0	0	0	0	0	0	0	0	0	0	0
"CLEC1B"	0	0	0	0	0	0	0	0	0	0.0338729278495511	0.0178865779003784	0	0.0176115855804389	0.0155430071840526	0	0
"AQP9"	0	0.316233830618574	0	0	0	0	0	0	0	0	0	0	0	0	0	0
"CD300E"	0	0	0	0	0	0	0	0	0	0	0	0	0	0	0	0
"FPR1"	0	0.183356782110554	0	0	0	0	0	0.0186087317075661	0.0133513132964059	0.0146729907531868	0.0606621219565978	0	0.015169269917841	0.01338622555862	0	0
"FCAR"	0	0.0720232123553033	0	0	0	0	0	0	0	0	0	0	0	0	0	0
"SLC11A1"	0.103935454513309	0.453223121222814	0.312774638262417	0.206712642810346	0.0779982243327121	0.119523972645001	0.0728440416564127	0.373003289998065	0.0742664181974237	0.0301532024162361	0.158924277993235	0.0846191656443246	0.177639770831509	0.224685983755489	0.0703852063174735	0.073824360642717
"CLEC5A"	0	0	0	0	0	0	0	0	0	0	0	0	0	0	0	0
"C5AR1"	0.487142967159347	0.688273574587668	0.977514570827446	0.690717605583034	0.327565891545471	0.441786593978826	0.851559217233515	0.834802906039521	0.37799574407053	0.381659391094741	0.653060869880813	0.511836359822426	0.313455572514305	0.572141653818814	0.697153515580486	0.626395872731285
"LILRA6"	0	0.133646631437754	0	0	0	0	0	0	0	0	0	0	0	0	0	0
"OSM"	0.0325621474580093	0.0387515869114026	0	0	0	0	0	0.0205463756935967	0	0.0322262820116036	0	0	0	0	0	0
"LILRA5"	0	0.033761106052603	0	0	0	0	0	0	0	0	0	0	0	0	0	0
"SIGLEC9"	0.0470133668325866	0.0212159613245528	0.101727055622889	0.0408093361856362	0.0368404793414183	0.0137484485271325	0.0318552939261853	0	0	0	0	0.027906313540381	0	0.0319850367559597	0	0
"MRC1"	0	0	0	0	0	0	0	0	0	0	0	0.0145601782469812	0.0157847092921701	0	0	0
"CD300LB"	0	0	0	0	0	0	0	0	0	0	0	0	0	0	0	0
"GPR84"	0.0919680201373958	0.0555453369379073	0	0.0136441366533482	0.024507725629225	0.080088794847182	0.0989383061446506	0.114661709396168	0	0	0	0	0	0.0832444110807653	0	0
"FCGR3B"	0	0.381867079677264	0	0	0	0	0	0	0	0.0175868029354234	0	0	0	0	0	0
"FCN1"	0	0	0	0	0	0	0	0	0	0	0	0	0	0	0	0
"CCR1"	0.164194272972509	0.10014459553495	0.0712683581982239	0.112641069645682	0.236080295529748	0.44367468696026	0	0.0710692922189744	0.0762092108937221	0	0.0876504474461847	0	0.193954589958563	0.195387226985229	0.0298644522288315	0.0313452077032033
"NCF2"	0.0273359264816432	0.424602516814291	0.100741347117379	0	0.0284491806403792	0.0315619222520932	0.0294578940894249	0.0677463793400308	0.0488388635717262	0.0536089429417829	0.083574471917605	0.160019510026247	0.0823179050468826	0.0246902301082561	0.028449081297636	0.0298603828280525
"LILRB3"	0	0.062817747376739	0	0.0205767186981467	0	0	0	0	0.0319450778945339	0.0176492303114741	0	0	0	0.016102913920496	0	0.00977640097425436
"MSR1"	0.0322782443004205	0.0384144339919289	0.0204245525492811	0	0.0335904416406197	0	0.101919252310224	0.0404494782848587	0.0716378679225094	0.0785748189407514	0.175468544420806	0.132322545459502	0.096873148189844	0.0146531792636103	0.0500966856896389	0.0696661984912685
"LILRA1"	0	0	0	0	0	0	0	0	0	0	0	0	0	0	0	0
"BCL2A1"	0.335012381709184	0.213718918287783	0.244649297362865	0.252696275044591	0.762935764218541	0.483440737050789	0.311078577771933	0.347560862700491	0.0804928887277689	0.10528372446689	0.0925568583187206	0.0511469332157706	0.0999773671363639	0.0806985416014997	0.0746424679923011	0.0877775003512692
"ITGAM"	0	0.236002774975636	0.104503319405349	0.0488214408508251	0	0	0	0	0	0	0	0	0	0	0	0
"SRGN"	1.3005786715885	1.55196145484006	1.5892206066489	1.69291891805621	2.04562819220493	1.79806588698143	1.72712942552617	1.30900694304768	2.70112587326066	2.48610088887317	2.77371721723571	2.85538017731834	3.09869738127467	3.11883176846699	2.85396241139375	2.59849671242909
"CD163"	0	0	0	0	0	0	0	0	0	0	0	0	0	0.018346209333226	0	0
"VSIG4"	0	0	0	0	0	0	0	0	0	0	0	0	0	0	0	0
"SIRPB2"	0	0	0	0	0	0	0	0	0	0	0	0	0	0	0	0
"ITGAX"	0	0.30743367902325	0	0	0	0	0	0	0	0.0125806561813777	0	0	0	0	0	0
"C3AR1"	0.198812121882647	0	0.0527544588390869	0.0720251743836846	0.127366264880401	0	0.0452583912128419	0	0.110748653678953	0	0	0.0396705941974275	0	0	0	0
"RNASE2"	0	0	0	0	0	0	0	0	0	0	0	0	0	0	0	0
"CD300C"	0	0.0106249560957664	0	0	0	0.0103022425275256	0	0.0111935447816889	0	0	0	0	0	0	0	0
"MS4A4A"	0	0	0	0	0	0	0	0	0	0	0	0	0	0	0	0
"ALOX5AP"	0.0160699643690065	0.0191453353124717	0	0.0185430135261133	0.00838777751812517	0.036895101719923	0.0344397702620174	0	0	0	0.0166977442528165	0	0.0326965993999213	0.0288738473465751	0	0
"CD209"	0	0	0	0	0	0	0	0	0	0	0	0	0.0238185411454444	0	0	0
"CLEC4D"	0	0	0	0	0	0	0	0	0	0	0	0	0	0	0	0
"MNDA"	0.0305073315017646	0.290451461668331	0.0756961771202223	0.0176948320438156	0	0.035217655663654	0.0165299704937125	0.0192447540047856	0	0	0	0	0	0	0	0
"CD68"	0	0.0681826141781461	0	0.0400054327062134	0.0596969946298964	0.0531613980596473	0.0738368741049091	0.153402181981483	0.0312718129713908	0	0.0478704034609012	0.0219246793674617	0.0237634931587493	0.0313530791306953	0.0943640507455733	0
"FCGR2B"	0	0	0	0	0	0	0	0	0	0	0	0	0	0	0	0
"MMP12"	0.142774138261376	0.168727106273312	0.0788674613289908	0.22851168743891	0.245695976545553	0.0367146747015706	0.153395246652972	0.224143090160591	0.155345334304089	0.278858884210143	0.177956723871168	0.135064536610771	0.223131519723963	0.155732177758688	0.33688198824942	0.196893448152164
"LRRC25"	0.0107586183792996	0.146819600325318	0.0135462593050406	0.0906283655420986	0	0	0.0115989370995003	0.0727742849793021	0.00968658207089381	0	0.0111797116430378	0	0	0.00971194368362913	0.0223124207513882	0.00589118459244607
"CD14"	1.53515046215201	2.83127179921583	1.97231205184412	1.44153908492201	2.16137747298283	2.36961068960365	1.452535350505	3.26698211961529	2.93916843609012	2.74449950471797	2.6231844684875	2.6656935601239	3.64119449908107	3.81383140153336	2.79881510214668	3.35086635418906
"CLEC4A"	0	0	0	0	0	0	0.0828130344475766	0	0.0351364443513031	0	0	0	0	0	0	0
"CD300A"	0	0.0166821932134243	0	0	0	0	0	0	0	0	0	0	0	0	0	0
"SPP1"	0	0	0	0.0185260987100233	0.0167118026457681	0	0	0	0.0429467824956333	0.122464528836376	0.0815478677216634	0.0886125547982846	0.0487271230456209	0.112082954278941	0.173973660454046	0.182165216625441
"CSF1R"	0.104753923851801	0.174167860300534	0	0.103733106747841	0.224062350346775	0.103855212108215	0.0654477784271883	0.477262280835734	0.146021275903129	0.117923655501142	0.0476002528804724	0.112635130696865	0.206791673262613	0.158985817369069	0.0632331650003692	0.160437357590791
"MMP19"	3.27037583929134	3.73947951114367	3.72586959197441	3.37301199206673	3.55023352025558	3.6186161751871	3.52648600779777	3.98883384858186	2.93396056751506	2.90502523800777	2.90165482510991	2.95535032466284	3.10072574491723	3.07130437359556	3.07993580124684	3.10957128093305
"MMP9"	0	0	0	0	0.0110925184893629	0.0426479071688409	0	0	0	0	0	0	0	0	0	0
"CCL18"	0	0	0	0	0	0	0	0	0	0	0	0	0	0	0	0
"VSTM1"	0	0	0	0	0	0	0	0	0	0	0	0	0	0	0	0
"MEIKIN"	0	0	0	0	0	0	0	0	0	0	0	0	0	0	0	0
"MS4A6E"	0	0	0	0	0	0	0	0	0	0	0	0	0	0	0	0
"CCL13"	1.45763211896703	1.9365988194899	1.36857230539719	1.05559955680284	0.864578572747853	1.05651257334908	1.19845247594854	1.71985251854367	1.62527907522588	1.53425556572441	1.20061166304881	1.26752311090121	2.02340003592213	1.88030389743666	1.16190129255622	1.2013513499874
"CEACAM4"	0	0	0	0	0	0	0	0	0	0	0	0	0	0	0	0
"CACNA2D4"	0.304031108414174	0.246738138899172	0.518149376136455	0.231025368557306	0.240756883993617	0.187900169920643	0.362239874501054	0.347251521622248	0.189991226188428	0.0995354881496006	0.209498710658365	0.268189383140572	0.274126444952102	0.231056593282151	0.293310554779742	0.227723367233963
"GLIPR1"	1.33959332865061	1.56879048840972	1.81310090395098	1.65273675114232	1.26614441744859	1.31331039840843	1.628983554829	1.81804788593987	1.98136837429387	1.99203352461072	2.13796840743079	2.10822936599606	1.73843331425293	1.82348238376451	2.10110074589927	2.24325567871034
"CCL2"	7.21675859609247	7.40777242329896	6.53936879133559	6.33821851591184	6.14438357219272	6.32841364782886	6.80877526155908	6.58638270744945	7.15739336910577	7.03651215621073	6.80239408824132	6.72941750988882	7.16879531884334	7.23926825894093	6.56482126947501	6.84347879952015
"TMIGD3"	0	0	0	0	0	0	0	0	0	0	0	0	0	0	0	0
"CHI3L1"	0.60718633571152	1.22023514643923	1.13471252405745	0.835980202911824	1.03841692048519	0.912389312223615	0.899130910693597	1.91527180815442	0.0922392681129431	0.126907689503543	0.211090674284908	0.221691760726359	0.310566629723302	0.31861803545722	0.297630076380072	0.317251880352074
"HMOX1"	2.17148803999544	2.26917369073374	3.00828052163906	2.81386476058866	1.48247272964036	1.61198436363501	2.85735468000344	2.83298763151937	2.01433250582059	1.98119873449867	2.2423633808244	2.23287926479777	1.81057694349401	1.84843499450735	2.14265191476374	2.28159664402976
"CAP1"	6.01861692576035	5.13957419558518	4.69768653142103	5.90953781543456	5.51453856358395	5.35241954113838	5.80706929101629	4.2711770363959	6.29011429888994	6.28663069558773	6.11600034324646	6.12356081912774	6.12388251792859	6.0909333072789	6.16821200945811	6.01292178183906
"VMO1"	0.34364573423685	0.783867454895685	0.284411592599133	0.151773822083824	0.163510303983587	0.0779743402708391	0.0869927504000181	0.367057358534529	0.142405349658211	0.239525695536994	0.0425733777952039	0.0639333236034312	0.173476704832066	0.0612095774555486	0.0840700901516798	0.224079430603166
"CLLU1OS"	0	0	0	0	0	0	0	0	0	0	0	0	0	0	0	0
"LBP"	0.0434956302740151	0.173467348573979	0.0546068097966948	0.145411267353121	0.895615473610733	0.98059087293388	0.0697191960761621	0	0.620287933586181	0.78820870215407	1.04659935783025	0.986816190700643	2.37759159025363	2.37034407135271	1.04791089689971	1.16231691222864
"OCSTAMP"	0	0	0	0	0	0	0	0	0	0	0	0	0	0	0	0
"PLB1"	0.84438491177398	0.874796642152995	1.33289323654288	1.26935839873581	0.521073534594073	0.586621081332642	1.05879130380125	1.64183044972589	0.81504868078236	0.881948495699418	1.36176885237861	1.02218599590054	0.885070508513264	0.834391908671268	1.35862297547985	1.17394033408183
"TFPI2"	9.16952159860791	9.03400053764654	9.44002869964327	9.49751860165581	10.099018592451	10.1809991492285	9.59809422975014	9.12096412602549	9.21217353166556	9.16802634399113	9.49289631545773	9.45968107786271	9.54352503003195	9.61059276683081	9.53296834189061	9.66992498269856
"POLR3H"	2.19049220957087	3.02297273655975	2.51447652937679	1.90018681927579	1.39124855751009	1.58767708989426	1.81085454549114	2.87466400606837	2.4961567193001	2.59445883971159	2.40518526092236	2.35003500823084	2.18475308490263	2.27814261692586	2.47290291036929	2.57325953261536
