"Pt20.baseline"	"Pt29.baseline"	"Pt38.baseline"	"Pt2.baseline"	"Pt32.baseline"	"Pt27B.baseline"	"Pt4.baseline"
"CXCR6"	4.75163242563818	2.83723483588434	2.78209608696002	1.86841416027561	1.52932622341444	1.39705815284187	1.29761697084818
"CD2"	6.08101786580691	4.06992552994245	5.73945930015268	3.40317635785113	2.2123670049702	2.49707708330697	2.67383114304785
"IL2RB"	5.01483953228222	3.03462775444105	4.44231321552974	2.84428219789451	1.69455485345304	2.16992660443591	1.89299129531737
"KLRC4"	3.06703373877517	1.61142972821814	0.957380498372862	1.05444981448063	2.35982193480608	0.399208288890213	1.07792452843012
"UBD"	3.60658435857268	0.988101129259825	0.877189834482302	1.17719387187295	0	0.204395545350344	0.913934115559965
"TNFSF13B"	4.83764559228131	3.58868465719203	4.9247222581305	7.03234332959447	2.59986048776766	3.52685131157335	2.43148122367393
"GPR25"	0.0920308121797227	0.123623159934154	1.6823665411875	0.200755180539263	0	0.105276521058217	0.027387709535513
"CD7"	5.55467633159698	3.28665718747656	5.81988017869973	2.44810143431737	3.34673851900912	2.08308228557652	1.96039679406689
"CTLA4"	3.08105238936711	2.15303839658285	3.0944455326077	1.41502036717351	1.58474127052014	1.00010459159906	0.953283866332174
"FPR3"	4.17132694023331	4.38959778532186	2.41235339455826	3.72074907046319	2.659173339645	3.46083821614815	3.58577378852835
"CD226"	1.51366507123384	1.52665729116927	1.5895142291012	1.38565467210516	0.317886355015466	0.997960752697046	0.765448606411038
"NCR1"	0.619259928893758	0.450891869930989	0.602473033561442	0.153787829111643	0.186470131417696	0.167215321269834	0.301240538659625
"IL12RB1"	4.0799753767206	2.58096912946093	3.95391705206277	2.12781979460203	1.08875220401058	2.23689207862376	1.42381210256206
"GFI1"	2.88018299202064	1.12400382306209	2.02849843011823	0.636116470417562	2.05314957606229	0.529321725153351	0.725599388121177
"CD86"	4.08499117073477	3.54456575353618	4.0176101809488	3.03123373103163	1.99222097276172	3.12209701668682	2.50776546892713
"IL2RA"	1.44974359826768	2.32027092958544	2.99478244754365	0.989994922065593	1.40575824299507	1.34540489186578	1.29490595161691
"CD80"	1.12523449803539	1.25665442776476	1.60277516347636	0.752230498094169	0.0697878047753227	0.697080768135955	0.533567334931051
"JAK2"	3.27768874135468	2.43295005644461	3.06747695526184	2.70016336008505	1.07047176525269	2.59514437420051	1.90095952381246
"LYZ"	9.44645888783681	8.57458595908148	8.5990164567993	8.40126993548842	6.72033319465959	6.13527320570324	7.71785460717432
"CCR7"	3.11232231400185	1.79784721631192	5.88639162749735	1.18963165963388	0.789982092037026	0.67160905487787	0.925505020973474
"CCL19"	7.02949705825956	4.09616906683425	8.86878243649414	3.39045789628568	0.463767869835687	2.8395968531951	2.7329768040962
"LY9"	3.45355247739549	1.78023029711062	4.70850179092829	1.02709529481736	0.50921140012997	0.64440131008513	0.972372836472713
"ZNF831"	1.35440984391357	0.475987063636465	1.62707448349942	0.165448273070517	1.74355805222205	0.12255034129221	0.238500126021258
"CD40LG"	1.37430225183764	1.1366802969771	3.06394810725499	0.944607357549253	0.590053913961176	0.165627068961811	0.447016290221056
"CCR4"	1.00537339735233	1.45460232029845	2.1684398643931	0.930386885661598	0.384559358495617	0.395015623166965	0.456608520636522
"TRAT1"	3.25971087917762	2.20176244347569	2.12354039378783	1.80694884931032	0.0557298662495234	0.549815034482129	0.841643897392961
"P2RY10"	2.72219166773766	1.95931761947596	4.41997028720838	0.835270065932564	0.0872186826443822	0.549364090399932	0.932482273998766
"LTA"	0.0392010146392125	0	0.372057238111686	0	0	0	0.0409849144265623
"TRAF3IP3"	4.86392111023514	2.79246912472281	5.62483200245346	2.17812342136436	1.48760982723466	1.78936201110721	1.80371060959348
"CD5"	3.32743731368587	1.71493125311222	3.96750064746218	1.13917804513277	1.00185987723968	0.911101346155321	0.906805955016638
"TESPA1"	1.4990830497414	0.893341628426698	3.37056326867273	0.494504703986157	0.165131145280363	0.282972895749338	0.471926180859947
"GPR174"	2.45416931153283	2.10019892034074	2.94016111127294	1.02103832313291	0.204120679209952	0.46330385703423	0.913787861363332
"CD28"	2.13986400476258	2.45097630441226	2.67064548639627	0.789949967875727	0.385391276246403	0.885635662966694	1.48422064223142
"LTB"	2.87277262628087	1.28836742211553	5.67921546385257	1.05178622975583	1.10528919503914	0.340603284847295	0.818409260996751
"SCML4"	2.11204284796203	0.702969096419113	3.10035873669589	0.551721241011891	0.224345332438596	0.134102824538927	0.460145444903455
"SH2D1A"	4.1237158523813	2.5440822457679	4.16920347352485	1.62197448307073	0.633663696866632	0.822031775714171	1.06044173560669
"PYHIN1"	3.64998327066957	1.76422087145663	3.23120965830877	1.07686278843678	0.333774059982941	1.00518868841318	1.08603301621481
"IKZF1"	3.88557436437143	2.47730171174079	5.49517388208642	1.89432304019369	0.906540459126985	2.07373456002101	1.98822476862655
"UBASH3A"	2.90273446209866	1.03323973458864	2.37939916252558	0.463291823149906	0.423505025968017	0.371501990034304	0.383048416916814
"CD247"	4.46581778323171	2.92096875024775	4.57317454225506	2.14702334258401	1.40483774173434	1.29512349104711	1.95056359528854
"PPP1R16B"	3.22238108583088	2.18249526403445	5.04905130825276	1.43613784751229	0.722695962992086	1.03742088079194	2.8491045511842
"KLRB1"	3.98248711695648	2.99694727587169	4.05607190516211	2.64130093507361	2.29524400553004	1.05799224245411	2.36800420272069
"TIGIT"	4.77349530234493	3.05948161174173	4.60537580326534	1.57437282068645	0.935032722316496	1.37035681306554	1.65479754405284
"CD3G"	3.33834311381032	2.4635152184634	3.82673151364181	1.76530135034588	0.606144656398795	1.14029440475642	1.39118205604377
"SIRPG"	4.63778411029132	2.43852041744227	3.84565062023915	1.62981121597812	0.71733929335662	0.896983234998435	1.14506829738099
"RGL4"	1.75713635277949	1.54593131310609	1.54641790607738	0.863283936727703	1.43983055161101	1.56378535888418	1.08226658160803
"ARRDC5"	0.472137322971399	0.0851156199062587	1.9214629907112	0.0532663743909832	0.211874436821856	0.171771622926564	0.097508860553226
"CD69"	3.92896717679879	2.38628259715507	6.42771845996379	3.94980103668565	0.809711596461648	1.19074126825662	1.34799723964655
"THEMIS"	2.10736481674056	1.35600291515793	1.81431662024673	0.683750343854081	0.121896933325719	0.400840645191063	0.449088542149829
"GPR171"	3.50884948284744	2.17363916357058	2.52329346434549	0.982033800585106	0.896649283640707	0.485755518094407	0.643088240827781
"ICOS"	3.00717396848171	2.08743228973775	2.84876613879972	1.06347049856006	0.287279607699125	0.720552967126202	0.765704889480145
"TAGAP"	3.40439839025343	1.93312880908928	4.76688663936294	2.55061505169387	0.792170690462397	1.75370507647017	2.01732333256348
"IL7R"	2.54199053816093	2.46506678259823	4.53567974119837	2.09577086182808	2.64314043551271	0.782600212556203	1.59415199277468
"CLEC4C"	0.148325930003166	0.460100873881058	1.91806941741782	0.202142478320096	0	0.161948548316115	0.280779379886249
"IL2"	0.209027200761752	0.0474099573635601	0.422000428110402	0.147424584619516	0	0.0364479106784619	0
"CCR2"	3.93465802783973	2.13645554988708	1.95991478833819	1.87680177397827	0.910326654950516	1.24085466627636	2.09637656232257
"CSF2RB"	3.6119926648488	2.57035363180701	5.408226126277	2.029818593104	1.38535372323457	1.75362806759083	2.00682939800561
"FOXP3"	1.8770472697266	1.14456525482621	3.53389968867811	0.60970721819793	1.33075342315634	1.13119435170845	0.667131870977789
"CST7"	6.28811950834648	3.6768428367283	5.04471322569492	2.8297034567466	5.45218027729667	2.11190935253964	2.25909769564036
"LGALS2"	5.69634581669661	2.73784464892889	5.40978804693739	2.93699026688023	0.888348541723989	0.51022621035374	1.8677581167391
"PTPN7"	4.57928274578288	2.53758681353647	4.96024294050529	1.50274557784155	1.11507986668633	1.60158480430272	1.40694748864322
"CLEC9A"	0.589607705854353	0.823538646238484	1.25787356254275	0.73368406179933	0	0.126545268984625	0.104558079735731
"CLNK"	0.239798225470669	0.161255014586349	0.554206701752635	0.170871739880324	0	0.0253275822027745	0.0567575429606303
"VNN2"	2.31834287469482	2.30000654660916	4.30415324412063	2.8332301463709	0.712736631668161	0.972798509017982	2.79235354864574
"APBB1IP"	4.06102873979401	3.09621377366902	5.52385360187816	3.81370937527646	1.54564224364213	3.0855886668065	2.60570292403629
"CTD.2370N5.3"	0	0	0	0	0	0	0
"SELPLG"	5.00294999830185	3.53930772678125	4.64554603830472	3.11778811676681	2.56749920667703	2.47613797725537	3.41106213623188
"GPR155"	2.24242263416197	2.09850209330041	3.75193497313185	2.95948733701182	2.7077235563764	2.21170844519559	0.784767371129175
"CREB3L3"	0.0173965288632275	0.0577581529090821	0.0580831515399376	5.06019008925071	0	0	0.0186530159265664
"ABCG5"	0	0	0	3.84131399679976	0	0	0.0412874961880454
"ABCG8"	0.0197288824479774	0	0	4.38629708450739	0	0.0104788103296371	0
"SOAT2"	0.179135072536861	0.0303627776943025	0.114010205344869	0.340328684484306	1.10429639799599	0.0421084797946561	0.0114295137997448
"ALDOB"	0.114953845909776	0.152747793513332	0.0807895803498245	10.0161954299103	0	0.050379868591333	0.101574578008532
"APOB"	0.0198767634665099	0.0141791020144353	0	7.18131627488487	0	0	0
"SERPINA10"	0.0186970503464283	0	0	6.47363351160352	0	0	0
"SLC7A9"	0.0699086242675545	0.126990031096497	0.22475773775635	2.10107685061638	0.192466894101768	0.0574914468926304	0.121895938971047
"PIPOX"	0.553412606542442	0.385492885377676	0.422281448583621	5.93885974422005	1.36244183412564	0.367926228654285	0.153512487895745
"GLYCTK"	2.10052526332519	2.11050690431016	2.19687138807677	4.66934430494167	1.52215118892109	0.975877033649435	1.96546662595273
"CHST13"	0.0530911038233814	0.623791495217835	0.399675333587295	3.10745102696479	1.33977590701437	0.60746194072003	0.419559385727678
"OXT"	0.173373726243731	0.0890818244418013	0	1.85617898879707	1.00656373541749	0.207633642884018	0
"GATA5"	0.024420749422629	0.06478871473113	0	0.0665720636473556	0.0726745322117313	0	0.0531292049091728
"BAAT"	0.0663775972793031	0.852668475831198	0.221806568213614	6.67618982069458	0.0896055354207397	0.0558149498472627	0.331275840497734
"HAAO"	2.32998321509677	1.68758480219387	2.59863913890855	5.64638157989003	1.63707229402246	0.718843375697568	1.15972605108144
"CCL25"	1.23336658380286	0.035434094877247	0.815484437840076	0.0502307204629834	0	0	0.0279234016685138
"LIPC"	0.287627726645849	0.375471549391182	0.903177903891387	5.33386019744554	0	0.0351757601656802	0.107381155229185
"GATA4"	2.70790683804666	0.89851640419278	1.49451801634877	1.90226270954061	0.0529445999473224	0	1.32371881032391
"KDM8"	1.51573515628771	1.00633465190937	1.65744336459094	3.48506224298506	1.60276566349913	1.27786575723488	0.932645541061956
"ADH6"	0.0304602472198709	0.0820477787085088	0.0368200764658934	6.45470644018082	0	0	0.0203209841770015
"ITPKA"	0.156901245063218	0.244001081951021	0.981005049286758	0.503113610150134	2.12646082004785	0.0837109654024728	0.459656136976142
"RHOJ"	3.98548221434341	3.03726096726353	2.12209618817288	3.56082498634084	4.16968453222917	4.18602507451768	4.00223894750243
"CLEC1A"	0.83891385916284	0.796820328859302	3.13529024096459	0.454104283187597	3.61896686829774	0.514976638210691	0.532216204077914
"KLF2"	4.28977177001236	3.55295000188673	7.84016106714085	3.91731717545642	5.04865470184035	3.20144802380721	2.40707533541369
"OTC"	0.0248405583626547	0	0	5.28543736100575	0	0	0
"GIMAP1"	3.01759592895938	2.50124804706721	2.92692168921672	1.60354682767486	1.57290906587056	1.55583332990037	1.4106830121307
"SOX18"	2.95536953543747	1.80291283367491	4.44597825269036	1.61801777006495	4.82975317404493	2.46603582669857	1.85054741944951
"FGL2"	5.75504645702664	5.92848758164362	4.43381408445803	5.06956039889676	1.64574315448372	4.81126293450704	6.56557813678433
"PLPPR4"	0	0	0	0	0	0	0
"MSRA"	3.97797133541656	3.03917525060874	3.79069906733682	4.72988444886215	3.61124321439543	4.61409730477418	3.77543513863735
"LRRTM2"	0.0624830313643544	0.0258644648113443	0.142338932106345	0.0333490631739011	0.792717946291535	0.0656422044429329	0.322672910311682
"TPK1"	2.05641705394948	1.68649156283667	2.54207476012763	2.46720121278321	0.495592840198345	1.52633428320365	0.916605048136323
"CLDN18"	0.0351414059073392	0.707299490249267	0.0308045868136939	0.0664265091059548	0.126291246456392	0.057038668466831	0.0792904458497178
"ENPP6"	0.140186145879116	0.138648306989428	0.218068167008027	0.0928847773210357	0.620129367342423	0.0843350169074936	0.046410035103623
"LRRC55"	0.0309434716701065	0.00555291609108211	0.207061969825824	0.870514653430543	0.0213711303172643	0.0179969261889324	0.049693004385617
"ESRRB"	0.091772601670264	0.0717906032295444	0.0656828703216975	0.0268527388781326	0.166098392206649	0.0168130647260083	0.0783335649340252
"B3GAT2"	0	0	1.85661924450696	0	1.18483885366505	1.02165952007156	0.344543337750254
"VASH2"	0.406630270920924	0.66670388143379	0.767436152994176	0.228451160404446	2.44908061626288	0.46581360483151	1.75639566573367
"NEDD1"	2.73464567964843	3.40396299378625	2.90047076703757	2.94481160429904	2.3319201431348	3.33270005786454	3.08346868990984
"REM1"	0.821352251661466	2.036211424408	2.03948235317867	0.219579310536433	1.2513918931648	0.152858487808996	0.479774315425519
"NPPC"	0.117191673691787	0.0583573684847809	3.16545213220861	0	1.47106256884613	0	0.0372421982278114
"NEURL3"	2.40785169320358	0.490624551367925	0.600905312892953	1.42989443437207	0.44508359682491	0.493786166199861	0.125258108789873
"C8G"	1.14824756317463	0.959764592109324	1.14246572032538	6.77551151901928	0	0.137795836611249	0.102324207070975
"FAM151A"	0	0	2.9209563682549	0.541635265521611	1.59851766173728	0.142992752315575	0.197857215639408
"LRRC49"	0.255518861139719	1.40048328100928	0.721720002000859	1.28507369089603	2.2144792170641	1.8401066704079	1.85143523673245
"FATE1"	1.24212381453802	0.0902674282569934	0.216336899242796	0.0850882148082479	0	0.0296269528305198	0.881612548247567
"ARHGEF9"	2.29445459966642	2.26041865400087	2.12763988243406	2.16294634485038	1.38388397024795	2.91339688403371	2.71813033796728
"ACHE"	1.37646820843784	2.11984252732813	3.65314029201972	0.728090301490428	1.55059042724	0.15096058610933	1.05540392049481
"PINX1"	4.32786697140204	4.0780376298084	4.06269162969186	3.65990743771091	2.50211670237357	3.40932779563189	5.7552361113431
"ANKIB1"	3.13782809362139	4.16205289776747	3.22133113497307	3.59058405599226	2.84660764388813	3.8094144442359	3.62219242044641
"KRIT1"	2.93033900414305	3.87531317544164	3.0140642248898	3.56401226543737	3.09253897625201	3.04502614363389	3.64569589516432
"VPS50"	0	0	0	0	0	0	0
"LMTK2"	1.95989439223699	2.67926051164723	2.15639661659767	2.30492714382915	1.68801470216733	2.98469688774098	3.24544242024487
"RBM48"	2.931821080258	3.49867850576927	2.98943333074007	3.63549902442323	2.87349234509555	3.23933999040758	3.80224492551483
"PEX1"	2.41558832328132	3.29243281037518	2.29985420103149	2.81898550054929	1.66941687557108	2.9432631049992	3.15807279974726
"TNKS"	2.37417842437008	2.74181319166799	2.37548155831406	3.04442909335976	2.94804945322795	3.44414623519179	4.14012013277623
"FAM208B"	2.67731992980184	3.40489767389073	2.82814816537399	3.09312067540246	1.87208407764759	3.14938050646909	2.93712589959458
"RSF1"	1.9790210983847	2.79563293546658	4.44505789839225	2.82587413988955	4.96131771866508	3.78242953417965	3.02765745574078
"GATAD1"	3.09092624068744	3.93682636033577	3.97897352321573	4.03569868162139	4.75675111489999	3.57767051585989	3.97558433330703
"FAM133B"	3.42837826386104	3.69247183524077	4.91025776057993	3.49125537618082	5.03524999213725	3.85422510324324	3.57012893518223
"VANGL1"	2.9155514943582	2.31902102281936	1.14627723081595	2.5600032124001	1.48846873503193	2.88880071206265	1.88164895904495
"ETNK1"	4.09049355846264	4.20135548826079	3.5101517577843	4.07203289193279	2.80923126590459	4.81833931136285	3.3763667952457
"KAT6A"	2.68338542737647	3.29000335977174	3.32219929606294	3.11786955167638	2.96813684380229	3.85057942235636	4.25302109571151
"C11orf30"	1.42022367203741	2.12187578656866	2.04687866038452	1.53461446315222	1.85457021624876	2.12774387110228	2.2908991293115
"C2CD5"	3.34782862345153	4.09451900629096	3.38194641678175	3.56998316730572	2.89834381047238	3.24205062478618	3.36762407427817
"NAF1"	2.36699356698033	2.59843548020337	2.74102467189956	2.90632783479708	2.3868247389019	3.34208747213868	2.93841283379881
"PPM1D"	2.23829314111435	3.14784801493482	1.99226811308159	3.17314262808233	2.5516759664202	2.48185947881389	3.33681037523754
"PKP4"	3.25065314934824	3.26347090532444	3.0648138874585	3.42034226241291	3.23536097930383	4.08988368804411	3.85269304198542
"BEND3"	0.658700487770676	0.972463642450262	0.887396592202191	0.681364702690904	0.855699534984615	1.20219201344124	1.47056289453825
"RPS6KB1"	2.86961580349843	3.86448827403752	3.05002797689073	3.37326817503619	3.01920373397309	3.0959337004631	3.14628211926662
"CDK6"	2.31803767633931	3.88708654676436	2.77902433067571	1.49107575521831	3.49482519059568	4.22159872077629	3.30612805643197
"DDX52"	1.87475762807426	2.49535747107458	2.5536578595713	2.90261292097713	3.09595141754786	2.74620633417694	3.11255335399564
"ZNF473"	1.51316224872573	2.48766770385597	1.32051356051218	1.72693364038597	1.73560882304539	1.97409423578685	2.3735312877512
"AARS2"	3.22496713649474	3.1110889188531	3.05927912567645	3.08565069702685	2.87062512103218	3.6122404289634	4.37002474816031
"MTMR9"	1.6270534654702	1.78502317595434	2.00875936751517	2.35639316076761	1.94695912845547	2.35410089464334	2.22825381290462
"ERI1"	2.25538289565214	2.40034255140125	2.39434401573582	2.55232542237654	1.70322032844672	3.04665082694185	3.04644129316686
"EHHADH"	2.75139837635525	2.34134677924808	1.01461238403633	5.32725980902004	1.14940245709979	2.5463993839691	3.19055876309046
"CTH"	2.69477992479472	2.5986343752906	1.06357887162598	3.84000492286439	1.10150889213211	3.1823522390069	2.11038663100152
"BAIAP2L1"	3.02328995527191	2.29766978951891	1.68981351822858	2.89308257655095	0.584177461068762	0.387213631140202	2.39055901164576
"PABPC1"	9.17490072216294	8.26585879564717	9.43571609311958	9.36465887760356	8.91738998251001	9.98332854897954	8.98170141348537
"CYP3A43"	0.0539818358414007	0.0643981708452053	0	0.573183996677466	0.0592985101879987	0	0
"MYLK3"	0.0477393190870293	0.0210365885244335	0.0753217734945384	0.0887129293950056	0.0546622166885145	0.0266155950074486	0.170013484024716
"PLGLB1"	0.020183093062931	0.0508723449666688	0.148948417551573	2.27400366791424	0.0341740118316384	0.0482107917642314	0.0688119437007968
"OPRM1"	0.00495697102962312	0	0.0280508204055433	0.0110209026191415	0.0687096029923299	0.0100416559310038	0
"TMC2"	0.0143934310448432	0.0837331555041317	0	0.0356767606639068	0	0	0.101615453687102
"LRRC69"	0.192937735013418	0.215638219217216	0.212183323491389	0.171194014794277	0.151314619392494	0.23301678227137	1.61195372661904
"PRR23C"	0	0.0256139066622987	0.098445969650437	0	0.116960743450797	0	0
"SLC22A25"	0	0	0	1.45345699923811	0	0	0
"SLC22A9"	0	0	0	2.65618628936905	0	0.0108473538693929	0
"CACNG8"	0.0547554887445462	0.00564872070123332	0.0489877539633966	0.016322130519418	0.0468715378608041	0.0755670637626509	0.0141094925120802
"SEPT14"	0	0	0	0	0	0	0
"ANKRD36C"	0	0	0	0	0	0	0
"LECT2"	0	0	0	6.48737861912302	0.0993986302492176	0	0
"EFCAB5"	0.0526342295930151	0.148334391283186	0.311563565565316	0.0609231831052059	0.0529044078639578	0.743007770628447	0.705842138244187
"PRSS55"	0	0	0	0	0	0	0
"HYAL4"	0.0165900955917923	0	0	0.022507725467545	0	0	0
"CCDC65"	0.342780006768967	0.271781823614382	0.291689598551428	0.0778650014244062	0.356621623824061	0.170448764955182	0.288698153604023
"PDE6A"	0.33645707217847	0.0241680251089589	0.083092704531129	0.054649228961916	0.112219710371977	0.0971276825693813	0.050674566707561
"SPATA6L"	0.138226264055336	0.128305016440057	0.180691475216811	0.4942041191017	0.284806669819002	0.703211910445217	0.263850499912915
"SAMD7"	0	0	0.0379791387751434	0	0	0	0
"SHBG"	0.270059429468423	0.186689566203648	0.189424817689928	4.52461536601876	0.767329360714847	0.0703121072902398	0.342465427601553
"A4GNT"	0.0253989560174735	0.0177849701469935	0	0.147276346502138	0	0.0294807322712506	0.0157273432430497
"SLC10A5"	0.337640311288124	0.129043658104646	0.175552704228129	0.890950915486553	0.530963657927582	0.183305471471689	0.227386210532147
"PHKG1"	0.134618201302969	0.392234980706628	3.45251109493166	0.724401434488198	4.77097172310207	3.72301239639237	0.131288732386435
