"Pt1.baseline"	"Pt2.baseline"	"Pt4.baseline"	"Pt5.baseline"	"Pt6.baseline"	"Pt7.baseline"	"Pt8.baseline"	"Pt9.baseline"	"Pt10.baseline"	"Pt12.baseline"	"Pt13.baseline"	"Pt14.baseline"	"Pt15.baseline"	"Pt19.baseline"	"Pt20.baseline"	"Pt22.baseline"	"Pt23.baseline"	"Pt25.baseline"	"Pt27A.baseline"	"Pt27B.baseline"	"Pt28.baseline"	"Pt29.baseline"	"Pt31.baseline"	"Pt32.baseline"	"Pt35.baseline"	"Pt37.baseline"	"Pt38.baseline"
"C20orf85"	0	0	0	0	0	0	0	0	0.0243652857956512	0	0	0	0	0	0.154476276385833	0	0	0	0	0	0	1.06685245412083	0	0	0	0	0
"DRC7"	0	0	0	0	0	0	0	0	0	0	0	0	0	0	0	0	0	0	0	0	0	0	0	0	0	0	0
"DNAI2"	0	0	0.00782168175741521	0	0.00653394225664496	0	0	0	0.00639768581741284	0	0.0238199690701091	0	0.0171102795492506	0	0	0.0301296716891065	0	0.0219376926234423	0.00932108454226991	0	0.0702142015646242	0.130469528917001	0	0	0	0	0.0409051922185239
"TMEM190"	0	0.0914127896545648	0	0	0.156126045454449	0	0	0	0.214463674516232	0.0727026542602441	0.0501961654972014	0	0	0	0	0	0.0818079500573165	0	0	0	0	0.783081525837688	0	0.34620124393485	0	0	0
"FAM216B"	0.0419866407322537	0	0.201983201974123	0	0.747726817379466	0.00912326122766722	0.013873909611129	0	0.0285847105888089	0.0189512331277527	0	0.0177465938683265	0.383874572272863	0	0	0.0433682346004436	0.0514828491136256	0	0	0	0.0251299568327933	0.444796384187057	0.0359438006853854	0.0301398443734658	0	0	1.86643722085338
"VWA3B"	0.00385610708289157	0.0480418831257095	0.00471156276148318	0	0.00405102131751991	0	0.0106560408996214	0.0167204301194693	0.0956255233706506	0.0055906480443631	0.0299195190672131	0.00626291759465646	0.0254484690839854	0.022858796229934	0.0167179487535689	0.0225491994411971	0.0108911689880039	0	0.0129360044686662	0	0	0.0745417430469367	0	0.0440632233515504	0	0	0.019770507535412
"BMP15"	0	0	0	0	0.0198053720690172	0	0	0	0.0172959631781211	0	0	0	0	0	0	0	0	0	0	0	0	0	0	0	0	0	0
"DTHD1"	0.224779959845137	0.390174597965288	0.136221972673061	0.00766053410270962	0.0245307483388967	0.00855702125774555	0	0.0770553680022512	0.00654487151363582	0.0278556904091848	0.762831405184914	0.0182772303047435	0.239499472722041	0.0534549003139954	1.28022290589144	0.407827497814927	0.212498992134844	0.111466660075185	0.279084940403423	0.0977613953416329	0.0270681809852976	0.6797057334397	0.033883039973665	0.0309912698219395	0.121382561581544	0.228359417186639	0.56170151829247
"CH507.396I9.6"	0	0	0	0	0	0	0	0	0	0	0	0	0	0	0	0	0	0	0	0	0	0	0	0	0	0	0
"GRIN3B"	0.0411550718965259	0.043878924044846	0.0147038688351694	0.0516308238752467	0	0.0203283101183866	0.114129843717538	0.0891225809134673	0.468366440313605	0.0602236100416142	0.0791664491151798	0.047378196748722	0	0.126625021775103	0	0.0142521580214578	0.0745663351680944	0	0.0833617326550628	0.118266555812095	0.313180246859462	0.126479586905444	0.142895671624969	0.257676880790334	0	0.128487023297669	0.256382697961364
"TEX26"	0.0410500491787072	0.0943076284480297	0	0	0	0.0365484161556788	0	0.150120042513468	0	0	0.0280587439086953	0.034562188228058	0.0960202590120146	0	0	0.0308074112449238	0	0	0	0	0.0509515183108483	0.0936185182732017	0	0	0	0	0
"AZU1"	0	0.105374355938701	0	0	0	0	0.210633241523827	0.037426292939717	0.0502721017321323	0.0448396946698916	0.11580433917542	0.0626343717634825	0.250731572637907	0.25490721776988	0.162754650802424	0.258871640880013	0.526176007941508	0.297017636931266	0.113641896821991	0.125488376055047	0.088354660271044	0.125223188545529	0.225719147371428	0.451042793088409	0	0.1994242192103	0
"GLT6D1"	0	0	0	0	0.0166545583901815	0	0	0.0455573892752959	0	0	0	0	0	0	0	0	0.0192619587969357	0	0	0	0	0	0	0	0	0	0
"OR2AP1"	0	0	0	0	0	0	0	0	0	0	0	0	0	0	0	0	0	0	0	0	0	0	0	0	0	0	0
"PRG3"	0	0.0920578826889299	0	0	0	0	0	0	0	0	0	0	0	0	0	0.0776510666518145	0	0	0	0	0	0	0	0	0	0	0
"OR5F1"	0	0	0	0	0	0	0	0	0	0	0	0	0	0	0.0660951162616511	0	0	0	0	0	0	0	0	0	0	0	0
"OR10K2"	0	0	0	0	0	0	0	0	0	0	0	0	0	0	0	0	0	0	0	0	0	0	0	0	0	0	0
"OR8H2"	0	0	0	0	0	0	0	0	0	0	0	0	0	0	0	0	0	0	0	0	0	0	0	0	0	0	0
"KIR3DX1"	0.0199402400737287	0.0164221507706001	0.0553703916586463	0.0218086670184555	0.0156519215146668	0.0201745286696346	0	0.0782336056441932	0	0.0423557695425675	0.133931845978024	0.0214252166714683	0.00983350713048215	0	0.49616012662314	0.238228012690128	0.015102586840771	0.0116771093003282	0.103742616888024	0.00783911562054154	0	0.0104639864225679	0.0817081630512644	0.0763494821045671	0.0276029302391862	0.0370709458602681	0.282087465642219
"SCGB1A1"	0	0.145389865623369	0	0.132032891813401	0	0	0	0	0	0	0	0	0	0	1.63564992848246	0	0	0.167063706141113	0	0	0	7.96506275674463	0	0	0	0	0
"GSX1"	0	0	0	0.0353751817409902	0	0	0	0	0	0	0	0	0	0	0	0	0	0	0	0	0	0	0	0	0	0	0
"PCSK5"	2.09631246121101	0.339001662559528	0.283603574083256	0.255480792094825	0.775570618857023	0.0998740516499512	0.946901503469164	0.993837368930114	2.33618768115755	0.59134191893424	0.673991880310742	2.55693454618139	0.435850448023465	0.53561305995213	0.396988033367339	2.1326360626877	0.606220476679948	0.372677458392158	1.12872231792907	0.348772903635991	1.0724179789468	0.708467138065037	0.652561754024491	1.03361681624881	0.267883321369256	0.154959030695406	1.17084803093054
"GYPB"	0	0	0	0	0	0	0	0.184317369142291	0	0	0.0894689983421386	0	0	0	0.135798168769633	0.0957225973129586	0.0773223107925067	0	0	0	0	0	0	0.312647749600026	0	0	0
"PRTN3"	0	0.0945954487307318	0	0.062864425729288	0	0	0	0.0651978377963482	0	0	0	0	0	0	0	0.0974717788458641	0.0953668076418046	0	0	0	0	0.0751519695914116	0.362200541831435	0	0	0	0
"CNTN5"	0	0	0	0.058343721223536	0.0487003127676425	0	0	0	0.142230826546101	0.00969178685730631	0.0806792865556595	0	0.00566582876771721	0	0	0.0154314419783314	0.088563350473337	0.0178596392230704	0	0	0	0.0186114582781808	0	0.0701943447860026	0	0	0
"TNR"	0.0093616851393496	0	0	0.00655529085303188	0.0161185310839301	0.00626554628788838	0	0.0250255900744085	1.35766741560498	0.0968366572326408	0.0150286172981926	0.0159614323135687	0.326571286738926	0.010233086197565	0.00895272436144538	0.112653498754807	0.00563243156405147	0	0.00403018232608603	0	0.0200416460204983	0	2.04482424066484	1.11737588588631	0.0304892042883682	0	0.156431567063592
"CCDC173"	0.0916252351437564	0.0808700615325283	0.0524055990871133	0.0175575191468616	0.0276126961521582	0.0788618744549397	0.366474974447421	0.0817720984164963	0.385495646395501	0.183039265258009	0.192644266426207	0.0629806473930461	0.0377805687328767	0.0871081322888629	0	0.0742850420398011	0.0507628042314413	0.0282174877841952	0.153193244193113	0.193304959987092	0.0463637230297112	0.12689675605075	0.0387435117965392	0.727159817692035	0.0520841891959855	0.0377569577378327	0.0600927742243178
"CTD.3088G3.8"	0	0	0	0	0	0	0	0	0	0	0	0	0	0	0	0	0	0	0	0	0	0	0	0	0	0	0
"OR4D11"	0	0	0	0	0	0	0	0	0	0	0	0	0	0	0	0	0	0	0	0	0	0	0	0	0	0	0
"BHLHA9"	0	0	0	0	0.030092724461301	0	0	0	0	0	0	0	0	0	0.150124202895914	0	0	0	0	0	0	0	0	0	0	0	0
"OR6N1"	0	0	0	0	0	0	0	0	0	0	0	0	0	0	0	0	0	0	0	0	0	0	0	0	0	0	0
"ATG5"	3.43887367227079	3.72887286326344	2.95109350877226	3.35700367631357	3.8669623624692	3.23109135632131	3.27972014279071	3.28207945692925	3.16294151254028	3.11505822013724	3.79444186062117	4.02239000816604	2.7845636577602	2.13620123176111	3.30187878995547	3.42213677294461	2.89875784596076	1.97053158825121	3.52335494583049	3.59082953702862	3.43621182095422	3.38267486041695	2.5944434487324	2.87402968478206	3.4616071354943	1.75781267126318	3.29586405504361
"HCCS"	3.85942296930148	4.00237398410405	3.94711440511017	4.65818862799586	5.13145366969633	3.91887754492306	3.30403931439463	4.00562005830738	3.57994040449934	4.25240051985986	3.76106715032212	5.30498918384888	3.65831432467326	3.63531327467924	3.60508536216334	3.78743768863488	3.52735439132026	3.46780376439466	3.54635122537462	3.6631168673661	4.20658071417854	4.12024409919395	4.2925903586197	2.69674613377761	3.92674904553339	4.01489977188754	3.92422343130936
"RREB1"	2.62830817226051	2.76671281978923	2.54019469749799	2.94477975120453	3.37950729405628	2.61513375751443	2.46668192966676	2.13478114875778	2.14498610008114	2.33213503775662	2.40283675851265	2.3489235686432	2.15937892045925	3.42775633396749	2.84272847482977	2.79734507084351	2.52292828561427	3.39430148104595	2.93058596489628	3.14085307860735	3.71697443771366	2.57651851001559	2.67235971199843	2.36181888092897	3.23147234621615	2.87277951995602	2.34682643832768
"PGAM4"	0.0251690871042314	0.025965001789298	0.0453318286354821	0.0136427685221306	0.0124740639306138	0.0427329973988123	0	0.0138788392650246	0.01251454013822	0.037591248275287	0.0281410891688182	0.114058595096049	0	0	0	0.0142947985058216	0.0342785501012125	0.230069560977811	0	0.0315507505051056	0.032808542521689	0	0.078347092726887	0	0	0	0.297192590681383
"ARPC2"	8.24278111698004	7.20521165645229	7.60132509948205	7.83990921317989	7.40244079932085	8.13194182252705	7.7050966765794	7.51471405413849	8.46126865516521	7.85237344958027	8.19324196814375	7.73641546180622	7.70312839234822	7.51481660707872	8.18935511254853	8.26700433373334	8.08465162236776	7.46228958465354	7.81192372837358	7.44729403443775	9.15195772673536	7.56329543621395	8.17086144736045	7.95459183383687	7.92082920856346	7.16230068538331	8.63368912280598
"ARHGAP31"	3.81011401256243	2.27259209013977	2.5409014025991	2.64233074346764	2.29885183484644	1.85460412463308	2.76713249470523	3.04877848961167	3.6746301311541	3.16116373532319	2.93600089267758	2.29274347313738	2.8688477361414	1.87718865631891	2.39070344986757	3.6502533226121	2.69767708814611	1.63829630793671	3.25237705382807	3.7540055856921	1.66984768851565	2.54969997088962	2.6594519527207	1.88352306940797	3.80086884606055	3.56218135647187	2.92420252432453
"SLA"	2.95737789795747	2.83273713101102	2.68226877116313	0.97691347822467	2.87067936541852	1.59549172551756	2.38303099288496	2.20815045275636	2.58096912946093	1.97204743208804	4.28269184687074	2.76048071465781	2.65323890937251	2.1370181719679	4.91998595627993	4.03506079690511	4.22221336146537	3.52076166625319	3.24191872137891	2.79564644114773	3.11387632524164	3.52834001906281	2.62773055909827	2.87136661309352	2.53755948089588	2.72324836507462	4.9175081369573
"TAS2R40"	0	0	0.0410863663103802	0	0.0347719051212942	0	0	0	0	0.0798457057760864	0	0	0	0	0	0	0.0338599992586359	0	0.0298799945765873	0	0.0642726804897925	0	0	0	0	0	0
"CLEC4A"	1.89853536502434	2.55851867544146	1.61901148873674	0.417571170358577	1.62701609932884	1.20531430753956	0.837192441588678	1.84443587125417	0.818501294821865	1.53139144237179	2.6952689439461	2.28564042883785	2.29596541220323	1.97492939379694	2.91095806539386	3.10081789991941	2.54298478685668	1.08649438303092	2.01429458423518	1.81547910935908	1.95187123342073	2.87838301632214	0.786047615254789	1.59283253761365	0.954944456247671	0.876666635292249	2.71036894499128
"RAB5C"	6.57165026729277	6.58156968382779	7.15721554559347	6.86866824758828	7.48675459032922	7.26221232389643	6.6707553756789	6.57632032184811	6.51592213809719	6.35903176726834	6.77952895279036	6.94509263053996	6.63150594540498	7.68931314007127	6.36890713023662	6.90352037372338	6.7515440590891	6.62003283131298	6.86450189313408	6.6612564959509	6.60685377577012	6.33682697435466	7.50081001844507	6.33029306889119	7.44455112186695	7.05193758302812	6.27582466587883
"SIGLEC7"	0.67966205058234	1.69746247692187	1.83828218496343	0.447463353139541	1.41584247882982	0.728890055265573	0.616573191119913	0.516241117899524	0.843573481614705	0.726733145305184	2.54846745118381	1.52404611853323	1.7067294550326	1.27911763600806	1.69740909715198	2.89591427967083	1.86847935312513	1.57755451075729	1.32587567358294	0.940487021426	0.281065550801365	1.83238574209357	0.839448508898804	0.321151138701969	0.885365070559785	0.504191206239658	1.34796040081582
"INHBA"	1.31241541004459	1.83646952807708	0.23113929284109	0.433681108584126	1.20722443548375	3.15119721339538	0.83422659596662	0.330705817002075	5.23063918433745	3.04928486277526	3.80899248170145	2.27577141373267	0.179484298062453	0.541896401908778	0.236349336724517	2.89413674752707	1.79673271488811	0.0920595069033298	0.973099124309411	1.10324919612986	1.38821433972295	1.20847043856631	6.23646009040758	8.16300050588544	2.1806252849257	1.46055386108957	0.777448753242291
"TNFAIP6"	2.67587688882983	3.2750010859378	0.713436282331618	0.615315531100711	2.38989991471691	0.887010877762868	3.42801974864536	1.53898753907909	4.99703492186352	5.2901534307355	3.77680410444712	2.82209379440218	1.61569642788074	2.4749201053105	1.11570248221187	3.87626644840339	3.09815254823218	0.944339731805412	1.85351267256632	1.43595123098581	2.28158550037374	2.73694467493645	2.47890969664498	4.32859235703741	1.69391287298513	0.558864183898176	0.552165545576055
"DIRC1"	0.0754387759246755	0.0361373474159452	0	0.0893664175475008	0.270629404278404	0	0.446235581996269	0.0564648479458168	0.772966666563623	0.663680715633005	0.447342739158251	0.329331444245885	0.126428572201271	0.388200009402995	0	1.03669603187044	0.443650674218798	0.0721939033993733	0.178250227348021	0.0764687271924075	0.334624906913484	0	0.101527717458724	0.0788994375863181	0.0672974130519728	0	0
"MMP12"	1.40301406934495	1.05298270490238	0.633712979194181	0.0804914880485347	0.0287269206599429	1.38778161155156	1.99748752414041	0.184055540260089	1.30249160830732	0.637949145859522	0.181445957193203	6.29899823985738	0.479756728106257	0.1773946925235	1.06495663954936	1.8718397067142	2.53381623372934	0.0368366711924663	1.66030344436856	1.14703962893028	2.46707988949225	0.93343213860433	1.48581836268964	0.10505742464697	0.0418193842731304	0.060910389925758	4.08790406872561
"IRG1"	0.0195208813247697	0.0600672422132023	0	0.021726030572052	0	0.0289661922955768	0.0881707762008167	0.107458492695225	0.00967602337810068	0	0.0907175533366108	0.600691271016612	0.14103262626835	0	0.408735226522612	0.188525627823905	0.108498496397314	0.0361564825778704	0.0724260055023007	0.0704206546435966	0	0	0.121504706665502	0	0.0410346246376948	0	0.0481440957962747
"WISP1"	2.41738807794414	1.15099826717708	0.669715737375865	0.229777398601611	0.978281676185267	4.67809726476352	1.33175393600938	0.612371844656206	3.02511829552308	2.18334199951799	3.03623516622876	1.32775920974967	0.981187033849123	0.806810304945819	1.23336044766477	3.3015459453832	2.46564541417627	0.479793971587449	1.27322344204043	1.20530492260065	1.35450575990805	1.71201022016379	1.22992010424876	2.34699942521495	1.03684089016031	0.41603982406473	1.22574382211152
"PRF1"	2.28621729623133	1.62311301827296	2.22361870605331	0.37985048866454	1.38716399115921	1.401922580025	1.81743702528098	2.39058927608978	0.57232605863365	1.35830060427805	2.99928117848641	2.30827203656187	2.51617025360432	2.57695016666077	5.51064392183973	2.69992469507076	3.69402211899792	4.40570991767084	2.79854412035201	1.6234946715511	1.15142698243616	2.31854534034803	3.71984055506427	1.56077852946532	2.2916801697036	2.5958712097023	4.07786677838551
"SULF1"	5.08112015543471	2.83543298942927	2.40510741683395	2.10894089645462	3.58480620029197	2.56256970330443	4.65355019783571	3.02086840690723	4.08503367507423	4.60364117982037	7.60259495012158	3.91820970341988	1.35132867871808	2.70218432386683	2.39559479806747	5.93378624139567	4.71936691508595	0.614528936480696	4.21054082572296	3.46364861134725	2.86619387010081	3.94115327291128	4.54046130236645	7.46836337721817	2.90955231555166	0.812537655036427	1.39049710512368
"SIGLEC5"	0.422461229904696	0.20479554167834	0.651237722246337	0.0541850667094992	0.834555491787861	0	0.231194602230933	0.399323149966148	0.389068390174649	0.147001714031946	0.709358577559693	0.878401262634871	0.374410209586147	0.418878606334195	0.705294532553786	0.857850450194302	1.06462766784895	0.052009809475758	1.04630944590162	0.838612174443632	0.165240250252122	0.809299600316541	0.197685514935012	0.324259912919128	0.276743198030935	0.26191107097242	2.38107013694156
"KLRD1"	0.745061745135817	0.679456227983178	0.805047238523223	0.0419628182063584	0.583804995076532	0.476579218270501	0.330516523980517	1.17582795830055	0.235673149207196	0.278439793757563	0.7941866805887	0.533229920056181	0.655110901324571	0.240215398281803	3.57228943092956	0.984977176315544	0.864179011655157	1.14957805012324	1.41910197190837	0.687773794836503	0.0268848837780536	1.05725478026005	0.921150658047194	0.725272613466871	1.11825339720458	1.25300898946754	1.68040087842051
"LUM"	9.36642604083459	5.1570740355354	3.07193767639927	5.08408127760138	7.14314848588806	4.77329220672051	6.84920490823463	6.94171082941439	7.36050035686557	8.08304046854948	7.15590604763138	6.94895703893645	5.11190976973207	6.49823251454276	5.49736007948772	9.8460960124003	7.53451299670753	4.19550902623561	5.87877683035711	4.71695523800323	6.01985644886821	8.16463042552143	4.91628554634605	9.43110057344353	4.77146834063132	3.03982272192707	4.98439795045341
"FPR2"	0.561442964968599	1.0281695269039	1.93644760847387	0.0776209902106509	1.4673916567258	0.054472806549363	0.519693361995027	0.50179324670701	1.68754897141297	0.866818585633036	2.15552581780848	1.55990045773705	0.425150966921132	0.1677423810732	0.854393480826409	1.31969885232577	2.31452252179161	0.500689385900296	0.497748262495518	0.195939674777038	0.149140978993418	1.12605767014741	0.482345445907196	0.26893496801647	0.18846802513767	0	0.344675131499115
"MMP8"	0.97645895677953	0.0884223725591934	0.119611622677748	3.16108793366596	2.84031316563822	0.0386972338623441	0.0496846412726493	0.514754003319819	3.07093023711759	3.94924076132025	0.234949449033274	0.0667348221100206	2.1926849769254	0.781681582227003	0.03767277015198	1.11320373721468	2.88810807978637	0.033371830109052	0.00654574757401538	0.0147499803445051	0.138203061220639	0	0.445358038133604	0.0666735229401629	1.0327285787486	0	0.236845251077099
"COL15A1"	5.11456484053061	0.657106269370493	2.29417960271322	2.64426701082423	3.32919106403429	2.55501116185658	4.83704001371034	4.65482217071788	4.90209529194897	4.84720270478326	5.05966244065625	3.84155051037118	3.05765734688056	4.23482700914389	2.72377806158112	5.9568268292175	5.55404697189338	3.34944171349341	4.727073643526	3.99943182696124	5.04765616566266	3.46887000298206	5.64628652541594	4.2510676501511	5.37958977355716	1.90029686105553	4.56739941848821
"CEACAM4"	0.344828496997441	0.536221039036388	0.34991665768245	0.0163559658699441	0.562546747342225	0.0320121623160274	0.395189509753178	0.664993837091242	0.163025656853942	0.275141176134152	1.07113452783578	0.40197608224632	0.819963231459866	0.156035023754713	1.3423129486415	0.721636892383202	0.753791064861096	0.818836657304801	0.51101962592489	0.298167363847373	1.48496560628848	0.300878005598221	0	0.907992009361398	0.0777051343136079	0.395348019010596	1.08854869701024
"CR1"	1.00507152612864	0.906592792617753	1.24448828450054	0.0443126965988856	0.748887537922379	0.197527632884407	0.545327413229026	0.765507589494848	0.336649585947478	0.968572983291727	1.1770184179937	1.64938093021008	0.611828645195276	0.397225768399744	0.959858791078535	1.79499802579459	1.96346302627804	0.493427531659395	0.8348863346834	0.152707173194973	0.130451934162512	1.45694016385664	0.141910122372396	0.284239308014175	0.123912473071104	0.249152828148843	3.92184569647296
"KLRC4"	0.837158525255166	1.05444981448063	1.07792452843012	0.0305026938462236	0.158708641331091	1.45112141463231	1.25351131323953	1.06543444594863	0	0.594270015641717	1.60908592978062	0.5333899153813	0.361199028118992	0.459822929382095	3.06703373877517	1.37876129886643	1.3744246775365	0.182904555092186	1.05748839695451	0.399208288890213	0.107265375637314	1.61142972821814	0.277377795337327	2.35982193480608	0.497634845684668	0.379373653393278	0.957380498372862
"ADGRE3"	0	0	0	0	0	0	0	0	0	0	0	0	0	0	0	0	0	0	0	0	0	0	0	0	0	0	0
"MRC1"	1.45168588647002	3.03997007317744	0.71076258061272	0.347089029939233	1.39171273815219	0.764730007315605	2.29156230390607	2.41557750715836	2.28256434884263	2.57191339741107	0.894806512667454	3.38284982579953	0.699998407921706	0.133533935065339	3.72969958833598	1.58574855533801	0.93289154056034	0.815821731620442	2.20590856266485	1.00713377283313	0.928336967713555	4.10666657522343	0.411614976942899	1.82480857790486	1.44675380768418	1.10289324294507	1.80671999654575
"MMP1"	0.991381617239115	0.0470189390038993	0.0553289481073012	1.07929276727285	0.758896253202173	0.893793207346427	2.08923880852057	0.952548649829261	8.8678347034652	3.03063712346431	3.20747434692997	9.39260722079931	0.875158430290383	0.124256792630278	0.261121567369095	1.75242962208194	5.13324087241007	1.3874921349138	0.40650456158404	0.359282200756966	8.33338571577683	0.818654671484674	3.78573885352357	11.0225758790396	1.9149930588992	1.81302386612009	1.6663294000333
"CLEC12A"	2.06664204583748	2.26112758656132	0.806132235290346	0.0173733658788834	1.73156341983729	0.49283866534109	0.421545403431953	1.10789873508112	0.26318527980084	0.339010216866793	1.93953878302766	0.986715279944177	1.46573943621404	0.62366837230757	2.69067186348493	2.80501482877095	1.57650278898886	1.04894061809089	1.72059148952835	1.0398578069232	0.396550257409602	2.22875405631023	0.155531646461992	0.719789748879836	0.933811305237243	0.560733538223111	0.827275981420069
"CXCL5"	0.0128834934888816	0.450624813354142	0.292696951598712	0.07361392343054	0.140878757680097	0.0863266365270029	1.0038080129178	0.168766148200915	4.97651486330944	0.555002815062232	0.0856216026364247	7.49582305545168	0.0206410148913907	0	0.124050621142894	0.365975226223144	1.67976832821836	0.114708899834653	0.146516549915463	0.0687461246024406	2.51617277552509	0.0974450120029811	0.545249807109612	0.79809531955399	0.0782693403483985	0.0572493726601201	2.49860830520237
"DAZL"	0.236663435606925	0.0343536382805716	0	0.0106659938091765	0.0410314695976266	0.0380334491753008	0.116882716325368	0.236263605852169	0.12608444014902	0.327179745113074	0	0.0195496318120782	0.228980571032995	0.138821151670372	0.0696845022710686	0.143056511045404	0.00701261924481684	0	0.0979940037334071	0.0724244276359422	0.14243422037515	0.0101924743030973	0	0	0	0	0.0693000255006414
"NCR1"	0.31021271570691	0.153787829111643	0.301240538659625	0	0.093152459179153	0.160141335597347	0.0718237526209526	0.220042006319778	0.0746699051837679	0	0.387416585738833	0.123605084213056	0.110137366057	0.0574115918415729	0.619259928893758	0.50067511070036	0.240606197471451	0.128049059320403	0.282903528013989	0.167215321269834	0	0.450891869930989	0.313592985729439	0.186470131417696	0.298288797564963	0	0.602473033561442
"IL11"	0.11056663632696	0.0332489689803343	0.0422001150468086	0.017520604856901	2.59235776447367	0.0803260441194488	0.90307761580477	0.062308186154626	2.49874615035658	3.55404236581042	3.5642257202064	1.23336351573708	0.125030913652199	0.10634838651374	0.0644528064456445	0.297729648341469	0.428618921667709	0.0556889882504552	0.045420533323699	0.104667569393798	0.901468195905285	0.0532033878955498	3.59695898838918	1.84685030998072	0.574641176166357	0.121658268546589	0.0517391852282628
"THY1"	6.5518220579939	2.92749449057673	4.67556473587267	3.12811602309221	5.2331748171506	4.27650038775898	5.70440721789256	5.50263293508292	5.26094587113148	5.52642881433775	6.32999630633146	6.0968300385056	5.00256301411454	6.89863161642283	4.33142934706241	7.50471572152537	6.93512378705127	5.50031926844658	5.02416894728207	4.12027728195139	5.64751742823761	5.36376506757647	7.10599229242012	5.52042853476565	5.07271894422054	2.92285813946157	6.32360605506738
"THBS1"	4.82580343212447	2.4687748816783	3.30038660798705	1.60395030305512	3.41179026334974	2.12074176043515	4.91523883538214	3.0024721027724	5.33097781053144	5.75058506790009	6.93725021838207	5.28469549514318	2.78305113406055	4.38529642539552	2.49343086224738	5.9712216418545	4.44470019226619	1.92942554442382	3.91799497440753	2.09194689037303	3.00896638095642	4.22180363010285	4.56664469895789	4.65738276644045	3.51606559000435	1.20101274135798	4.70105550650923
"LY86"	2.91792625437307	4.07464243793449	3.59604659790603	1.79359836753244	4.01413655097114	2.08667848088263	2.14848675091806	2.75095373882044	1.71603609587357	2.79014437069717	4.35454031631403	3.44235104011489	4.31731130497619	4.19302655271551	4.52492246576037	4.71526191605375	5.27570549751475	4.16690821984245	3.86606228532002	3.55758163972931	1.89398924877047	3.80771039953743	3.2025713083089	3.11429705421168	2.7399992753968	2.56752597794367	6.51272466318197
"OLR1"	1.02486998295522	3.95830910414378	0.173759777503985	0.88172999913382	2.72377260178443	1.37661545325983	1.4073663485787	1.1853971967405	1.42686586422687	1.18334676397759	3.06184530707107	1.26941621792774	0.889235604781591	1.49595605196665	1.4272789817886	2.91442866650335	4.50213325524051	0.162036103076551	2.18392949753416	2.76726706156778	0.498286615280638	0.425945313367537	0.80549553314126	0.476013513555963	0.479644474576236	0.134819714675566	0.11656291401569
"RNASE3"	0.100988005498189	0.659357413003279	0.248800762987045	0.0384208696216422	0.169055275127142	0.177053765691555	0.0966450812862924	0.245079405639503	0.0688160701900031	0.11333958025881	1.19985134568733	0.0601795381698179	0.161108577916182	0.835280981977633	0.0779395635654199	0.388403927480065	0.221637075830229	0.376338731705855	0.381731341445826	0.129284072172953	0.0864237266947536	0.335021606532031	0.228523196291867	0	0.14238991015235	0	0.175527155943247
"SIRPB1"	3.05881953262263	3.40100645614724	3.61170355292603	3.37301824312757	4.04266184573722	2.43242364048047	3.14796195035429	2.7855610135943	2.81451556047385	2.67379270813789	2.43623514512686	4.68636885774399	3.07766941980843	4.70328899978213	3.3160349286294	3.25596745635549	2.87789930679743	2.85565488944685	3.20359819526394	3.3898152698087	2.3955372200631	2.41754335693108	3.37460273273682	1.46997972236483	4.1495113923254	3.20362560023273	3.34121724344506
"CD300E"	0.883657176434198	0.659232720713808	1.17074870541924	0.0645568291163358	0.386048295770659	0.196596343437466	2.63100064679648	0.957364524318578	1.69482003283275	0.917715492520612	1.95378857507968	1.22229142914882	0.351143769033952	0.357433206106067	1.02932424784274	1.51521286623886	1.69385267266737	0.486218031453619	0.590334700296629	0.360002925388441	0.855847014887151	0.679534597160973	1.94505329016153	0.788081781901508	0.338495157165794	0.111564743758791	0.956546639314671
"CD69"	2.21072237898092	3.94980103668565	1.34799723964655	0.105311592172354	0.509971941516371	0.529429179778367	0.881240948967259	2.15502381763653	0.642039327949281	0.787451271253163	2.87386535487684	1.74034691249758	2.16409919352395	0.994160430956047	3.92896717679879	3.11853000176516	1.92628603080973	1.65572733844785	1.61198204543582	1.19074126825662	2.45946047224958	2.38628259715507	0.590709316413241	0.809711596461648	1.13188576278912	0.701475423280217	6.42771845996379
"RGL4"	0.641069676130027	0.863283936727703	1.08226658160803	0.185202435686775	0.593602844463156	1.40248207145883	1.01516782994063	1.38150765122789	1.26727809743535	0.684265785475271	0.932579405010392	0.842398419874938	1.28842353369053	1.42097547781301	1.75713635277949	1.19850358298762	1.00924683230416	0.469977118389014	1.10213403052854	1.56378535888418	1.08699431361316	1.54593131310609	0.479592741898834	1.43983055161101	0.551172436884994	0.777609502255658	1.54641790607738
"TRPA1"	0.197893691545581	0.0293244598927412	1.28885168174062	0.0206315714459599	0.113705432586655	0	0.344363238031979	0.0888374649105058	3.16631696191039	2.46779854857744	0.271432847715743	0.223637547992966	0.0138975789405274	0.0108159235774247	0.141994456305768	0.325758266572545	0.207091339972586	0.0420405202295596	0.0392839197456331	0.0357212355815252	0.108023499548371	0.106392410486616	0.325966599898183	5.09476811334246	0.327367751706613	0.166415950234243	0.211113147446397
"C5AR1"	2.67658222991826	2.9122838759115	2.55304587794863	1.66103810825798	3.43424256789371	1.71676048364269	4.03068037698197	1.54343401696032	2.6511527480682	2.40394254940788	4.15653819311427	2.37386115494441	2.46689201394235	2.88842082836079	2.25135250304259	4.05805235257131	3.8490785222804	1.50813196944514	2.64958557025096	2.1694087448585	1.19094981732296	2.68724885368254	3.22630197534825	2.44099736457067	1.68785798263996	1.84781255041005	3.44182339712934
"FCN1"	3.50651308479422	3.75332106078506	4.5374110059155	0.784122424441961	3.07227133209124	0.945094503864552	3.39369968663157	3.98609687596731	1.4144603058161	2.59365614347123	4.79761224643995	2.37392099618364	1.62445655175283	3.22295599280831	4.53674609788842	4.79049577283879	3.99355209427809	4.67890572218112	1.40837220357268	0.879680675715572	1.66641348502375	3.01394010131203	3.06272098299598	3.28763777297445	2.13647359656665	2.59030739071436	2.19265184055955
"CYBB"	4.49712372080939	4.68844335504423	4.35167779369997	1.70962810747515	5.35284854945269	1.89698091077817	3.55533763092617	3.85534691718876	2.70190940846775	3.41784171572471	6.03669673510116	4.56789524904585	3.80567423424105	2.73858411112681	5.33580836303442	6.11757038045435	4.84512117566699	3.52385673753437	5.33463977939776	4.97365489549304	2.30075924918732	5.84452374898849	2.7634710658224	3.51575029231033	3.38821985134658	2.77172292290701	6.08145680757487
"SP140"	1.52235460523433	1.26360235519845	1.11846604686553	0.463061067082489	1.31183730304816	0.358802455088745	1.12294301248131	1.65552127807846	1.16061045295805	1.31118629228746	2.25370644608698	1.67682929987136	1.53378010994104	0.944357350152603	3.09540208672239	2.3849505190222	1.94831115813712	2.00592271277995	1.30091442695677	0.934037473733397	0.885101848299084	1.86013646195821	2.42725484180891	0.922819710051338	1.18670972058494	1.79327997931562	5.53482733274648
"RNASE2"	0.993398656581652	1.8985005388157	1.51161478086993	0.245767625663232	2.15751913890997	0.928664801743614	2.01296549413999	0.838594426318914	1.11426373361874	1.25853098480753	4.43973947924025	1.63287076387211	2.05314262348264	2.74355697513343	1.31318779448093	2.58493605106962	1.81372373875057	0.991897476093038	2.45646580124105	1.41684514525492	0.158998756979872	1.60166561823323	1.19919175902279	1.4943695253478	0.633236822876184	0.346509903702749	0.307091565548303
"ATP10A"	4.21992355918194	4.41342145231993	1.1219139035398	4.71320365313738	5.31318598015245	1.56922858313068	2.97226713405736	0.963988963254397	3.01182478765601	3.13873584577679	1.85501495113822	0.961926280954504	3.60425520811014	2.89091259918428	4.0185985691824	2.16335703206133	3.12871984377407	4.22844931328311	3.91538226534297	4.20347134262683	0.829697368796405	2.82816848024417	5.00491930876647	0.921245888585589	2.28481910427002	1.35476808579156	2.73090293172153
"FYB"	3.56150944056964	3.6991018306595	2.45057651622447	1.21397555331821	4.29777468753377	1.12110826110186	1.94101238243044	2.6175018471266	2.48353849525973	1.93744420963331	4.22494321997439	2.44550291996884	3.79029766346193	2.16952740402622	4.49759639944944	4.55716498397718	3.46286769542491	2.20172637886331	4.01116015176777	3.26434576047037	1.89565937276845	3.56822672166634	3.51111377392105	3.32532164736716	3.02161297510916	4.08178273131545	5.80708439137439
"COL6A5"	1.24483835973482	0.00829211413886928	0.035679716318051	0.0256316228931691	0.0384210803388156	0	0.108396389955212	0.708636200846971	0.00588867495435473	0.00830365405560815	0.0413497433227322	0.0212718364231378	0.0110014812591662	0.318390890548467	0.0273237245490582	0.0453352538980428	0.00727043346930279	0	0.0550172155725625	0.0245874820901119	0.293957213903176	0.994013758173014	0.0114772042834191	0.0389024887162569	0.106307175641406	0	0.0184663958980376
"P2RY13"	1.96915785944355	2.63613039472373	2.39753602489842	0.228059517778465	2.72044483625173	0.21697380055183	0.402278496273124	1.29503236365659	0.508209062199619	0.558073138796174	2.24980786558101	1.85393179204085	1.30157594111926	0.280882692946446	2.22331751049793	3.20152095018292	2.11093780134635	1.36284576809422	2.515163655256	2.52329597384514	1.59189958584126	3.08761134633162	0.31430440730869	0.791261470433482	0.913243680869998	0.83432126739345	3.4994377299815
"CCL24"	0.847644204657411	1.00702322902465	1.23508735386189	0.126505754369791	0.412668272719284	0	0.975158381244018	0.134367502244769	0.93381772453152	0.42042257490347	0.453462267163213	0.770842151774066	0.410400265838765	0	0.531107930801487	1.33403045404428	0.485725125053961	0.483891085591768	0.149025835544962	0.170887118450231	1.36507938749128	1.35604800307658	0	0	0	0	1.47939614080492
"TMIGD3"	0	0	0	0	0	0	0	0	0	0	0	0	0	0	0	0	0	0	0	0	0	0	0	0	0	0	0
"LAIR2"	1.05305501810813	1.0100937690249	0.699763046477575	0.147798759494933	1.1335996912984	0.882717382920117	0.651547261520573	1.40882868471132	0.386951623068565	0.650107845591156	1.81407662491003	1.52552769956239	1.19909436591907	0.768320699337574	2.21300970604367	2.01200900666127	1.72058711203445	0.862300617104024	1.10535625128632	0.858878967389838	1.9218552152228	1.47546626449681	0.641016943900985	1.08172138658949	1.05103096582157	0.255271092206617	2.2771188704862
"RGS18"	0.962046999865506	2.36745633870734	1.70590051366607	0.123009120722023	2.35850035281246	0.203815698085894	0.419659695311662	1.10169377309234	0.460363036594559	0.826963313691727	2.24803077634031	1.18802105141695	1.71472029230381	0.238947014299334	1.84499819627914	2.76700639310382	1.88721525295943	0.586084000544605	1.49957039370591	1.08580329701184	0.335435805571582	2.38764101586771	0.113601027112602	1.80604766045698	0.711954733705268	0.153270953655286	1.43960186263467
"CEACAM21"	1.11726615943332	0.919904082155129	0.867564012943224	0.282474203902505	0.917704800881448	0.0750958203556054	0.551750275056655	0.76707294221322	0.464145979596144	0.478337656200762	1.09019831172885	0.874185141354483	1.07482531475644	0.584686919649516	2.64948325385893	1.79075952889123	1.07249687050343	1.41686946004392	1.12370592133253	0.847343538373864	0.963962707938353	0.552530530663054	0.0961085332591858	0.991881516980805	0.727083993413371	0.563241125699734	2.70139380085249
"MS4A3"	0	0.0380534725456665	0.0542293915539335	0	0.136622620698591	0	0.219439915251666	0	0	0.655831731135688	0.0663817307372515	0.0126476173319799	0	0	0	0.228337250164952	0.0367253563003755	0	0	0	0.0306211281615825	0	0	0	0.0650433873016365	0	0
"GJA5"	1.55592165441292	0.94753599982339	0.467643108570082	1.49280944639309	2.15967439041868	0.966718017828213	0.888662601817614	0.791072220627142	1.62414301649615	2.3211170723557	1.92022468956837	2.03404663960583	1.33993264378913	0.887451184499419	1.17546711569285	3.33188289147848	3.27443909810727	1.37380966165866	1.01986200735208	0.676932627997118	2.20797403998684	2.00040389806836	3.13777072547198	2.00819642753196	1.58986892928082	1.23875018043337	1.7533991558197
"QRSL1"	1.81618803431597	2.63718129192221	2.75001687301369	2.42318954560835	3.0544560661368	1.96283401726874	2.21527477183904	2.45252031983429	2.23486915170538	2.27928258889541	2.37465141587994	2.66635780767283	1.82793484196462	1.38898300787713	2.00907480471479	2.33420641243957	1.98876647503878	2.1144936300469	2.85491026131624	3.04150408780685	2.59840332093747	2.42975788360102	2.53502772512309	1.5094323582006	2.64213778259906	1.94985611868185	3.88209521029232
"HAVCR2"	3.04201039280027	3.38174988845875	2.46515300427377	1.31660339222112	3.15173626035644	2.41356429673111	3.55819415026373	2.37631539131631	2.24151531184813	2.25618037698142	4.56509446014856	3.16173050871338	2.93328085956406	2.48930786201151	4.24210704221451	4.13555949452328	4.59073673813273	3.17541920944553	3.75099231521594	3.16535806277651	1.55259840180413	3.46066787192219	2.98904088623283	1.7437863768554	2.30827931862317	2.21916542205338	3.56451230979655
"ANKRD1"	0.0654465786540766	0.222085506847616	0.0595948530944742	0.0822605174465948	0.137785477499708	0.0404257143125412	0.0467695143236664	0.0650610396236425	0.252921216160492	0.0135087826215977	0.0522455292152126	2.69470193375088	2.33062436668553	2.55902185125992	0	0.209552557250942	0.0928901882597092	0.0550607510888569	0.127834516696428	0.0565355302136873	0.0220135679323211	0.3457279130137	0.315951052236166	0.0965781586224138	0.0759245528652513	0	0.931021118511424
"FGF5"	0.343364043301302	0.0953198125408745	0.0599928577622381	0.631148063245991	0.311543222065429	0.119030878213575	0.612016499246667	0.248352058901363	0.326028173325639	0.213501575744449	1.00244257785666	4.03605489447708	0.108951197213847	0	0.150317257448046	0.0983689560946708	0.298519904035055	0.0390210078123365	0.200064233572915	0.314314849711029	0.0959607315851658	0.160369716955349	0.544388444951083	0.860653771854753	0.220997279168832	0.248622269552292	0.490297995040571
"PVR"	3.51762215041507	3.14371911490605	2.71512240970281	4.40980501504919	3.42693360751996	3.21973232007562	3.59744178514516	2.85808048790654	4.03006234649063	0.929347518568144	3.08110182907635	4.64165295564681	3.35661711688794	3.95330715014063	2.64183384578079	2.3830946034116	3.41623511520358	3.35082676625767	3.47424133442669	3.37135045827649	2.65970653975197	3.77566690110813	4.38200315589452	2.91578666104475	3.66892468441892	4.14039421302924	2.70309626871578
"DLC1"	3.25833951887563	3.60944767133049	4.8020742801901	3.64106042500118	2.21109164858378	4.03927002066138	4.81784322615523	5.08227041428118	2.74359574981711	4.1837564486512	4.68117936726462	3.41798479805056	2.88738099402354	2.4242919469136	3.45888722644598	4.64040112933527	3.18405014319019	4.85726942177404	5.26388699701794	5.44466209796266	1.70502905919737	4.80614615872053	2.88171159912662	4.08386009538357	3.84716511342213	2.75896829256602	3.41028682612724
"RP11.96O20.4"	0	0	0	0	0	0	0	0	0	0	0	0	0	0	0	0	0	0	0	0	0	0	0	0	0	0	0
"OLIG2"	1.61665175848053	2.69514865392374	2.42099702919102	0.0201925252179809	0.505810664885788	0.0223007638830494	5.5543033539864	0.257491637566704	0.474059582477597	0.17901350540203	2.5141651931261	0	0.0415748059892597	3.27857880710753	0.0544651657212532	0.243191352845319	0.13756555830296	0.170342745439742	1.11532295177968	1.16375633339791	0.187341968855694	2.116103544022	0.31380656510849	0.0889212286681264	0	3.46714903197299	2.21011139641091
"ITGA4"	1.9053374199861	2.18346428233369	2.63609790446695	0.325943581119619	2.11497163069284	0.753697375767213	1.29028578995606	1.24502401734153	5.14710925098768	1.59589268695449	3.19141183570738	2.57739015422625	1.69827849664639	1.31921038465216	3.01018276882221	4.30698399005835	2.41637903258318	0.559055145269433	2.73282923423545	2.57967858364495	0.860771352531468	3.49010156353516	0.918567132482708	3.39055213327449	2.6221338383658	0.531404917767141	4.17786199628107
"SUSD2"	2.1015055304408	0.905260776467215	2.60000564762533	0.262462624632208	0.615199217480888	0.840586096906506	2.31358398916489	1.98642731907746	3.55501238932227	4.38092334609686	2.006497312126	1.1175387976496	1.30693588460152	4.74748139198627	1.28485759117728	3.0105256442816	2.41745559260073	2.07551722864698	1.37977342945477	0.927388292929211	1.88530688461022	3.49390987443491	3.30831427200576	1.89291554693023	1.71800426481974	0.865373297501107	0.678196332194073
"LILRA2"	0.856669437078443	1.75288771700973	1.48196536231921	0.319238714514132	1.35300704937275	0.486778205404473	0.718144150529439	0.752684375065177	1.0959750399891	0.523430978492316	1.07669932183164	0.659028987778002	1.0269076821496	1.71499058028192	1.81789744583121	2.08507787825891	2.66412781178465	1.49711413788401	1.68180230570292	1.26793424447574	0.551188190227454	0.845331069736709	0.94680570619054	0.51222385191997	1.3754176112225	0.449896225876277	0.586094091527152
"TBX5"	0.513274956847486	0	0	0.0245079832940024	0.216177940456465	0	0.193836071970861	0.243687967475954	0.287457519387514	0.401258550624986	0.0134306005661582	0.383222092588441	0.0181122599402082	0.386106805688072	0.0503729723107292	1.1454916045421	0.432044876283927	0.126698361377908	0.366298711240616	0.0281202203250207	0.0139169899299052	1.07913230717393	0	0.352686219013676	0.0242497415459609	0.0334399173129579	0.139077825157251
"LETM2"	0.704736982072118	0.840746407365254	1.11889457360162	1.24976388210898	0.863691506485591	1.01167811104552	1.20196313441553	1.07816917161755	0.69573909261126	1.95266344728556	0.728299751832299	2.79453335672957	0.596031565466866	0.483259095861602	0.431695159512022	1.03905835896939	1.22620639536613	1.44637534658085	0.606999772949058	0.542400702343791	0.625558064422913	0.849781938408858	0.85037779219024	1.49649302857645	0.95760931657405	0.744992020842947	0.82973754879293
"CD93"	4.55839622168608	2.80341304529375	3.07408321845233	2.26918578868507	4.15726608153625	2.21196692293234	4.07372599241412	3.24417238285159	3.5843071278879	3.43299814578951	4.43044251549121	3.82165409779954	2.83559771346484	2.00712013476934	2.69457156787842	5.19143434051605	5.03280394155174	2.3879800762529	3.95086962541219	3.36416898154693	4.03356396027334	3.76035935337353	3.36527959972349	3.24836936604425	3.2934543593852	1.11201948715479	2.83050278437627
"CD80"	0.505681114103245	0.752230498094169	0.533567334931051	0.142835041877164	0.086202495633024	0.153797944274272	0.366952735278877	0.207516827570867	0.124832857611014	0.159177191125249	0.812988145038394	0.958953633244325	0.591773710776219	0.22554764626805	1.12523449803539	0.915858924082818	0.960200303482375	0.266929828795526	0.701089894146246	0.697080768135955	0.362390212190989	1.25665442776476	0.310434358097421	0.0697878047753227	0.314058408858261	0.113534753051141	1.60277516347636
"MNDA"	3.22564974740227	3.83051900979236	4.07898548761891	0.809591837484161	4.04615051463912	1.31385531249122	2.46556444584451	2.37433842414815	1.74390267928631	2.54361589680347	3.94746044355039	3.29667911751118	2.89641330156096	1.48557881739128	3.64741813116786	4.22264229508723	4.42130410135201	1.75031493521752	4.22689766588945	3.62478522264823	2.44635020054276	3.6491038151266	2.75459038325805	2.55402885454891	2.22813526827736	1.52207584226674	3.96130845675677
"STX11"	1.12122432787295	1.66351540977422	1.12063726581354	0.187035827504359	1.85571468226389	0.73057170477429	1.10688830770825	0.863112627911231	0.602787988346376	1.28879558681569	1.99545014705016	1.31211331267294	1.41300908745317	1.49166841954487	2.15874418201836	1.77961063191193	1.65316552035629	1.28335584047428	1.5932246756732	1.11641466455919	1.61043785895491	2.23105140800474	1.73422186622078	0.410979266448772	1.11475346885962	1.87213531146522	2.30983392509058
"HMOX1"	5.01635145477346	5.35354913572204	4.16881450046886	3.41756630979826	4.69062381858525	5.32752569855258	7.65875060713253	4.14967396691563	4.98068798319213	5.3960943964056	5.51989725089727	5.14140826621312	6.35717192757058	6.75877619736451	6.64544228212875	7.8958842359515	7.2220848497662	6.11577612951094	4.9389679227723	3.76836961315841	6.91789117726033	4.58267642328381	7.63687109009906	4.97558891866999	5.57645260148795	5.01425262228812	5.36078915579375
"CD300LB"	0.59207473971043	0.3302818808845	0.614766373099107	0.126589539926394	0.461474601459781	0.378909974037579	1.15663607503936	0.265703325937842	0.363505844472099	0.27983199859855	1.59034332426784	0.220459977328669	0.475005480641017	0.779434136177596	0.336405083342976	1.38342505644818	1.0492822485682	0.162411019773268	0.465946785383466	0.279328059077981	0.202891343062846	0.421908357775151	1.01386955149728	0.622046663826307	0.232254289273622	0.27859858011087	0.823502369337883
"MAPK1IP1L"	4.00631597892294	3.16604213729263	4.21692042585688	4.40713517469037	5.61849269088522	3.19945720039189	3.20189493398558	3.71802728769501	3.93001817590045	3.98076565712354	4.21819606808163	3.73532178906913	3.3766842086663	4.19150343203351	3.66250745398085	4.3383851912018	3.22102017814213	3.50104418119871	4.32024637537279	4.41417275024701	3.61690460342714	4.09653174269363	4.03715376255659	3.96708558560827	4.51953561447473	3.96091013843958	3.84278780028577
"OPN3"	4.15673637689954	2.30116179850902	4.42866501190087	2.38415068136997	2.64938667892209	3.1433370878301	3.76503077588917	2.78021454620755	1.81798337472874	2.60845207231708	6.46085312031102	1.35387936973987	4.11198694825719	4.42023647487688	1.43048868131502	4.7934823616621	3.4561615226148	3.29122485981737	2.57424201562544	2.82559128803416	1.86373035440117	1.77052462111637	5.27918153891409	3.95375878168129	4.07005437766296	2.26928155595668	3.75877220066014
"LILRB1"	1.64737207803304	2.49810914450544	1.78973551034285	0.371606812258994	1.9903958211892	0.713151182645444	1.79477142736311	1.95881484162991	1.19581687037947	1.79953704174942	3.61085358241691	2.57644595000138	2.24106677715688	1.59101152527269	3.31484731203166	3.78383901740436	2.58513561373949	2.14394681369591	3.34849518000102	2.6815077365713	1.14862178498676	3.18616535833667	2.42992656208705	1.47928748133686	1.69542820141582	2.00714525741843	4.49357048382608
"RNASE6"	4.04829722682574	4.68237665494979	4.45035678346197	1.95384816003073	4.45504440791745	2.75977262987039	3.27569246287772	3.77794567069515	2.54224938118698	3.36409192082856	5.40763487173564	3.83777172249495	4.66870915617128	4.4786224105655	5.62780087690104	5.78103966203584	5.38367146430921	4.69443450387353	5.04257211330647	4.42222627167929	2.8356684480758	5.82941831016994	2.08723878179892	3.94058962841475	3.78425269340458	3.08565919410962	6.00688144778126
"CAPZA2"	6.11691053018691	6.23041342948292	5.2438994338015	5.00528095599983	6.75798996572719	5.39245481576404	6.28500172292373	6.45888066625135	5.62962473242502	6.46385374422628	6.72387251279337	5.95889950053648	6.75938889439841	5.40215424944544	6.12209908796957	6.52467099352407	6.14942501712223	4.64320394419764	5.66762961257709	5.66019418249657	5.42110040398158	6.34320970463479	3.95431730554219	5.11906146527176	5.59121264346885	3.97137800812972	5.22981476793163
"SRP72"	5.36772924851088	4.96379545775504	4.60547062851413	5.5138444278105	5.05743510864282	4.10662889071076	4.99706202779328	4.51296953787364	4.80650193412555	5.08020781683976	5.1000315147534	4.89655280302149	4.43529854981258	3.78469765540291	4.71992541054207	5.36433780018875	4.69398310351442	5.0520049910127	5.27921683291042	5.35034695852304	5.21937183899279	4.80451052593255	4.74696301516933	5.2549114493954	4.31913377560661	5.26451766533274	5.32035469963652
"CD68"	6.51465094101323	6.43283917767973	6.84619867922872	6.82416320974416	7.29570006905183	6.33466033606472	6.94058375595888	5.87184364850932	5.60953779706243	6.25903704108997	7.50294713551789	7.17497061002039	7.35495898250573	8.2794318290006	7.70236664813014	8.39974361390031	8.1430489700567	8.11912529000467	6.5779242445067	6.00179661413112	5.1344858750859	7.39537989701297	9.34040203980118	5.71233439897319	6.49901191182141	7.95845411581774	6.53637311812513
"KATNBL1"	2.83648669642362	2.94937898279442	2.95565316194252	2.68277103638695	4.30118521610318	2.63537364596932	2.11330210299409	2.29973553611915	2.32184441614828	2.17007727788218	2.98666122340512	2.91069621037091	2.94456425591649	2.57979321152549	2.45707942076887	2.83627157238238	2.30827349297707	1.34229303415467	2.43346426219596	2.67263805308784	3.52770844426103	2.17074870541924	1.50374561254204	2.08489425615814	2.73978546936942	1.53030551075005	2.45142741743241
"C8A"	0.0148878491075312	7.16273370789251	0	0	0	0.036786042615921	0	0.206329397430602	0	0.0231805360640622	0.026319694695398	0	0	0	0.0168254706948903	0.0541179515786702	0.0102149649820234	0	0	0	1.64188354325162	0.0113338990778218	0	0	0	0	0
"REG3A"	0	0	0.0618051548636051	0	0	0	0.109527721798356	0	0.286022370438333	0	0	0	0.0510306176825117	0	0	0	0	0	0	0	0	0	0.197017385893062	0	0	0	0
"REG1A"	0	0.266520670595643	0	0.030176719752987	0	0	0.264422932523074	0.0315031120395726	0	0	0.256487772887569	0	0	0	0	0	0	0	0.162973985353108	0.0384049252662458	0	0	0.362726843728443	0.961518872643824	0	0	0
"REG1B"	0	0	0	0	0	0	0	0	0	0	0.0696883513327037	0	0	0	0	0	0	0	0	0	0	0	0	0	0	0	0
"C8B"	0	6.93148214353179	0	0	0	0.0134163072277327	0	0.117000320814316	0	0.0129447620703477	0.00955951159522602	0	0	0	0.0184158307173201	0.0392542260849242	0	0	0	0	1.61776629537068	0.0121025737534007	0	0	0	0	0
"SPINK4"	0	0	0	0	0.115460792798284	0	0	0	0	0	0	0	0	0	0	0	0	0	0	0	0	0	0.628408734995233	0	0	0	0
"GSTA2"	0	6.36530759921968	0.0238804202127187	0.134350152126762	0	0.024751926445487	0	0.0457439202245586	0	0.0472124019685477	0	0	0	0	0	0.0631050763719942	0.0185518541465201	0	0	0	0.900556166522614	0.892673125361463	0	0	0	0	0
"TFF2"	0.035557192339353	0.138722086289289	0	0.368092791796747	1.09695671651311	0	0.137102136388457	1.80277431467335	0.0356574080169117	0.968429215610453	0.191875284970043	1.24136429022831	0.47703120778012	0.482668644738609	0	0.082108496262256	0.0580101891375148	0.549774627756374	0.0463786017313815	0.0524608298542368	0	0.100955452245765	0.249514515971948	0	0	0	0
"AKR1C4"	0	6.04130651058925	0	0	0	0	0	0.0501175080635165	0	0.0236943758521831	0	0	0	0	0	0.0786895495921763	0	0.124340047113911	0.0513098678399497	0.0193050208774934	0.972532386494254	0.0449385684134193	0	0.243600843776874	0	0	0
"ADH4"	0	8.91511003507834	0	0	0	0.0277334907836014	0.396190732510425	0.499386702223644	0.0115861622491025	0.0163416301627453	0	0.0155292546725343	0.0126479748576108	0	0.0577309855287412	0.218686947888471	0	0	0.0937340462679003	0	2.58295575960592	0.0291784914322829	0	0	0	0	0.0499024148669059
"LCN2"	0.527295582594245	2.0161254361319	1.02223996238767	0.0802538568644661	0.674844776729057	0.099030545687561	0.0979121131410861	2.00045077177086	8.75237897386202	7.06690182330536	0.891771456963377	0.0249084821784606	0.0992756764781064	0	0.129071296218048	0.065692657531551	0.377147076444923	1.71118651139183	0.063313170559058	0.035689709199122	9.44909085385865	0.873524630493161	0.170513500973253	0.3140479645996	0	0	0
"F11"	0.00579755624016776	4.39576888900697	0.0397893903904181	0	0	0	0.0165543688402158	0.011431531946395	0.0287977729571382	0.0173540512291354	0.0135814080970922	0.00437116447837809	0	0	0.0220790675645311	0.014231087300115	0.0204795433779528	0	0	0	0.462860106563397	0.257175401994143	0	0.140438388257038	0	0	0
"CYP2E1"	0.101568191079139	10.0587899916208	0.0438680080854304	0.390674288267857	0.0599951412489556	0.186679298769079	0.187701880624018	0.961737035584431	0.0454846992729651	0.126484410741372	0.131575393125648	0.255143565267076	0.339893888644054	0.201188438729592	0.796627654153816	0.684038618745943	0.120485585868139	0.962501641781907	0.357323970405516	0.563367074147179	5.15711649001027	0.351713689802823	0.216149375693149	0.992447957384345	0.0990471135313808	0.435576325410617	0.286506234874856
"CYP2C9"	0.104705942479039	7.72665413823182	0	0.0121633032743178	0	0.0330099131296869	0	0.294375488266775	0	0.0158854520637281	0	0.0164522467793431	0	0	0.0420268578686564	0.0553830258043437	0.0267837028066047	0	0.0230172613553271	0	1.95901894232539	0	0	0	0	0	0
"CPB2"	0.36896274368872	7.59205332518029	0.648291480792871	0.82476133707476	0.542523035506097	0.660720560333219	0.388796801857395	0.503430663670644	0.0299168765983992	0.424008898374161	0.156412797474185	0.00984733450068566	0.526508566252117	1.11062048656232	0.277093868385247	0.208022126313946	0.350548164834092	0	0.70071446989412	0.950620327725225	1.73355608686619	1.16735150432688	0.357130816941034	0	0.285631848043371	0.0760941290084355	0.0643124191335266
"NOS2"	0.0889431353101379	0.0846972104504519	0.20072781513802	0.0236735845076486	0.147257327152621	0.293092631232616	0.134402727600078	0.0307386347724608	0.467523126642374	0.203050769842559	0.22633218963823	0.0960538011626708	0.566140521149699	0.778724994021617	0.0753989318091465	0.140206960489954	1.47642057370195	0.989414801039687	0.113689098895472	0.0508428888668778	0.636679833383761	0.10738939136437	0.582402813905379	0.0595347033848957	0.351560489182981	0	0.471975068728425
"BPIFA1"	0	0	0	0	0	0	0	0	0	0	0	0.0196397224502507	0	0	0	0	0	0	0	0	0	0.179940673746026	0	0	0	0	0
"AC011513.3"	0	0	0	0	0	0	0	0	0	0	0	0	0	0	0	0	0	0	0	0	0	0	0	0	0	0	0
"TRIP13"	2.64974420379248	1.48201442765017	3.60327026319556	3.02594658116184	2.11901580031543	4.83941797146097	2.97020945024811	2.51279323228536	3.49576550508227	3.0018580761931	1.70584744519833	4.80394510487714	3.48789532937551	2.63340447200476	1.63251484873039	2.43826889518953	3.79945518785796	3.75871891021045	3.23949427913128	2.43240225912341	2.50234842522979	3.04590422392083	4.22364650555011	2.31985489589525	2.98422111082735	3.61392056239204	2.78754112227622
"TGIF2LY"	0	0	0	0.680759575467079	0	0	0	0	0	0	0	0	0	0	0	0	0	0	0	0	0	0	0	0	0	0	0
"CTD.2192J16.24"	0	0	0	0	0	0	0	0	0	0	0	0	0	0	0	0	0	0	0	0	0	0	0	0	0	0	0
"KCNA10"	0	0	0	0	0.0117928062712529	0	0	0	0	0.0171625299885372	0	0.00951149969745066	0	0	0	0.0141013705894144	0.0322604831791605	0	0	0	0	0	0	0	0	0	0
"GRAMD1B"	0.547903838929826	1.01086861725491	0.587571418386291	0.100726078964906	3.7299768702433	0.16936410082876	0.259726243083795	0.349537960346912	1.69051543235418	0.317673378807774	1.09843640213574	2.71722675302067	1.00017022797157	3.08489085552845	1.13818536389247	1.11323708229809	1.29035362395862	0.443883495062923	0.570286105040226	0.333246248418262	0.379654783487662	0.595287383255375	0.878424021153134	3.02272999499439	0.19813830784316	0.168441789966405	1.1926676198763
"CFHR3"	0.228343900307221	5.6305714697189	0.0520068870885324	0.129988001029045	0.0233511738809352	0.0638528742112198	0.140621095720926	0.242568362504444	0	0.0491872276405299	0.385595039518213	0.12569844138204	0.0338497823100505	0.209453989496941	0.0529142821473601	0.299292141085487	0.0668791059427507	0	0.0304909699444763	0.0174551117362021	0.534491457513323	0.222937698223133	0.0890561899979167	0.815389341990075	0	0	0.269406642380471
"AKAP4"	0	0	0	0	0	0	0	0	0	0	0	0	0	0	0	0.0141188001649449	0	0	0	0	0	0	0	0	0	0	0
"IL13RA2"	2.00305887514018	1.10070455232775	0.744732461911519	0.150961755536575	1.99959598882435	0.50194505068053	5.06455739818525	6.98715029763716	1.23434496392334	0.25601849976632	3.54686359977061	6.11365362248123	2.95862091922054	0.0839632726008445	0.633091712756492	0.306215568692621	4.24737690633179	0.151955036472845	0.0752567300061077	0.163941777724085	0.696248488643335	6.03611865169552	0.398235431792363	6.25011647050721	0.507161364206025	2.77156236172435	0.213348526105985
"ARG1"	0.027235811344569	7.05330143811515	0.0502657622544216	0	0.320932291717533	0.0585644169309819	0.039053023149019	0.0656545421781278	0.249853667633522	0.0582210286259341	0.0152293584758759	0.0102171137546544	0.0188569700041935	0	0.0535688242080065	0.0934096115178813	0.428261940463479	0.0483016914501714	0.106633747880985	0.118954557188526	7.80853950652487	0.055520119996363	0	0	0	0	0
"RP1.179P9.3"	0	0	0	0	0	0	0	0	0	0	0	0	0	0	0	0	0	0	0	0	0	0	0	0	0	0	0
"RND1"	0.976526410945655	3.66750046720256	0.293268061582154	0.528653827666195	0.126089661893906	0.912735695993132	1.49251466074792	0.585946083375468	0.27374861180609	0.400097949807677	0.691152671275273	0.179624423175361	0.46434780675534	0.395008491723927	0.404715690372839	0.66223877470052	0.376047505523816	0.20705672063023	0.854613698620839	0.954313955043731	2.19695319901789	1.06746318747847	0.696176364821151	1.14739136914228	0.591659312883347	0.503822940039019	1.0900675233549
"FLRT3"	0.629806554183056	1.45017133728366	0.788447677613656	0.0945611970734018	0.176226376963857	0.376423754217465	0.0482739966037877	0.0244061390065299	3.50378122440419	0.602063441998032	4.25008993459421	2.32226708839179	0.0123722962929289	0.966637184640849	0.694954163837722	2.5891007015765	0.05405805945716	0.0774284177726657	0.00530602804552479	0.00602181158505279	2.95517049863053	2.74451957151432	0.229896731014603	0.989112842384634	1.78544592901606	0.109360158191185	0.233421807871346
"DEFB1"	1.80681484083508	6.17653122222639	0	0.4788129057436	1.9802849254136	0	0.429306370806163	4.63293705209052	0	0.234688313112879	0.80928560437526	0.129318234762051	0	0	0.980004455064737	0.768427841735269	1.12990414892044	0.545114357129333	0.0969337846134952	0	9.19836154689779	0.564544989588948	0.507490215282575	0	0	0	0
"TPM3"	7.53823162044694	7.83671630342017	8.24684271156533	7.91129310815938	7.56843499347866	6.89779101365599	6.7242068640687	6.82800950874596	7.86912803432226	7.82699012587763	8.30873037066507	7.87682080139215	6.9424206684638	7.2102183760121	7.64194335131003	7.80237095739766	7.83430670296291	7.66429082854331	7.31518126949119	7.01440550967491	7.22589668043176	6.88435981270539	8.30840729485118	6.71274708492157	7.55583915703135	7.09845324630927	7.39376797581875
"MAGT1"	5.4230537037467	5.60799158236605	4.94498725211457	5.90742910124232	6.29379624744207	4.39879156724592	4.90622199200111	5.06059218359475	5.34163356714313	4.63255614404197	5.29852452285428	4.90171889328817	3.96103057185484	3.86785199667939	4.94796298670874	4.95751302047952	4.27638127519958	4.60300017589777	4.79462380740565	5.01453606490962	4.33233915800297	5.27999493901764	4.53420481866327	5.02047997719774	5.115112335901	4.32775920974967	4.93455896091996
"SLC39A8"	4.1753249891849	3.10137273736782	2.08075145252735	3.54571389873745	3.48202863046085	5.48509026641632	3.52796485945001	3.83766577385654	3.29472219343484	2.60953159186464	3.79673790543752	3.79706487240786	2.11224640470153	3.27317270528932	3.62447526812034	4.04041028309499	4.2821432287815	1.84122843978824	3.53817806571395	3.15337732710064	2.84982116267815	4.4801099852146	2.24405590045219	4.6695824136582	1.64137493010705	0.62854311879764	4.10863317752516
"NPTN"	6.5109658740281	4.84195802789594	5.45385993996903	7.52527022428757	6.54191513675117	5.25694082086322	5.19249009261149	6.35786690002077	6.2378887163737	6.57779285488545	6.23718605508818	6.03743274180358	5.33839232284144	5.52936651971109	5.29094040240368	5.54526568704541	4.9187773884039	4.5314719185586	5.19945837827729	5.35633927934301	5.79504609542705	6.00075383659842	4.46831612651789	5.63368694345731	5.36653903938794	4.98043665652367	5.35197807806726
"RAB21"	4.62006436536632	4.57124599986823	3.69509184681551	4.45927750434486	5.47270545901993	4.365321598764	4.31038011412396	4.07859275723922	4.42421668776453	4.85440215852243	4.88677692233117	4.97819791821892	3.02888912627253	3.68356733574299	4.06340802503642	4.29907244448336	3.77561949817702	3.19681868049403	4.48198021121388	4.59356591641717	4.59278291498785	4.01807774626674	4.10589594057413	4.07696092789767	4.08182533028498	4.42572112532217	4.55192200686333
"SDPR"	1.98524720781731	2.09788380420085	1.71300949178293	0.586184907194038	1.43602854647554	3.04540976882173	1.12576019225817	1.5797907984008	1.02725244589644	0.996149723785667	0.943005360392894	2.90076539321681	0.867186799725725	0.569931902101865	0.927110624998941	3.09375283812716	1.74285346450205	1.44259322667337	1.35000494949699	0.38297706002403	1.11405046359842	2.26726910704744	0.144899983600865	1.35888008009433	0.62424316799948	0.59527449153463	2.41471736580053
"HBB"	9.43016607507872	8.27403563996944	10.6750749203854	5.66844679215643	10.6188901736937	5.23485765840161	8.97338311008829	7.1434495432715	6.34904055681535	6.74280119925807	4.60822081057284	5.44486415191673	3.1887245293076	7.2714023307197	5.99195147280283	7.2380081825494	12.0751548743562	3.82455402928257	5.77530607294055	2.92500532501968	7.581972575035	6.36989741308706	10.1419155363994	9.11871790479188	3.62055122233883	3.2677080722371	6.05798955736162
"HBA2"	5.44132245552523	3.01703910042857	4.98375520783599	1.86182041524375	4.48424126925153	0.937895750367296	4.56649248992615	4.38898851656494	2.14370197483308	1.73025953419096	0.536385179312749	1.41965214537064	0.51037409113707	3.23540463813715	1.08857583293562	2.10288316752026	6.99451749873075	1.42199612085731	2.51619421167366	0.86748652226053	3.10742591772246	1.68364031722054	8.43806824480808	6.10045840266988	1.06747351332831	1.46157570559928	3.66612030259583
"FIGF"	0.5443973479938	0.831680680865327	0.285162489615858	0.0351900507330389	0.238410120280918	0.114439004642867	0.539012362372163	0.322195257270462	0.0120285646881417	0.113164255639422	0.0618265096190873	0.594568613381605	0.476823372392644	0.174783502641028	0.290493646847012	0.73797786659994	0.459626762731562	1.65305542983164	0.502278657648474	0.283226622812388	0.0689036177543957	0.516545214819886	0.388344959539032	0.109000492686266	0.00106522880797466	0	1.63024530443887e-07
"GPIHBP1"	1.56313127796095	0.356861034565738	0.7409383508171	0.206811361917488	0.188818669613208	0.59765464123019	1.00372167681156	1.48166835232676	0.202597635821603	0.507748473218712	0.643132583335649	0.629718443423493	0.924089241211185	0.915331205911499	1.67574142387066	2.89607999346003	0.590741887131109	2.42034495753542	1.29615194952163	0.513902524455515	0.654661918048859	0.185638866898574	1.23907414736628	0.794067289916615	0.674769767379223	0.260497842944694	0.136756276541147
"HBA1"	2.106437103161	2.98641912718801	2.34300125192935	2.11164900093146	4.66951722113083	1.10415882830358	4.3206868433375	0.541139124846109	3.01158329993571	2.17575292324399	0.855710696153184	1.28057629472092	0.345770485099306	4.39185706091837	1.05485750466197	1.63828240451948	5.50500008265	1.07886255742969	2.66006608167039	0.52231944890936	3.56459766590496	1.92332605906706	8.14844607552888	6.2310713823013	0.953435856253875	1.03705885338122	3.67728271544843
"ELANE"	0.465305839126464	0.122046476466132	0	0.0299889421957462	0.025010645486434	0	0.717316040127627	0.726087448987656	0.0310411843698976	0	0.125147657398535	0.195520333387157	0	0.103697706399293	0	0.0891747285300768	0.065490558856005	0.0968036054521647	0.0871107127991269	0	0	0.337580373183914	0.264197710696872	0	0	0	0
"TMEM100"	0.863767219312896	0.734624220989042	0.054108293968515	0.050593149398501	0.119114434810355	0.125768588586449	0.382257209042764	0.913679884092139	4.92000025279843	0.590585253562114	0.546610028054443	1.01669955228706	0.127200472326389	0.447784412264725	0.66909572286985	1.65728557541262	0.289129171917419	0.727622520886281	0.825486476323213	0.325047865489226	0.294125479492483	1.9735671950485	0.303171692755206	5.22583018037859	0.102758763810697	0.072852857870139	0.493309162694007
"ADAMTS8"	0.342617321586483	0.0663506606216185	0.0391542178329369	0.0100167412671928	0.0442959777832068	0.0228921662290539	0.382661166578627	0.544474010810394	0.350063241772077	0.122798862166098	0.066791710919426	0.0403106074817042	0.219211897486451	0.210588359041204	0	0.343823372326837	0.0510943953557073	0.210575891437116	0.106391405388066	0.0482431619176096	0.684913418319915	0.190207624580972	0.270876941240905	0	0.0539815578992432	0.0392971869284121	0.754111871833419
"EDNRB"	6.33932359033306	6.9642946545985	8.98356512224735	7.49873354700644	7.05644805259452	6.71539921228249	8.34027740476625	7.52778975157233	6.83538725748878	5.16900499006895	6.18709370124563	3.0267389869113	7.08268130295035	6.86892747423549	7.65814006043732	8.28364864902475	4.92684865017973	8.22482893596598	6.8703277269286	7.20772206797249	1.83974195785725	7.22234572621003	4.75117446759296	1.53101457941289	7.7790035746077	6.76020763741028	2.7721897164198
"SCN7A"	0.0458755746110266	0.169324715437155	0.0148261203726318	0	0.0343564557722043	0.0138552625070717	0.111049212382835	0.183539234987957	0.743659725766911	0.384983110945998	0.259570186388399	0.0423507961437875	0.00312919261330261	0.095115609153179	0.0384431352327802	0.15813405310325	0.264588673328279	0.0204304426693754	0.0174434951268774	0.00664496874105787	0.317654857651614	2.77411865371482	0	0	0	0	0.0142208018192786
"AKAP12"	3.35923088740083	4.53329235024962	4.96571503363809	1.98380900862438	0.944475425011675	4.82132500280697	5.16337796592477	3.32130615928799	3.98673402635172	4.31914100304885	2.95905790372144	6.06043114313129	3.39063948615331	3.7677554232368	4.4812924824758	4.35968631750973	2.68235755111704	2.05120154385431	5.71044140978189	5.7118431488204	0.834775522897275	3.91262591557756	2.85024535704648	1.29581704640753	3.67073838303796	1.02994754024353	3.72012521179353
"IL6"	1.49782948797517	0.470451485214215	0.198038328301379	0.213964980713471	0.295708333069636	0.72886742271376	3.37172263753535	1.78657545311551	4.51080055620299	1.28208687240575	5.07584064704745	2.68856308648484	2.07826312271012	0.708446831541825	1.19681160022427	2.50074215193118	1.13721823538855	0.295347463591676	0.524579763289686	0.0920218788002141	2.12982207197167	0.639470662939191	3.20112255472269	0.196935578591805	0.147452589231627	0.30434515154741	4.88040146365071
"CCDC141"	0.129924189490228	0.0437079678395847	0.112046318678255	0.00278335223748352	0.019178891615471	0.00555561793581157	0.56169663113567	0.386008551831899	0.00730107984963431	0.00939342662851156	0.226030635000496	0.921646549825181	0.0392935367103956	0.0482663926360639	0.432672977162133	0.119798380791531	0.0684160209480117	0.0104687773541203	0.104752498663142	0.0124994153278069	0.0175705600698501	0.159488267543539	0.0132898907780268	0.0107057761201996	0.0739515434059308	0.0121608855872452	0.867693286603934
"ALAS2"	0.406858805292222	0.0442683458430326	0.265955908840611	0.0423954160239626	0.905392878083799	0.0182688967620479	0.384774841396993	0.233742065789347	0.113549821666533	0.107834005916176	0.0119921954167622	0.027681551039179	0.037912670742557	0	0.122765406104422	0.10283077417694	1.62199088810502	0.0446082169027916	0.0123541304078741	0.0139337073190901	0.217199566081777	0	1.55159476386491	0.589668582329243	0	0	0.0554283550977991
"PTX3"	3.81128605776968	0.184298070090355	1.24134903464011	0.0829323941176704	0.214314457536531	0.666820205381752	3.10156940123635	2.35940028483556	3.34993632571788	0.918052620356212	3.464200360677	6.24761995882591	0.608469104964471	0.718008650157639	0.293910731487294	1.63675221004088	1.11277685206422	0.0807466779526446	2.35041096568305	0.242136012469015	1.04454450154899	0.838909423079865	0.206406922688933	2.39796173170714	3.14974386835726	0.303726983957586	0.624563231795361
"CLDN5"	3.68334836915629	2.62555221997228	1.11363049608964	1.24947568135652	1.79312179956759	2.52922500914744	3.33926283120816	4.38939128236584	2.29316003904151	2.00878804647434	3.03329788912285	3.36836676868945	3.42200419694631	2.62414184646086	3.3154032006256	4.28081901378835	3.61953626243574	3.45224025186	2.77849981997713	1.60046482771001	4.40220712900237	2.73325128728753	4.91554958227681	2.49169663558366	2.61996462739821	2.14021586224442	4.82666033948666
"FAM71A"	0	0.0761865047190845	0	0	0	0	0.0798925934049308	0	0.0122224566631884	0	0.0154914320764981	0	0	0	0	0	0.0124102722664685	0.0186205019396246	0	0.0100295138469837	0.0227785630731926	0.0111435811579081	0.0497946820229873	0	0	0	0.0386428079886406
"SFTPC"	0.0656983781938877	0.0514565378066522	1.18639723263889	0.312193490834231	0.1618473185901	0.557501749186163	0.635914552874459	0.224911433533705	0	0.176152447968486	0.122407145738093	0.0713501175887344	1.45416799519863	0.65112656582631	3.17121963992822	0.146932787145646	1.18580312875092	4.99110229811085	0.139752636265555	0.519979125376376	0	6.76979157088148	0.17094158290028	0	0.513850490178437	2.32936474306878	0
"CXCL2"	1.16557433290939	6.88750090068709	0.221334290609302	0.140606568968456	0.599654859299669	0.939343568592846	2.92626230679136	1.09165244865347	1.83738623391434	0.951090897000016	1.68234406590633	3.15379723102795	1.39345738836021	0.889624618473793	2.99844465800238	2.11868530900473	2.00222544314707	0.258076249421791	0.609912836936222	0.0755107253112232	2.68636381484569	1.24365080346459	0.900049491989519	1.2465297002483	0.330865836274114	1.03859772074216	2.8871411507949
"DEFA1B"	0	0	0	0	0	0	0	0	0	0	0	0	0	0	0	0	0	0	0	0	0	0	0	0	0	0	0
"GRASP"	3.53289043195925	3.10404893089254	2.89472950161741	3.89810191232845	1.66099933100797	3.32279994055077	3.90705409178188	3.77267219258444	4.00510800559004	5.05708413644563	4.87549503385019	1.49170946087341	2.94630135586022	5.15134133076443	3.447200290582	3.94115327291128	3.87441829480929	4.70886041021564	1.57351995208398	0.979009021759614	3.33470412972632	1.88187014467919	4.00663913112359	5.19165739551264	5.69547887056055	3.31673226109812	4.61713976825158
"DEFA1"	0	0	0	0	0	0	0	0	0	0	0	0	0	0	0	0	0	0	0	0	0	0	0	0	0	0	0
"MEDAG"	3.8835866056318	0.262160108222121	0.233416285559622	0.257468103337109	1.11994044151699	1.77135318285463	3.40246160608344	2.87640005283555	3.2504477492504	2.78091581978602	5.17214344228128	2.49248005152572	0.57103455246918	1.48234234780448	1.11469351021027	3.19873615407785	1.70487860260845	1.40265396915153	2.34383275066585	1.26604289271482	1.64857358357859	0.518776323332108	1.37600137079197	1.67960395483622	0.607508812173129	0.255152631535466	0.449784265333062
"RGCC"	4.16704073762916	2.62786944075287	3.37278149888489	2.08866741291575	2.91081803162347	3.73714051033584	4.15204952944435	3.82236305515708	3.66360079739689	2.10703164531706	3.19123652307391	3.59132635861184	4.46658796903427	2.69102712261741	4.60216585079121	4.50600522322515	5.29034698816433	4.02755661201976	2.81477496193205	2.19973358446894	4.24222901830169	3.47338820001887	3.47156467126946	4.57581452384426	3.1223828255995	1.84344524453888	3.86191567460193
"AADACL4"	0.0292722946521529	0	0	0	0	0	0	0	0	0.022962950672017	0	0	0	0	0	0	0	0	0	0	0	0	0	0	0	0	0
"MPO"	0.0572101322893425	0.195976577030334	0.34955437828673	0	0.0559000978206594	0.0134193803074444	0.163236575929274	0.225532839461354	0.0676515881906868	0.0483445232386995	0.193177514487588	0.0792864857663362	0.245546530461913	0.0568635088835635	0.47573446840965	0.662203220512731	0.370837195233941	0.145657110606866	0.160175420808593	0.113020725674692	0.195096207284978	0.0937604764748077	0.0462383306922683	0.0975048153223753	0.119731461360209	0.0425577731090853	0.0719394606760519
"MUSK"	0.0208807069544454	0.0182941109232038	0	0	0.205107199029419	0.0123708659165751	0	0.0504071050945514	0.0891687611480007	0	0.573219874434694	0.52852981266247	0.012496876632504	0.195337644322096	0	0.00882712063867452	0	0	0	0.0191977547627827	0	0.0110591862004024	0.0485085139831888	0.092142880786438	0	0	0.686968388748159
"GIMAP5"	3.68452141750494	3.16526720357027	3.25609279641495	1.18844840171935	2.59708059686857	1.96121768690855	3.12433475285418	3.77107211702665	1.58640927906635	2.16854416257991	4.05054958333109	3.67783519353921	4.05858924828031	2.22629272594931	5.53526604379251	4.55825538701699	3.98199417655776	5.12610559140394	3.80524085614289	2.43822763603044	2.80298518905921	4.29143779769938	2.93142966503721	2.54090264212846	3.00301928451329	3.24413203380403	4.8450082358058
"CXCR1"	0.292227530121617	1.12579655395736	2.27046764522706	0.0446852870389421	1.99465755886233	0.0140116478031592	0.300363323868516	0.0189763641744098	0.918246919865595	0.408658064618134	0.097161671039612	0.462211503949512	0.0146401614110657	0	0.0755726084973956	0.54461842259978	1.9080500563806	0.0339217221815075	0.0842731682373647	0	1.36461165065711	0.248595554349201	0	0.107215418126101	0	0	0.04350983483523
"AGER"	1.09165583338247	0.489771549754973	1.1052690775572	0.586492869085985	0.636282160945573	0.765430783709861	0.874651410590332	1.14244938226277	0.906685910752729	0.798863007599455	1.04605095536913	0.726016365497187	1.60169413971616	0.626745165857081	1.2742646435693	1.23842002607896	1.88359540273456	1.83202717642414	0.562946226635637	0.693758576768714	1.36242780660878	1.65088171589975	0.409378987178704	2.2530997838212	0.322075819296189	0.88072391826391	1.81963140043444
"SSTR4"	0	0	0	0	0	0.0542694077986369	0	0	0	0	0.0754499348182014	0	0	0	0	0	0.0496499338357557	0	0	0	0	0	0	0	0	0	0.15278309203055
"DKK2"	1.91154778450283	0.384840584899936	0.0690417711710794	0.18571116978656	2.39463074914761	0.154158023798178	0.364694565968295	0.566574563031041	0.00645099353458503	1.7200704744766	1.39996128281495	2.62440508049012	0.403016251496366	0.355095785093121	0.38249351026337	1.40001868452879	1.12620969071785	0.184957900381057	0.593460863505548	0.3980526058934	0.189155309383638	0.533738753321151	0.939210777591698	3.83005245627156	0.172921410875958	0.0328309654295771	0.163870951107442
"NDNF"	0.218043360638493	0.0753918802445404	0	0.0162168107720703	0.0784313994459855	0.123502650848788	0.182279131850187	0.536280728570352	0.269130121036885	0.021033062428642	0.171276910457202	0.0424709934889017	0.0304764208736872	0.210370160412651	0.184656076262115	0.603686395453896	0.25112038248159	0.0658772925209708	0.264384497152901	0.120083682981586	0.0640925320417225	2.47688582981427	0.0830660100654889	1.29859966823261	0	0	0
"CYP3A7"	0	2.67799864139487	0.0271120017812973	0	0.0348070427471131	0.0138269698889293	0	0.716173098903904	0.0483452905718504	0.0429571442103823	2.03419857367435e-06	0.00732031424763184	0.0134916315279712	0.0276669736086436	0	0.0248657288343684	0.0115801513844126	0.0174169119818273	0.00994068369316308	0.0111443685346057	0.224544758712151	0.0266639616425845	0	0	0.035927617848641	0	0.0458926245127224
"PGLYRP1"	0.085639684733132	0.390217529698962	0.598413326119233	0.0221020840827699	0.488143233149797	0.0562440389291874	0.0886823365097996	0.031019580831267	0.0648480251130873	0.0378587071276389	0.025460829366886	0.0764657855216653	0.0541692261526613	0.524423802953525	0.068847706215141	0.278762700445271	0.562904721100655	0	0.161751369465097	0.0380530510038907	0	0	0.192108295539467	0.208669574391405	0	0.174082942440605	0
"TMX2.CTNND1"	0	0	0	0	0	0	0	0	0	0	0	0	0	0	0	0	0	0	0	0	0	0	0	0	0	0	0
"CCL23"	1.15684961255475	1.84211597286954	0.275977857246048	0.29687378322299	0.0910992772491963	0.288694019928326	1.28346845193374	1.90954271528122	0.106360381001748	0.0619896661034475	0.935306229341707	1.28436902730796	0.326037380341272	0.136780683634834	0.446982953352818	1.37850884883752	0.890263401370324	0.857075295387083	0.488148375930597	0.119484204318035	0.551765529998562	0.632691654155011	0.243166974719622	0.265494506680809	0.350377300392685	0.265973306035018	1.02028527857096
"COL6A6"	1.98950962699891	0.0827984933482801	0.427887712185162	0.094940216967404	0.147440866436894	0.0127029397942243	0.280347641245235	0.682162902354891	0.00202269696884389	0.3438586118303	0.0159681954320033	0.433470671916273	0.0626986745393181	0.0513261575044438	0.0860843921910556	1.08314867958745	0.362593883656498	0.0857682922058493	0.11383922855634	0.108802096585036	0.641887241599614	0.567760570338463	0.0623325731864528	0.596839754437785	0.0413020067399127	0.165334423852328	0
"HIGD1B"	1.13392185352461	0.790432589328978	0.914816303468397	0.763102604923861	1.27849926634888	0.41065533691722	0.909891740053453	0.60019504737909	0.860596169715296	1.03312694335533	1.22902796227767	0.915437147435847	1.71114024641665	1.83899612586592	1.01866835407076	1.79803806874655	2.09140534198572	1.240060881277	0.479860179846826	0.217596773034403	0.935076109649673	2.47153865989197	0.934834255792704	1.14757371919983	0.737111299007365	0.76043728126595	0.267449503448106
"SLC6A4"	0.0700057948339488	0.0209315412974045	0.0342423429596341	0.0038094805869411	0.770979966234925	0.0423437212793619	0.0504202703810727	0.104474950604172	0.0477198484253681	0	0.0339282043443809	0.101971655026745	0.0129802709195015	0.0269298429542699	0.0124707742949394	0.0320315639226947	0.0225613431359029	0.0162214471139784	0.07222313261846	0.088566538938647	0.0675369124263771	0.014030357179002	0.0403470835226651	0.168353210934235	0.0516324246481037	0.0373331589939873	0.09352799572661
"DEFA4"	0	0.248302869045867	0.20972534649289	0	0.0598943876087618	0	0	0	0	0	0.134914186963151	0	0.0963556454308002	0	0.126377555693118	0	0.156781672228161	0	0	0.079540591845012	0	0	0	0	0	0	0
"LRRC32"	3.68613070163967	1.7421118752438	2.61800836993046	0.965176978450772	3.23625074578191	2.02983979068564	2.77762065302812	2.94783538070264	2.63505550729089	2.53660375532338	2.72348211080696	2.8302441671747	2.31117611791306	4.27325477855416	1.77569955555464	4.56983434740526	4.05208109301658	2.36079407101983	2.35770400740482	1.42068180820722	2.59709371089618	3.03474042840515	3.94576687025562	2.14254740786317	2.48453259441203	1.36844429987388	1.76425272425604
"COX4I2"	1.66476043005326	0.797146239338299	0.682034770476348	1.17098899733557	1.25205530360974	1.05029063235341	1.6437823218976	1.83304186880842	0.979380789080647	1.46409055061584	1.89684532478223	1.28075147221578	2.6366918964121	2.85136926910406	1.63165377581792	2.86226192907268	2.12643934359085	2.9399994445494	1.12798252151347	0.948089085878715	3.2711978090993	2.48582608929515	2.12812839900347	2.37979560518874	1.61470513326657	0.727340211163207	1.71314590249026
"S1PR1"	3.75856435677384	2.31854389426554	2.17440961457194	1.91636963262493	2.76223930700081	1.69705763102396	2.89147459927067	2.31435864896413	2.35518545230968	2.21550931459985	2.73401045492977	2.6371499848578	1.95568105661977	1.64724081853297	2.52802364090111	4.38094411929345	3.7878398889244	2.27326820828026	2.17609454066053	1.52481592835751	2.94986358726519	2.05152523854334	2.48790561668632	3.29772554046243	2.50977943729254	1.18596800601014	4.72062322596188
"LRRC28"	3.27031140045842	3.82753960239335	3.72571934689026	3.9212220815403	4.04983548347404	3.16050719310467	3.49338474572992	4.2845104317436	2.23665027299154	3.97521745704302	3.30501253940036	3.07846808567758	2.94238970095547	4.2742914841021	3.08394431876425	3.20121196800292	2.7417776043035	3.28222553479589	3.41267111769059	3.4061767678689	3.71257377120148	3.94808684255019	4.00664810654044	6.04253928297388	3.73055301122294	4.28316615919775	3.22764559115446
"NRGN"	2.17608017520226	1.90671553798985	2.95607989151391	3.04121757010563	2.59013250130957	1.63123701817608	2.23532727684468	3.21029612123659	3.679699653946	6.16507179668797	3.28626387930091	7.22883311737416	2.41847468004621	3.97194814156057	1.02252405953784	2.47550128427875	4.43165304340187	3.24443881049741	2.66682247724048	1.78018619414868	2.7610607657364	2.9535688343015	4.38225914609535	3.90152341678259	2.11490002395719	2.67602588559505	4.75285026143652
"FLI1"	3.11368383207399	2.85315333036672	2.3863405456915	1.20379628232027	2.97110389606193	1.79099092729537	2.2368966694779	2.6256971553611	1.90307877301476	1.99131594264473	3.33476990709563	3.62253214961235	2.52402103638547	1.67242081586231	3.56953969946334	4.45268108723665	3.37035472045882	2.08841131355492	2.74118758886938	2.24790017791016	2.17688920649454	3.07359404484247	1.8838631999682	2.6997825873798	2.45370457092675	1.12175811478286	4.69141691326666
"STXBP1"	5.2518364724666	6.0924791443239	5.18337932069704	4.92413314897692	4.7394349965141	6.66299728317164	4.72082566608984	3.70628188585102	5.59127099841185	5.64216147080192	4.81167139092748	4.18435964839982	4.96694951156682	6.80314952566505	3.67403121412863	4.59356591641717	5.13832710028872	6.73429639486683	6.06090880805853	6.07243277144228	2.93079220623252	5.14895036931674	6.13917681698893	3.08583252367496	5.06182371071282	6.33525813881146	4.57808733221882
"DR1"	5.36272060273334	5.06800218411984	4.54141571581909	5.16973262927843	4.70659685641659	4.59409465024495	4.1603676192131	4.39810748346568	4.4823223390642	5.4620981386917	5.14350362489039	5.86550316351786	5.00474406818554	4.2291341253252	4.4764076117735	4.57752550802412	4.50181808150355	3.64800517981049	4.78092421620669	4.92274256277383	4.61022463610439	4.67934497247118	3.01453204800164	3.51041764217693	4.76982991126377	3.39718414020957	4.3047008576172
