"Pt1.baseline"	"Pt2.baseline"	"Pt4.baseline"	"Pt5.baseline"	"Pt6.baseline"	"Pt7.baseline"	"Pt8.baseline"	"Pt9.baseline"	"Pt10.baseline"	"Pt12.baseline"	"Pt13.baseline"	"Pt14.baseline"	"Pt15.baseline"	"Pt19.baseline"	"Pt20.baseline"	"Pt22.baseline"	"Pt23.baseline"	"Pt25.baseline"	"Pt27A.baseline"	"Pt27B.baseline"	"Pt28.baseline"	"Pt29.baseline"	"Pt31.baseline"	"Pt32.baseline"	"Pt35.baseline"	"Pt37.baseline"	"Pt38.baseline"
"RP13.512J5.1"	0	0	0	0	0	0	0	0	0	0	0	0	0	0	0	0	0	0	0	0	0	0	0	0	0	0	0
"NPFF"	0.643296546397006	0.661729992886461	0.0901598896385949	0.0821180363863256	0.18259416549408	1.75609245068921	1.42847474619914	1.42748281440055	0.480637899382076	0.972771678447256	0.92218604794012	0.802140265442427	0.935074977822774	0	1.17219625885232	0.458382529154113	1.01957525057546	1.29325275642788	0.742694830944736	1.14116201495499	1.86163583233628	0.587086507113957	0.297136232058213	2.5724531568317	0.679441814797362	1.06353055343028	1.54664015283068
"DNAAF1"	0.00575204142590222	0.0862467989184652	0.0402083293562813	0.0965142688684111	0.0054753508695174	0.096730349215247	0.0647923010095311	0.00783438051806257	0.0334655020465588	0	0.0385608492830143	0.00606096074135742	0.0626561286625835	0.0564291933583514	0.0161081021161845	0.0940361734717837	0.0106847537829491	0.0979818720871078	0.0758828743210173	0.0919952813655214	0.037130422508684	0.150819598212133	0.170196843695019	0	0.027783801205456	0.193629201238529	0.156616660970617
"SPHAR"	3.20342650381492e-16	7.0475383083928e-15	4.80513975572237e-15	5.1350926856144e-13	1.17435373226523e-10	4.24152279527804e-07	3.44816828870226e-12	0	0	7.28561055746372e-10	7.52805228396486e-14	1.54373123218758e-12	2.45257536556489e-11	3.28934094324993e-06	7.42874606234488e-13	1.85798737221264e-14	2.24239855267044e-15	0	0	0	0	5.82848784919324e-08	0	0	0	0	0
"H2AFB3"	0	0	0	0	0	0.115856929171599	0	0	0	0	0	0	0	0	0	0	0	0	0	0	0	0	0	0	0	0	0
"PDIA2"	0.0349940534669241	0	0.283166751990581	0.0119312440706337	0.0106826057067162	0	0.403470067264089	0.207423743357604	3.1151189961624	1.33168228910112	0.616854508367151	0.0407972762491633	0.343847812719099	0.260990342737035	0	0.338273790414381	0.0722019312016306	1.41154284982384	0	0	0	0.0598008935621676	0.433629303420142	0.546026668617339	0.0639442428480499	0	0.0758225785982053
"RNASEK.C17orf49"	0	0	0	0	0	0	0	0	0	0	0	0	0	0	0	0	0	0	0	0	0	0	0	0	0	0	0
"C7orf61"	0.313464126355284	0.0870975385667783	0.207729836628548	0.309551658510483	0.107943314182198	0	0.981427817495641	0.157091842307255	1.2304151588033	1.31582414189371	0.614236798138682	3.46867063195057	0.814818225146856	0.44407067910781	0.401054802705809	0.197628905828076	0.454270665659499	0.30251909859065	0.267609024594132	0.296021522814846	0	0.0996239734031414	0.547867326034806	1.54486121942795	0.288810939327717	0.514303075036162	0.971223849496334
"FTCD"	0.0312350369432496	6.2033431083318	0.13894025699146	0	0	0.109664045107773	0.134893164457945	0.328680240384815	0.237993770674695	0.0352246854124625	0.0477364578234708	0.0128644761071388	0.1960468524313	0	0	0.0109394213534715	0.0716203145360989	0.323205756772918	0	0.0182047197478473	1.37437737792984	0.103229856024442	0	1.08803301742734	0	0.166325961129589	0.137309796145714
"LCAT"	1.5574002867207	5.56863259586781	1.76549231353188	0.918300738873661	1.5631117485984	2.71071167410166	2.50277230534072	1.92640559392468	2.18063164950873	2.370589770969	3.37753955750334	2.57865980533663	2.26393580857533	2.53050278667123	2.42424491040551	2.23459481986714	2.91870298191686	2.5355939009644	2.34530836887733	2.45906171667372	3.39287172337496	2.27257118960791	1.88633162929608	3.84193287582641	1.03315161719113	1.09680158184917	2.0246175500737
"TEX40"	0.257741197467194	0	0	0.0505772693536415	0.12327180149167	0	0.244541866737826	0.18278190706833	1.87333287613188	0.481775282968191	0.0626564740075429	0.367457736584346	0	0.0970322543103828	0.0845446294769381	0.169099415462558	1.97827984546203	0.325451466880124	0.03892924061897	0.043013858126551	0.808616934177737	0	1.38505547343275	1.20524235478105	0.502529194141466	0.198700328001446	0.315636943248453
"SLC22A1"	0.227909852662027	7.02560469413627	0.118897363591201	0.147698224997506	0.122771832378449	0.640850871042754	0.289123268426786	0.217265464585976	0.164866840309252	0.288699925175696	0.059632021454244	0.235358834625338	0.506738010339854	0.183687858395854	0.219945019737676	0.258239102174248	0.403960267885876	0.281806837556662	0.0513195442012932	0.0355275626350483	1.88437910704495	0.151376192826272	0.279707812868209	0.103698511980911	0.63953873231711	0.174408975364065	0.152915453778759
"UTF1"	0.0495706193296971	0	0.0233489736049206	0	0	0	0	0	0	0	0.0287638321711144	0.10867231498848	0	0	0.187931766701621	0.0727360570543966	0	0	0.40698393972812	0.400910031336625	0.0958035997759016	0	0.28416703923908	0.346600673421306	0	0	0.370137491370034
"UROC1"	0.0049971411097072	3.89365343877836	0.0245925171027447	0	0	0.100626313750719	0.0658804626056026	0.035782527089925	0.00500990069886246	0	0	0	0.0121045766523347	0.0841298650903759	0.0152925259938469	0.0697093835238455	0	0.0143273672730859	0	0.00812785575781228	0.410747585564298	0.105215697812118	0	0	0.316441203791647	0	0.0320853226478918
"VAC14"	4.15318516813661	3.65484794235905	3.97568520792576	4.54882190845875	4.87229195742913	4.36006924544522	4.07513895959714	4.20469633540386	3.43245771636335	5.3929098365939	3.21712987917239	4.47503947366722	3.94744174089166	5.80967939420863	4.01218426116111	3.6667963506491	3.72928628501825	4.55647233391567	4.44452793175373	4.14714792845673	4.31352521990331	3.16840055004289	5.85674173521333	3.61251763836523	4.63667101803003	5.34446280698011	4.2630794893494
"TMEM100"	0.863767219312896	0.734624220989042	0.054108293968515	0.050593149398501	0.119114434810355	0.125768588586449	0.382257209042764	0.913679884092139	4.92000025279843	0.590585253562114	0.546610028054443	1.01669955228706	0.127200472326389	0.447784412264725	0.66909572286985	1.65728557541262	0.289129171917419	0.727622520886281	0.825486476323213	0.325047865489226	0.294125479492483	1.9735671950485	0.303171692755206	5.22583018037859	0.102758763810697	0.072852857870139	0.493309162694007
"ADH1A"	0.0292206930327192	8.24514146767924	0	0	0	0	0.0448541695380579	0.224675636515519	0	0.0438792039401553	0.033078087915472	0.0118131256224438	0	0	0	0.119941171699536	0	0	0.0470402344658953	0.0178171039730924	2.54235587727257	0.0836316636302159	0	0	0	0	0
"ITLN1"	0.0449741585055069	0.823097147349204	0.111515535827985	0.0323628325500218	0.204526761376567	0.0875442409000051	0.10870436008669	0.0563516381194145	0	0	0.0176961887163637	0.146041913801721	1.81053564724451	0.269271380985904	0.786929606863149	0.234136462041465	0.229975460398163	0.0364592345986693	0.920202580999532	0.590923886431384	0.0447011621363692	0.229850967585942	0	0	0.909439028289563	0.0970125609086738	0
"ITLN2"	0.0467302672085263	0.206007372938945	0.300917940222471	0.761486555707393	0.919259602033714	0.0301092554603091	0	0.0983404539727014	0	0	0	0	3.98156043229606	1.52559785517452	0.465544594850206	0.132728375267155	0.52461586745937	0.221201500420881	5.55151294151591	5.23558155777824	0.09328574054117	1.79549059867778	0.710581865387418	0	0.819549656938823	0.58892926266064	0
"STX11"	1.12122432787295	1.66351540977422	1.12063726581354	0.187035827504359	1.85571468226389	0.73057170477429	1.10688830770825	0.863112627911231	0.602787988346376	1.28879558681569	1.99545014705016	1.31211331267294	1.41300908745317	1.49166841954487	2.15874418201836	1.77961063191193	1.65316552035629	1.28335584047428	1.5932246756732	1.11641466455919	1.61043785895491	2.23105140800474	1.73422186622078	0.410979266448772	1.11475346885962	1.87213531146522	2.30983392509058
"PRX"	1.09385422882799	0.88836218098929	0.447318403536024	0.878491117453681	0.487041741432768	0.947776481815927	1.06456145063923	1.00251386869442	1.30848028900934	1.48931171598642	1.34965401418977	1.06513454267359	0.962472397957257	2.10599313023404	1.27139878218989	1.27295183040573	1.04623050640803	1.35142479977251	1.24264518407336	1.21688008320736	1.12251038579489	1.35768993374549	1.18760307535228	2.7455578954109	0.712144083469275	1.39843246370681	0.867195895125064
"CLDN5"	3.68334836915629	2.62555221997228	1.11363049608964	1.24947568135652	1.79312179956759	2.52922500914744	3.33926283120816	4.38939128236584	2.29316003904151	2.00878804647434	3.03329788912285	3.36836676868945	3.42200419694631	2.62414184646086	3.3154032006256	4.28081901378835	3.61953626243574	3.45224025186	2.77849981997713	1.60046482771001	4.40220712900237	2.73325128728753	4.91554958227681	2.49169663558366	2.61996462739821	2.14021586224442	4.82666033948666
"HBG2"	0.500538469497241	0	0.72573897555742	0.247880131523125	0.941170178844405	0	4.96987573146984	0	0.0390302754828611	0.135029805266391	0.0489448018104896	0.184980997859714	0	0.536666164010929	0	0	0.704732113619018	0	0.051550017337577	0	0.222548017910622	0.228663809831721	0.988788647947706	0.240974917136256	0	0	0
"RXFP2"	0	0	0.0396399854728646	0	0.0115463040240189	0	0	0	0	0	0.0106935608620657	0.00600525368642814	0	0	0	0.0121281820374134	0	0	0	0	0	0	0	0	0	0	0
"RSPO1"	0.176532778004803	0.0297643965375031	0.0373396961388232	0	0.133566419019052	0.126302679753048	0.04381356700342	1.31824741674534	0.0942863436822371	0.0300316852855656	0.0353411841769617	0.100486106064531	0.1277484926469	0.679128292375471	0.0175434804258792	0.100472851562001	0.178654351036244	0.14074424006203	0.0167717107259111	0.0186914250668969	0.624560892405341	0.0392229172133667	0	0	0	0	0.492697178614234
"SLC39A8"	4.1753249891849	3.10137273736782	2.08075145252735	3.54571389873745	3.48202863046085	5.48509026641632	3.52796485945001	3.83766577385654	3.29472219343484	2.60953159186464	3.79673790543752	3.79706487240786	2.11224640470153	3.27317270528932	3.62447526812034	4.04041028309499	4.2821432287815	1.84122843978824	3.53817806571395	3.15337732710064	2.84982116267815	4.4801099852146	2.24405590045219	4.6695824136582	1.64137493010705	0.62854311879764	4.10863317752516
"HBG1"	0.147632326823858	0.266869877346888	0.0536946235473708	0.0430378033328864	0.208108927443916	0	2.50539047159434	0	0	0	0	0.517539260226423	0	0	0	0	0.627664264653379	0.0867341811383718	0	0	0.224816995899154	0.175692317613166	0.254140484200727	0	0	0	0
"OTUD1"	2.93016960815008	3.33444027513653	2.81785243341366	2.82813089750942	2.9306947656057	4.08942611598244	2.41277610675538	2.77639039252674	2.20906495544039	2.23892745437155	2.64884850018236	3.55717111213951	3.64507907673858	3.29000262228374	3.36492535917288	2.89108861237592	2.93422208249929	2.59161120562073	3.13861626489278	3.29764851556466	3.21326172854747	2.96133068523683	2.02834990246773	2.6492659511592	1.61374851234354	2.35299010589183	3.7174516055631
"GYPB"	0	0	0	0	0	0	0	0.184317369142291	0	0	0.0894689983421386	0	0	0	0.135798168769633	0.0957225973129586	0.0773223107925067	0	0	0	0	0	0	0.312647749600026	0	0	0
"RASGRP4"	1.15570390492241	0.799488551650361	1.08206897221904	0.272538046715208	1.16173292689944	0.175214791581817	0.718145904496124	0.806808243173259	0.674723223472517	0.55636074324802	1.04986771266874	0.883394815459227	0.754548054866186	1.0376584338799	1.07125125240213	1.63091097855525	1.6746120542793	1.40408565397279	1.15249172363308	0.864079145964209	0.717151501855692	1.24786676711035	0.713676461487392	0.860756258251003	0.833721576741938	0.462277476858087	0.648985363811558
"USP2"	0.569962029740953	1.29943516772338	0.762826303760896	0.481683333425428	1.60677621245965	0.856017594456675	2.33200180686184	2.12576845636119	1.39604437583393	0.0366987041453365	1.02717670404488	0.290805965705709	0.335659323013492	3.30043346796694	0.157307252870979	1.07579958206279	0.889952025174543	0.332207235165716	1.80279085495485	2.20259481503965	2.99971053026902	1.31775845731408	1.25634042428058	0.46173703846342	1.57064750646273	1.92311874755983	0.769739584984059
"RXFP1"	0.540915037363499	0.150113541891876	0.442740774662053	0.042154438263336	0.0562813630905476	0.052468063954278	0.0648183702268958	0	0.0942776269732313	0.0895257434738093	0.100018693544782	0.0431227986047108	0.0949027314667672	0	0.115361042498738	0.118652089610431	0.745911077970793	0.0426058883729717	0.0660286907416906	0.0677440242634067	0	0.372271252595546	0.0340166265925798	0.300478715690589	0.0211135348881608	0	0.0829868771400464
"RGN"	0.685785894016669	4.87103782022455	0.6904251415242	0.0145269063431041	0.0137277270009506	0.185326273772064	0.184989246869617	0.405787101289973	0.450162889345588	0.0470831037213048	0.151167819803866	0.199205833353409	0.193180669215051	0.0386438614121331	0.238776956307507	0.440317591485731	0.327121670845552	0.132128204979949	0.100472515151723	0.112982039505118	0.883348672530261	0.880222770036452	0	0.146928878149828	0.437444020405729	0	0.354588693891891
"CFP"	1.58289074649805	2.99556682703032	2.01769034576607	0.158319833656007	1.01117643587497	0.487525966321754	1.59017562669379	1.69988028792099	0.612257181001081	0.794941067702787	1.07701050801378	0.773870611118822	1.08729310243717	2.07252773993825	1.94682067493464	2.26491619562673	1.69012875121162	4.20336170790573	1.05838923468351	0.586960211388365	2.31621671650837	1.39952933000344	1.72773316425803	0.942980596477782	1.46249736476737	1.71111601178991	4.0742827810594
"HBD"	0.194141908795632	0.196568647249878	0.220439546005541	0.033843863492943	0.815383193335752	0	1.03895866011773	0.410998797562889	0.115498413783671	0	0	0	0.144199770209629	0	0.747747437655582	0.934218685005323	1.50508553889495	0.171303687172879	0	0	0	0.0427276051221557	0.521891979913673	0.17768184045335	0	0.347768823730958	0
"C10orf105"	0.218169868663955	0.154342113284372	0.126611608813841	0.00853507839167282	0.0747229887845844	0.0882352400742535	0.24860830484875	0.178419539630543	0.356471197223881	0.0583510644359856	0.0864037520646291	0.0693866499852472	0.0484684771292127	0.164457934354964	0.112001265462553	0.303530026170432	0.134980471544181	0.0187043133331281	0.126096800451273	0.125112800623284	0.171539659512633	0.152125645183462	0.0298815490103314	0	0.0197497307188145	0.0272701420176676	0.181860760515784
"RRAD"	0.746136880213481	0.30674752901414	0.0856288762890383	0.122375801177985	0.4738939086109	0.350420867089539	2.10730455022349	0.956083795646233	0.278999333855997	0.135934133058394	1.90885709079925	2.82206013327405	0.911677777946773	7.29733817360183	0.425360471935777	1.68546477666533	1.10858801759429	0.621124916085678	0.335814792986084	0.14874177574126	2.24589111758991	1.17967027934743	2.89031049116947	0.622818865632303	0.171114573986435	0.69576136018299	2.67417136039408
"UPK3B"	0.493457250480383	0.524023544619865	0.370616830706037	0.227210593850786	0.477278912597964	1.85539177160777	1.748306650254	0.63886993880059	0.808559275682345	0.480347854881696	0.536186219001079	0.75864728474529	1.31120082698357	0.652376352563631	1.31605593318026	0.342892055473665	1.0084718294397	2.02992987693306	0.568301642171993	0.660788547019087	1.2989603115746	1.13224450747571	0.74461579583729	0.778427277436114	0.765696828289022	0.691037399252627	1.41072642316075
"FAM179A"	0.105795124519122	0.23045881384898	0.0835121241376717	0.0425141388112885	0.0320564681481128	0.12823327646411	0.259641890209532	0.211804056213046	0.0556706656474407	0.123200804245306	0.193460150690071	0.161512887615849	0.370877359318722	0.0831752363363029	1.43433732430406	0.258117869096103	0.317976050258891	0.283009653368229	0.143276770548723	0.0852338706747889	0.306881071580481	0.397508370143375	0.0409701202248191	0.044620456083257	0.0522660519861976	0.108281695596048	0.43565312765934
"ADGRE1"	0	0	0	0	0	0	0	0	0	0	0	0	0	0	0	0	0	0	0	0	0	0	0	0	0	0	0
"AHSP"	0.224968216586304	0	0.36835489417615	0	0.570831572656511	0	0.35945032707673	0.641379092214944	0	0	0.1250817132252	0.0499331444298695	0.096331354466223	0	0.131249676790534	0.0618959622205218	1.30485853175943	0.235400502093806	0	0.0706599795720629	0	0	1.21839681114338	0	0	0	0.481196626451788
"PGM1"	5.02237003255758	6.39722025684158	2.79447305312821	4.46086049044455	5.10572207204812	5.58867566355348	3.99510005047905	5.03867980024953	5.89271523154984	6.10583624109307	5.46743274236172	5.02961631718038	5.57472218161774	5.66077748229017	4.38959778532186	4.22312131342042	4.85112436288675	2.61553047471182	5.55868091065947	5.20057693521399	5.01558008168456	4.54822698710922	4.64730299557429	3.88164504394954	6.02770477909199	5.20567401751351	4.54391032032443
"TRPV2"	5.31802935841875	3.58682477935277	1.73898395470051	5.70327238604911	5.68456770248265	5.83634454645623	5.62786214688096	5.77289516451891	2.98998911111432	4.92432083485834	3.80037707084912	4.63838667688289	6.19256899631502	6.51840530947038	4.84349650053699	3.4356919272409	5.80839148664745	5.19480806180159	4.28069283466002	4.1138171634088	2.38990954878192	3.62213969668091	6.32086371475627	2.24759641490671	4.29589196569656	4.91966424715316	4.28951727342582
"LRRN4"	0	0.0900045645163987	0	0	0.0188838968511089	0.427709678415623	0	0.0509543732051579	0.00664921948823714	0.0241335495988262	0	0.428391128545597	0	0	0.0235200882798855	0.0233932623857612	0.0154917175337665	0	0	0.023083283354137	0.0496424068115554	0.208314356793514	0.0599959024103915	0.134062135976703	0.0395059359531807	0	0
"DOCK11"	2.24536483468916	1.66927399866314	2.06959734576946	1.63290332688632	1.61921108959497	3.55298564885896	1.41410846528136	2.16649854243657	1.99688944467273	1.65186683476524	2.30180125500374	2.22990934030638	1.26015214977228	1.23249806072922	2.3346726699243	2.84825336287789	1.95168663170464	0.851567962456746	2.08793461024922	1.54362455717647	1.83436536435607	2.3911875563413	0.737332857572969	1.29094335043651	1.64950969586904	0.545058987052341	3.33963197916068
"LILRA1"	0.278410651292817	1.01919020953345	0.926790785460349	0.0876479016950205	1.0984903027988	0.114783913575446	0.46154060807396	0.380235168765521	0.31306818906504	0.481119110184551	1.10862146953067	0.328321780571648	0.813646584696369	0.542550769517443	0.851542377724981	1.52345406352401	0.886146643526245	0.653084788126311	1.17084482698852	0.806089742213321	0.337627182202098	0.8628314311518	0.325273573763298	0.114767592089955	0.302607999750548	0.159683431168204	0.804909337210799
"RTKN2"	1.00494788444265	0.617823644860234	1.84916461609304	1.47501222741222	1.35861850089975	1.83743265946049	0.357067177628849	1.11149543821205	1.2591429023423	1.72781810124659	0.714969046998674	1.50817761696829	1.1337903674275	1.2878918627306	0.661255241599018	1.17024235944321	0.643962368222415	0.564909782388505	1.72378788916311	1.40193076926911	0.794438325427818	1.84097274506811	0.508170009148066	0.704890551205248	1.31732722539983	0.872646761677881	1.19647485393829
"APOH"	0	11.460453336522	0	0	0	0.112505113899374	0.0546616610662412	1.41961978803302	0.125548813469535	0.219918139799204	0	0	0	0	0.143288919115728	0.756503697386342	0	0	0	0	5.27461017726184	0.364176827498286	0	0.0912657249320671	0	0	0
"AMBP"	0	10.7330577034089	0.0944000615021654	0	0	0.026289378837848	0.0548881288631428	1.48379256500088	0	0.224167492572008	0.0158877350966826	0	0	0	0.268043273788886	0.499320363440077	0.0691222227647957	0	0	0	5.09829532446128	0.216462936143388	0	0	0.616144994377494	0	0
"GC"	0	10.2686531075165	0	0	0	0.0374953838993869	0.0290305993641729	0.722076444214349	0	0.0515977640386846	0	0	0	0	0.135488180058306	0.197628276825522	0	0	0	0	4.23703591844476	0.0482191634252512	0	0	0	0	0
"CFHR5"	0	5.26991211446964	0	0	0	0	0	0	0.0148668590637779	0	0.00846996491604829	0	0	0	0	0	0	0	0	0	0.520362402157557	0.0097429453259928	0	0	0	0	0
"APOC3"	0	11.9498157701587	0	0	0	0.0973937018804891	0	2.3542772436553	0	0.387374673541439	0	0	0	0	0.34525669803564	0.971700253159975	0	0	0	0	6.21988775216887	0.348963214714314	0	0	0	0	0
"APCS"	0	9.6808948302103	0	0.0281630188149851	0.0293844687918121	0.0733746767168885	0	0.714591503146453	0	0.111568215625393	0	0	0	0	0.0984276430877837	0.156270658450127	0	0	0	0.0305613825486639	3.78286457740215	0	0	0	0	0	0
"CFHR2"	0	8.11546768034187	0	0	0	0	0	0.450951502295971	0	0	0	0	0	0	0	0.145825075284651	0.0235060364916417	0	0	0	2.51882088011982	0.0301529133418516	0	0	0	0	0
"AHSG"	0	9.81717234485238	0.0901142154876035	0	0	0.0767369413104109	0	1.03470028931448	0	0.0396920578958357	0.0151252152522767	0.0354646414822885	0	0	0.0321886015066688	0.21213786649872	0.0399238345720742	0.0566320104283479	0	0	4.09482299555453	0.0551128947708131	0	0	0.0574312787403772	0	0
"APOA1"	0.113902289020872	12.0140675594474	0.52060328125133	0.0235357721849288	0	0.222361300007756	0.290276941807534	2.57403246057873	0.200892250792427	0.320410158511458	0.0825951665359431	0.773043072212025	0.246262503002121	0.584284755780721	0.766966970845968	0.77467322054232	0.108814806526094	0.241330117486714	0	0.040452227564554	6.4954633279727	0.458388304120602	0	1.50692685978672	0.472312037904764	0.18727620969789	0.150919655558544
"RP4.608O15.3"	0	0	0	0	0	0	0	0	0	0	0	0	0	0	0	0	0	0	0	0	0	0	0	0	0	0	0
"AFM"	0	6.36190606145708	0.0155917668272779	0	0	0	0	0.0748875012926908	0	0.015023634461529	0	0.0218604633750967	0	0	0.0183572156209322	0.0139008438914971	0	0	0	0	0.931834314665405	0	0	0	0	0	0
"SERPINA7"	0	6.00021526109054	0	0	0	0	0	0.0371043402614223	0	0	0	0	0	0	0	0.0172935398221041	0	0	0	0	0.942668759898735	0	0	0	0	0	0
"VTN"	0.142060481758626	10.2075207612618	0.731048525805952	0.0326416995024722	0.249968924643209	0.205824130802995	1.42132834110762	1.5628041262619	0.408125969853988	1.00657091613069	0.392050843067369	0.14705461220648	2.0351998358182	0.550243177690026	0.24027768899438	0.69087832660904	0.222578434564725	1.68731828945492	0.390510862358156	0.16219250211253	4.65695107389308	0.465749882728896	0.581154535487314	0.398188359075016	2.38909593177337	1.16476053848391	2.07416972752133
"G6PC"	0	6.72137265947682	0	0	0	0.0160152938227498	0	0.031659713170042	0	0.0157234901945027	0	0	0	0	0	0.0343411144636769	0	0	0	0	1.38340017140724	0	0.0350643170429263	0	0	0	0
"HAO1"	0	6.65101293168703	0.0153820264192431	0	0	0	0	0.0799853404267748	0.0253288580318475	0.0335313295510714	0.0132991679836728	0.0183050796580216	0	0	0.0239141922834365	0.0410055980088028	0	0	0	0	1.32301259383759	0.0168824369639706	0	0	0	0	0
"SLC17A2"	0	3.9325383991358	0	0	0	0	0	0	0	0	0	0.00875786185406242	0	0	0.0442629593019161	0	0	0	0	0	0.234164182263694	0	0	0	0	0	0
"SERPINC1"	0.0498928683614825	9.09481270529879	0.0318934893558311	0.0137051481120431	0.0390649585094006	0.111091824161679	0.270257421060164	0.652847611070499	0.049169449736041	0.128927493084553	0.11233035514871	0.0216905728983656	0.208997745185864	0	0.086664079978836	0.228385278281471	0.0918530816722674	0.3522590876169	0.0422036178079243	0.0472838880334353	3.42933208351403	0.0734044304741629	0.227636350365719	0	0.0518211641964623	0	0.0642910321522646
"ITIH2"	0.010426546427429	7.94632732625417	0.0211886005564944	0.00575805506774619	0.0237575853761679	0.0374399286505904	0.0317834153396871	0.232218057758086	0.00515980843427675	0.183604021432783	0.0185135694771213	0	0.00874782407318963	0.0320266959077238	0.0234785712376153	0.0848183249898143	0.0148358732029366	0.0231297099181384	0.00577969534927094	0.0128546813427967	2.28579576198227	0.674461555504237	0	0	0.0215266320039765	0	0
"C8B"	0	6.93148214353179	0	0	0	0.0134163072277327	0	0.117000320814316	0	0.0129447620703477	0.00955951159522602	0	0	0	0.0184158307173201	0.0392542260849242	0	0	0	0	1.61776629537068	0.0121025737534007	0	0	0	0	0
"CPB2"	0.36896274368872	7.59205332518029	0.648291480792871	0.82476133707476	0.542523035506097	0.660720560333219	0.388796801857395	0.503430663670644	0.0299168765983992	0.424008898374161	0.156412797474185	0.00984733450068566	0.526508566252117	1.11062048656232	0.277093868385247	0.208022126313946	0.350548164834092	0	0.70071446989412	0.950620327725225	1.73355608686619	1.16735150432688	0.357130816941034	0	0.285631848043371	0.0760941290084355	0.0643124191335266
"MBL2"	0.0163174517069771	4.86288527525342	0	0	0.202591994252185	0	0	0.588282646754171	0.0167153105150283	0.199990762542949	0.0796406654043991	0	0.547024805739325	0	0.0115042978445795	0.0200888108030004	0.226384600681212	0	0	0	0.366235475063778	0.0105126827436907	0.0391237913723027	0.0665944500518547	0	0	0
"PRODH2"	0	4.44191168292056	0	0	0	0.0284697159648119	0	0	0	0	0	0	0	0	0	0.0133957245716172	0	0	0	0	0.479797075167483	0.0187728114679422	0	0	0	0	0.152539099338516
"BAAT"	0.0141348866191095	6.67618982069458	0.331275840497734	0.00830243480214112	3.20534637228686	0.034754089525139	0.169841643320692	4.55552783260107	0.268999024218798	1.18991625603419	0.0773323612083276	0.543355813951767	1.15687872885816	1.50254446934964	0.0663775972793031	0.449512249515522	0.330936950253815	2.34078300014696	0.0310053618551289	0.0558149498472627	1.25490842680701	0.852668475831198	0.505037251973363	0.0896055354207397	5.13510797375544	1.44258261112828	0.221806568213614
"SLC25A47"	0.0132236906806513	6.78105146847494	0	0	0.0122507092397438	0.0645308241518122	0.0551715628388975	0.163135436543255	0.0534013759153964	0.065479736266106	0.0459072984471086	0.0309693125219516	0.0343030633699183	0	0.122780444865761	0.101004483620745	0.028593338352073	0	0.115114633694656	0.0221815734930702	1.73920436161139	0.0223055227704689	0	0.13298699010517	0	0	0.0879955556239083
"LIPC"	0.761615480805905	5.33386019744554	0.107381155229185	0	0.112141359662364	0.0794746459918108	0.90967711325429	1.11708658905247	0.192728210848883	0.217745030637116	0.372359858674317	0.11130953868567	0.286340035682966	0.0812332622709535	0.287627726645849	0.361782393349347	0.515455615856664	0.185921208149387	0.179392572436546	0.0351757601656802	0.913813514349612	0.375471549391182	0	0	0.0603224728125162	0	0.903177903891387
"SLC17A1"	0	1.45296699810563	0	0	0	0	0	0	0	0	0	0	0	0	0	0	0.013742517410674	0	0	0	0.0268991859041789	0	0	0	0	0	0
"ASGR2"	0.387183295799218	7.01804435376893	0.626010119377074	0.0257710774660554	0.315999727213632	0.284793643136321	0.543893745134115	0.776944507940095	0.414762278949821	0.382376747987026	0.857192769859977	0.430949455705789	0.67839377053686	0.558814235984774	0.684628459781182	1.49796996150158	1.24970624656411	0.469041987226079	0.377964960229184	0.375934667366344	2.4549246892298	0.377547469889695	0.198925326150301	0.945349253351137	0.0637968355983367	0.541976665835979	0.776787895068142
"PON1"	0	7.03392400327204	0.017450693159629	0	0.0291338143559678	0.0338468229045319	0.0641640145469704	0.425646209215674	0	0.0869718340419663	0.0141601588478156	0	0.0297964059682854	0.126976951814797	0.0442992655990837	0.0778159974421732	0	0	0	0.0135527313683639	1.528638826418	0.0674557528208283	0.0721974713170025	0.0603260702103742	0	0	0
"IGFBP1"	0.0160470390684167	7.82219796041753	0	0	0.0302030688242069	0.0234936168678896	0.0469361979141818	0.201772478685758	4.62247358132544	0.273067644696771	0.0341293482937891	0.300230348242032	0.105097061632863	0	0	0.0860309774478529	0.0564907212484186	0.0547826427667665	0	0.0387626124230777	2.10357652837472	0.0449012293377001	0	0.0911832483747326	0.0665201947353391	0	0
"ANGPTL3"	0.0251459776881803	6.6623493631352	0	0	0	0.0327628494797752	0.0131898818581618	0.0790756980549092	0	0.0633461701312351	0.028104232464196	0.00449868841515903	0.075089452072589	0	0.0105993294860092	0.0423288709560419	0.00627186662359781	0.00945553157287442	0.012723696789619	0.0144859866573627	1.02026180627682	0.0400081715520243	0	0	0	0	0
"HPR"	0	6.20435888129668	0	0	0	0	0.102266820748318	0.326846792595461	0.0315862489610327	0.0772665878291443	0	0.0289916443896872	0.0263811744318656	0	0.0384583065564593	0.0599228982812206	0	0	0.0184981584714747	0.0207180961254332	0.978545642158781	0.138962399801065	0	0	0	0	0.298394383794247
"C9"	0.0411882316873161	8.58213445289789	0	0.0190404356836475	0.0365925125700934	0.0219918998289023	0.0166521339565293	0.188481951272616	0	0.0329361651115277	0.0181130435227962	0.0373750524410914	0	0	0	0.0679772562027117	0.0637599124162809	0.0244339412246176	0.0151255721644415	0.00856333156267002	2.60129359892201	0.0204901114753028	0.0447323523476572	0	0.0278422468343414	0.0387621910884552	0
"SERPINF2"	0.928626526698014	7.68641298235229	0.528895326292602	0.1477118991426	0.927399671622508	1.02324967378466	1.01435243615238	1.72437523859713	1.01745161963648	1.02013163480535	0.841952192654876	0.623815369546861	0.897834422522002	1.57903287756269	1.31583862994021	1.30991539383282	1.29481775061052	1.05866630239659	1.16866128847807	0.849770731278895	3.10104826743195	1.54411192866249	0.612232642738824	1.07331982947324	0.689677566720628	0.306951628382151	3.14181532253101
"HPD"	0	7.79798893184422	0.0286620050218426	0	0.192377884113269	0	0	0.261097490349053	0.0430233102291604	0.0577680633311919	0.0275649274704331	0.0120203094304241	0.0197703652294666	0.0295403106341891	0.0649535363932313	0.219985029041165	0.0637460400980633	0.0656209060931139	0.0426475589569299	0.0320445452156472	2.29757148655435	0.0359449968008969	0	0.078595762886337	0.0415976537394009	0.0736538168739661	0.0625449232865047
"UGT1A4"	0	5.28228411009023	0	0	0	0	0	3.65001842097184e-08	2.16404253195122e-08	3.50574890852392e-08	0	0	0	0	0	9.65162994915659e-09	0	9.27652881339674e-08	4.18381555170621e-08	5.03500482705151e-10	0.602637882726142	1.30275362772832e-08	0	0	0	0	0
"HP"	0.312374165862998	13.1482827268694	0.250426222233504	0.0174613119740592	0.0764313743696115	0.443678254048183	0.666373033937359	3.50458225899101	0.105928047399778	0.683641664536186	0.0720682659047658	2.96170666513133	0	0.0463714767384606	0.988754479716489	2.10168873119859	0.222529965446812	0.181007746509438	1.93317414258451	0.163864898489844	7.02091328735309	6.48071023985458	0	0	0	0.335355193598703	2.2021888783574
"ACOT12"	0.0111243260849162	3.38490563487111	0.025874809319881	0	0	0	0.032052517364839	0.010719695373851	0.0439753447660775	0.0156342963796925	0	0	0	0.139119355063735	0	0.0121603705764577	0	0.0190943959251606	0.0322444705945523	0.0243674135956086	0.246010341144934	0	0	0.0551964873670282	0	0	0
"CPN2"	0.0857286643810732	4.96980667656648	0	0.0131823194380621	0.082061816888558	0	0.0453065932871799	0.070502609354402	0.0741571197898294	0.0511518346242445	0.0399011006323837	0.0544979515343353	0	0	0.0162277953118084	0.175195625922024	0.0527894578879996	0	0.0163606730860176	0.0365203540992774	0.614739051033453	0	0.0961826308656134	0	0	0.0437808173937797	0
"CYP2E1"	0.101568191079139	10.0587899916208	0.0438680080854304	0.390674288267857	0.0599951412489556	0.186679298769079	0.187701880624018	0.961737035584431	0.0454846992729651	0.126484410741372	0.131575393125648	0.255143565267076	0.339893888644054	0.201188438729592	0.796627654153816	0.684038618745943	0.120485585868139	0.962501641781907	0.357323970405516	0.563367074147179	5.15711649001027	0.351713689802823	0.216149375693149	0.992447957384345	0.0990471135313808	0.435576325410617	0.286506234874856
"RTP3"	0.0237843499574252	4.72553940499601	0	0.0259027249522075	0	0.0412818181062822	0	0	0	0	0	0	0.500784720221098	0	0	0.0293287008863044	0	0	0	0	0.699684436083249	0	0	0	0	0	0
"KIR2DL4"	0.0255504807721676	0	0	0	0	0.0254508362564549	0.0523400011092086	0	0.0243775560656077	0	0.156720846745209	0.0389286086899806	0.0992366199657822	0.0426221365421438	0.255051086074953	0.0664395290169693	0.17608847526226	0.029741643265242	0.0463716164445425	0.0357859750997159	0	0.103383092387459	0	0	0	0	0.0711453767523805
"PRF1"	2.28621729623133	1.62311301827296	2.22361870605331	0.37985048866454	1.38716399115921	1.401922580025	1.81743702528098	2.39058927608978	0.57232605863365	1.35830060427805	2.99928117848641	2.30827203656187	2.51617025360432	2.57695016666077	5.51064392183973	2.69992469507076	3.69402211899792	4.40570991767084	2.79854412035201	1.6234946715511	1.15142698243616	2.31854534034803	3.71984055506427	1.56077852946532	2.2916801697036	2.5958712097023	4.07786677838551
"ZNF683"	0.747332827579585	1.00627432292841	0.47235831301842	0.0560644115691103	0.0761506499604109	0.10315450772447	0.0456648798931006	1.75800036277131	0.063778477648368	0.103551955855394	0.37693100663834	0.651139427337843	0.332955354312099	0.845204594900677	2.63631951990614	1.32534323678777	0.924248519291231	0.431781259733358	0.716023800093617	0.107977985864059	0.157568807325032	0.496425533928069	0.609840046526914	0.440404773413201	0.574809720512179	0.319886102583909	0.505473300512528
"KIR3DL2"	0.077934642992934	0.070258311492874	0.0420438832523999	0	0	0.0387027816748014	0.0784732093786936	0.229794007312231	0	0	0	0.0401698854973519	0.0825671004170217	0.0995322110786613	0.677987144289112	0.0908758496223891	0.0840170361683425	0.250067795687607	0.0125915562169025	0	0	0.127674942308314	0.0716118030058562	0.0684760078902363	0	0	0.3536575285538
"CD7"	2.57084055681684	2.44810143431737	1.96039679406689	0.202601396855626	0.633394474059316	1.41243740492024	2.45333056326458	3.25213025889512	0.213923187070373	0.31832956881404	3.72996599744693	1.61730083403685	2.96649045529764	4.35910997748207	5.55467633159698	3.18614713013692	3.72667320930085	5.20159269672931	3.26939227894041	2.08308228557652	3.38957369483333	3.28665718747656	3.83390207666916	3.34673851900912	2.23929415889519	3.4523371285805	5.81988017869973
"GNLY"	3.22337466525776	1.93524851424457	2.24060894490351	0.633716698546807	1.76929993044642	1.04608588922875	2.22717269481514	4.00039668659434	0.75654212566789	0.620866477229823	1.49044433838401	1.59194505132074	1.87328759160782	3.56326797609713	3.65666225378476	2.57384225999608	2.27229049598557	3.06540170092181	2.58384758811161	1.3266293831654	1.80925802374061	1.08739834285383	4.16324913733254	2.27932270971912	2.10440040539659	1.06446211912569	6.23009539143582
"KIR2DL3"	0.0709450019544215	0	0.033371830109052	0	0.0135911764912756	0	0	0	0	0	0	0.046723143952157	0	0	0.239105317706191	0.0166700318854517	0	0.164028825311777	0.0145931752047553	0	0	0.0206635566008584	0	0.0824599400428963	0	0	0
"NCR1"	0.31021271570691	0.153787829111643	0.301240538659625	0	0.093152459179153	0.160141335597347	0.0718237526209526	0.220042006319778	0.0746699051837679	0	0.387416585738833	0.123605084213056	0.110137366057	0.0574115918415729	0.619259928893758	0.50067511070036	0.240606197471451	0.128049059320403	0.282903528013989	0.167215321269834	0	0.450891869930989	0.313592985729439	0.186470131417696	0.298288797564963	0	0.602473033561442
"CD244"	0.515417767772433	1.303435921118	0.710546160433209	0.332662110340868	0.339800986042648	0.064868507318109	0.425568335304015	0.638010334025506	0.0547281258624517	0.192386090937777	1.01159940037469	0.460384007553757	1.45006309433343	0.347221158397559	3.0441134222909	1.49569772059173	0.503317692718018	1.11658766513389	2.26431573131864	3.11158390568756	0.548721682936902	1.39286966317228	0.401705821132895	0.515927371977924	0.577331658119466	0.518804014152998	1.33518595097275
"KLRD1"	0.745061745135817	0.679456227983178	0.805047238523223	0.0419628182063584	0.583804995076532	0.476579218270501	0.330516523980517	1.17582795830055	0.235673149207196	0.278439793757563	0.7941866805887	0.533229920056181	0.655110901324571	0.240215398281803	3.57228943092956	0.984977176315544	0.864179011655157	1.14957805012324	1.41910197190837	0.687773794836503	0.0268848837780536	1.05725478026005	0.921150658047194	0.725272613466871	1.11825339720458	1.25300898946754	1.68040087842051
"KIR3DL1"	0.0379247560671694	0.0493085995585459	0	0.0102290035720299	0.0213969299743627	0	0.0340917284051966	0.0894342179646602	0	0.0171693730164271	0	0.0100088828150247	0.0208278088972757	0	0.0539548057159555	0	0.082568599107074	0.04843660030292	0.0120286791454556	0.0134218816465632	0	0	0	0	0.0441399028394925	0	0.108152937972489
"CD247"	2.52432199338196	2.14702334258401	1.95056359528854	0.0603767787296307	0.621931829108536	0.801924716235669	1.48011515671138	2.74685555625393	0.243574035426317	0.501286778325683	2.73792466751184	1.61684698219845	2.29557463381391	2.1235122522164	4.46581778323171	2.82239772902601	2.28393362191021	3.11524470282946	2.09974292585119	1.29512349104711	2.88855623428112	2.92096875024775	1.9157273950051	1.40483774173434	1.43171922530868	1.6838356648545	4.57317454225506
"IL26"	0	0.0535344881181058	0	0	0	0.0299764369531654	0	0.0809911840697261	0	0	0.0315069937511856	0	0.0269272233241747	0	0.230399786993881	0.101143833931204	0.0477205463030862	0	0.0487201188986461	0	0.291239302272789	0	0	1.32230314684335	0.341327705475434	0.121772169607906	0
"IL18BP"	3.69837407638624	3.64815478146284	3.65252664889331	1.62597646556373	1.99829119814859	2.34588740996426	4.48254822807776	3.72889462525699	2.45419827058132	1.7135462594352	5.32659846580392	2.9144363207584	3.35215186116998	5.02069109327432	6.18117015064658	4.47321868174143	4.2675395433781	5.50493177755043	4.4229259200241	3.69755699875253	2.7048044748429	3.6776773642438	3.60389334866513	2.51930789425305	3.00380009898982	4.77789834258016	5.2389817019566
"KIR3DL3"	0	0	0.0147866085977978	0	0	0.024762491655862	0	0	0	0	0	0	0	0	0	0	0	0	0	0	0	0	0	0	0	0	0
"CCL8"	2.15404522497203	1.47197298842734	1.89049144179835	0.495790827527642	0.419288083473197	1.37476685790977	3.22296989901009	2.79216506689352	1.53137646956267	1.71851945080899	3.45717268910867	5.25506257074145	2.98991738025693	1.02874452799284	5.23276435085304	3.87417727053822	3.96577505138428	2.42921958703365	2.39838868116235	1.74058869760631	0.70461924941936	3.37525495041105	3.44493072415274	1.16173292689944	1.42009428959994	0.618834407918214	1.81750865590692
"TVP23A"	0.156731200200008	0.419482261251205	0.185730196260105	0.0137558357948051	3.06897255858193	0.0517389068537118	0.461328433209035	0.277368272487783	0.187267340217919	0.0823777760942357	0.3622364576595	0.173050658309278	0.477875716868711	0.356555145088462	0.550759834981768	0.281200304581311	0.3380278509217	0.282757074063124	0.859147017359144	0.604349395320698	0.341677256374114	0.351502822742874	1.44050045483051	0.259732870600653	0.152113311135912	0.181556761168168	1.30375152874114
"CCL3L3"	0.290976957585013	0.638617346915613	0.00373721769199089	0	0.182424071126421	0.556449035478212	0.900759791050645	0.638738830044317	0.724642414370954	0.428150968849765	5.51098979697518e-05	1.74501569304859	0.978378701192701	0.721858215815481	2.82672744664182	1.76578083217499	1.9918746254914	2.03014888669935	0.00271295454622482	0.409051003930435	0.600065135150967	0.797381596407838	0.773189540235031	0	0.431321285912351	0.857266037230012	0.50781899141717
"FCGR1A"	1.37335588460634	2.30632057639881	1.10378631768071	0.32639468224641	2.22681368302342	1.164213462128	1.67847084529648	1.66787169352715	0.971430984859251	1.76315233351395	3.21530972268128	1.98890277851356	2.52545002329792	1.71035792341145	3.63105770550294	2.27534830585919	3.10614979288495	2.89668454201621	2.99581553192572	2.34508265021228	0.41019671933025	2.96168351649077	1.13665077016012	1.76454149088123	1.31894151235099	1.0927960350311	1.24744147114441
"FCER1G"	7.20986759358378	6.64905494076252	6.58578355125144	7.50212370553276	6.6426286555595	6.04761363622481	6.98237758920024	5.95523956007283	5.87786937623542	8.08096671827319	7.96548994485006	6.9125420898278	6.81992359556066	8.45054319554085	8.55991620781062	7.78421931572168	8.08494919647066	7.98602404086018	7.78144496116751	7.11922128123726	4.57660376336931	7.49029334133546	7.2525992088629	7.0618517859155	6.18334557286416	5.93464859318808	8.08042316371117
"GNGT2"	0.941718950540041	1.47072426662012	1.01311632885007	0.228304614763185	1.0162495501599	0.193252847494904	0.920968940739123	1.07176266930009	0.397313950466878	0.548416402162285	1.98896456518017	2.96638247511724	1.7620936369911	1.60812320817594	2.02592355504676	1.76901423128694	2.46140675818144	2.20792876243459	1.37005823716226	0.82870062794029	1.0500934710569	1.69555514932344	0.860355010273062	0.915863512090019	0.57650182153547	0.920878645011112	2.99318885348603
"TMEM151A"	0.131504935048643	0.275602483427994	0.25084215223649	0.103496431162482	0.580951527910572	0.660081146232979	0.265144126477609	0	0.418893714275038	0.0156903820939964	0.0958529415472393	0.0112447913308198	3.49640610306514	3.68613070163967	0.829188325291022	0.00985098834321355	1.33537463235889	0.110899460066941	0.0282789574366103	0.0315810265789744	0.0938010333954899	0.177621124465323	4.06015981954948	0	0.393052597702363	1.79434931888189	0
"C1QL1"	2.33220952708779	0.935737322029095	0.529478656193774	1.14067723828108	0.279153897539324	3.91421050316133	0.528354273204263	0.306741697179332	3.33034040180566	2.14340811333923	3.45110822339723	2.04074166727332	1.40497667156582	6.53569451391191	0.171958344950968	0.933508810811974	1.95955688761135	3.77134156091698	1.11706929591003	0.790706990029587	0.544994221140755	0.638982043552215	2.13426037507699	4.32852773351345	2.56955428139538	2.28782686728508	1.15466745345136
"KCNH5"	0	0	0	0	0.0629028220382677	0	0.0993777571273086	0.246658598838777	0.00560306466635527	0.069904294733584	0.0942633692969153	0	0.268960710570442	0	0	0	0	0	0.00545468335311721	0	0.0230054054721079	0	0	0	0	0	0
"GALNT9"	0.0199443237679041	0	0	0	0.00885436438396088	0.0476448943932396	0	0.0297345062953516	1.2106818626377	0.215886056456665	0.0740883234879553	0.00796566623763758	0.0267343488412441	0.0349347703133405	0	0.0391035441518223	0.0442918505143715	0.153824139622197	0	0	0	0	0	0	0	0	0
"ISM2"	0.0184518390051394	0	0.0226186514735777	0.00660678325800689	0.0161531843901704	0.347896355686263	0	0.0154004396936957	0.166979540018506	0.022140799311378	0.0154918602623797	0.00713750533337775	0.0130153928654449	0.771332897229825	0.0195319119012557	0.018839099185819	0.283620167158953	0.0174241814159959	0.00935964259468212	0	0.0223666056031766	0	0.0897693086335084	0.0917858009691167	0.339487466850139	0	0.0419558815734015
"NPFFR2"	0.329750494091861	0	0.145595423016645	0.753293459063104	0.090569740268111	0	0.0585598454225964	0	0	0.0535558266344696	0.0150888097476361	1.25279408673038	0.0459550226397283	0	0.126278226927319	0.0249852648542361	0	0	0	0	0	0.0632453050497931	1.37423268715287	0.119413418855749	0	0	0.166037958268636
"SMTNL2"	0.507054268431819	0	0.246116782422596	0.02181023017303	0.0554623684868224	0.0665321116623343	0.0690587557700105	0.157376203331029	0.189703256724672	0.148507120721997	0.1869561136538	0.192861375814913	0.391222207733559	2.70158675947224	0.168608663223514	0.654535902733727	0.525212959549597	1.95523281684532	0.192238360953376	0.0159913239159906	0.032304076011169	0.233403400083394	0.307141706396337	0.369235298898541	0.486136664573271	0.212269251975659	0
"FGF9"	0.0786345624960388	0.0121259645782824	0.00701826153257252	0	0.00589588058047344	0.0323904818579558	0.0103810556691054	0.0554147495176516	0.0297382231771458	0.0145698957575248	0.0230581527558998	0.0237225181982621	0.068889244638184	0	0.0164357011839916	0.174712567224728	0.0193717823554823	2.15361080228443	0.0293080329933419	0.0111551054466908	0.0450927391952552	0.0756191560474765	0.624424733370785	0	0	0.0274257169726796	0.0708373181883467
"FZD2"	1.84284008510587	1.61518556061077	2.49400335291765	3.5393387489452	0.963818480075317	1.36479092101885	1.35741969285946	0.83302972102511	2.1535621647369	1.43781364818791	1.55922258290372	3.14445676124395	1.39409976721658	2.86438129775362	1.81702559195521	2.26872032907542	1.3804302410877	3.00691644571249	2.52475826954079	2.48668863337128	0.551550469635535	1.60231196676176	3.0061525799814	4.20952354908595	2.23232920579271	2.47092985973656	1.50454412457051
"CARNS1"	0.148462736306954	0.101606243314555	0.0549475699015824	0.046316710912293	0.0541057927064237	0.16450195812665	0.309498690998493	0.363712722138223	2.67865900760207	1.47226940109298	0.525165341625235	0.0397262337879854	0.344399032510614	0.973425026353104	0.602947102251803	0.421894358262179	0.441064846062098	0.200489915124364	0.210663785748259	0.188182509742911	0.321081850372237	0.21683167053878	0.0892573199879406	0.558134380686005	0.116174957941067	0.298974969966352	1.23245201134283
"P2RX6"	1.03627684536909	2.12713964171636	3.06391187803355	0.138825606831902	0.132919627082551	0.151534011463145	2.45213018673967	2.48924491229722	3.64977638817966	4.1948907775751	0.820498005316504	0.194122362401969	1.71233164733738	0.857626745131961	0.586047480208291	1.550679073307	0.753708071176888	1.49106805667728	0.865915648139869	1.07521290958167	0.227286388935432	1.93047999457875	0.847135039627976	1.1739013549081	1.63919047964432	1.23998453277475	1.58185736716726
"MMP24"	0.132516962180475	0.143315697853759	1.61061266636962	0.0481992806510079	0.436171435923603	0.244594229274324	0.10196802556417	0.160185103960358	0.343628971207584	0.115761999507058	1.03068214240412	0.19499916744771	0.0576063000964904	3.41418966686716	0.271206326742631	0.772257293914555	0.173894321128378	0.0442868837853738	0.107018517792038	0.0575735848466117	0.0814050108731626	0.298767979678004	1.19134787275546	0.172964921205786	0.287387184830706	0.119606775806908	0.151276946586599
"SLC7A4"	0.0288807830983016	0.308700450514174	3.95362377263387	0	4.60397937265833	0	0.736532143468368	0.313951641761165	0.307884286537165	0.139005898295439	0.116906065038096	0	3.28380178959953	1.45285896471381	0.159396682658106	0.307766571694897	2.69137224346374	3.3203611988337	0.0270013499387249	0.0750219328484136	1.66634985359015	0.760989894937375	5.62509803375282	0.18269229751619	0.872501777258651	0.142574200368255	0.12670120238661
"FBXO2"	1.48254112924706	2.97955712551114	0.865067195062549	1.52194523207669	0.121103286603	1.49250184261428	1.39698419861029	3.1242569911761	3.46750382427008	1.20052004711106	1.34590443706673	0.271130413341242	4.43534189326175	5.08249184033152	3.38732255733452	0.459865935617533	2.73377840892939	4.15268235270909	0.277159349159598	0.0876276724718918	4.24439618538032	0.863896040907956	2.56849184493922	3.8503893946901	2.90099622218316	4.6404184830818	2.82445627067587
"INHBC"	0.0542236947066207	5.08105196315535	0.0081569776416492	0.0266335822031618	0.0138335429709053	0.299196000458533	0	0.161920565777369	0.0539547362291191	0.0479588518034173	0.0225031803020514	0.0161027378024557	0	0	0.042460557170043	0.0233799900893018	0.00876245053062901	0.0240319626470159	0.246099752345895	0.289773097702914	0.608673481049677	0	0.0410618278080685	0	0.0799789254457547	0.0766228486673646	0.0653562702747811
"SLC22A7"	0	6.06493996000667	0	0	0	0.0164335616534963	0	0.0293392326330653	0	0	0	0	0	0	0	0.0183705342054997	0	0	0	0	1.2684469699416	0.0123035651060278	0	0	0	0	0
"BTN1A1"	0.0140685824156204	0.100964061441815	0.0334933416682042	0.18972083921237	0	0	0.0599875988093843	0.0517776004011657	0.0349268422390083	0.0102659616557785	0.0533724580114708	0.0280375908881163	0.0553033316485554	0.0196385838990863	0.595050061641195	0.152035409452028	0.0186816697833039	0.0138363293770526	0.0670553950007875	0.0505204340765848	0.0171804215866975	0.0198462123082612	0	0.116933337984735	0	0.0410713628185469	0.696297459553752
"CCDC64"	0.957703656369848	1.6247372717736	0.544758369548244	0.0318594096445693	1.91442101220769	1.88872376934004	0.886897366818573	0.760826431891784	2.52879383179462	2.87760782539639	1.61695281533989	0.366533164555537	2.79003069411609	3.35159511620729	2.95290195824747	1.15942574760272	3.73229091032441	1.24995497296872	0.914531995520221	0.477882450230609	4.16840536410251	1.42902939446124	2.30034926535085	0.22735416978464	1.50996940873282	1.52295966198722	2.94011411700006
"MAT1A"	3.33781953990489	7.60332590676901	0.24070876471978	3.76013044246287	0.381179251023851	0.0204875512434807	2.42979938569268	1.15157635327939	0.0410180080158114	0.0743229985756469	0.0239971291612071	0.288142953989197	4.00944571363704	0.879066997114493	1.08617232513233	0.12153129605418	3.36928011477956	0.0971192527653383	1.05231502718206	1.14935692949372	2.29023417499131	2.54879786976167	2.95140315682506	0.11054806220637	1.61645650834161	1.04143925391995	0.446604552364214
"CRB1"	0.0122589202645566	0.0101396126645167	1.29340580066455	0	0.0165561658955585	0	3.08858007287786	0	0.0202188438765614	0.0264893242459632	0.126443374581001	0.00922454155249585	0.0492609861748721	0	0.0354462713664569	0.148992006344614	0.197899351517333	0.0200440789926982	0.0245210324602496	0.0134202950833967	0.0267906419662088	0.143139863495642	0	0	0.0446050696681748	0.0956440205782636	0.0597633835147713
"DCDC2"	0.862137921980191	1.06761256090756	2.38176372935781	0.0223226404297609	2.82416804789702	1.33452537172602	0.710775802789255	0.269311481925402	0.144525839154096	0.288605438317081	0.196529619901249	0.00311146420919283	1.59821273279752	1.04657487446472	1.18149379095191	0.12958623133274	0.828488604824636	0.185249383752965	0.0177530493627789	0.0150070724738818	0.00880955531959016	1.12142659335758	0.274841306896667	0.176528310123833	0.525118724661037	0.779877435659126	0.0628797567521894
"CRB2"	0.0411991679416681	0.369544653688022	0	0	0.0135606634385712	0.374829721250838	0.673383199735045	0.56666369351799	1.26135629725906	0.0691493827599736	0.218310626810475	0.401219223508978	0.0276187113555103	0.0869121358369685	1.27754741056392	0.0224437367413329	0.0672431604731483	0.0312035535555359	0.0666259970722076	0.0501605646567796	0.300844159845958	0.451366749621915	0.034031280911797	0.149349124616994	0.0220160544151769	0.0302795702369997	0.806225880662968
"CLDN15"	2.86514778589702	2.74743359093615	2.60519798912315	1.53446008192673	2.59225848484776	2.10072876977197	3.73823280573381	2.42678805612381	2.87292920306499	2.88468289781613	1.73051388440116	1.49992240368606	3.03924457375863	3.25731165129562	2.34655982775468	2.3255418443	2.5103834597857	2.17513493298625	2.09820730184877	2.14227455341037	2.87168301163513	2.88792780447979	2.37210795795611	3.78001607009367	1.52555776667105	1.92462440665757	3.03846954447114
"ASIP"	0.740133589846524	1.78271887874082	0.501300537864563	1.96720734946238	1.00791953824511	1.54154457522515	3.19167950174016	0.880778371893163	0.614354131774703	0.370528675469326	0.183114367068479	0.0512192967356853	0.587115318278216	1.05196993925378	0.744983412671864	0.733843255447852	1.28803956876337	0.749559581650125	0.210276636611351	0.229730031969266	0.420611210821031	0.230319850944575	1.16259676598849	0.934714257083966	0.494913235152782	3.80450794460481	1.24395539827551
"MEDAG"	3.8835866056318	0.262160108222121	0.233416285559622	0.257468103337109	1.11994044151699	1.77135318285463	3.40246160608344	2.87640005283555	3.2504477492504	2.78091581978602	5.17214344228128	2.49248005152572	0.57103455246918	1.48234234780448	1.11469351021027	3.19873615407785	1.70487860260845	1.40265396915153	2.34383275066585	1.26604289271482	1.64857358357859	0.518776323332108	1.37600137079197	1.67960395483622	0.607508812173129	0.255152631535466	0.449784265333062
"CCDC80"	6.0620968808258	2.72684865130831	3.39365026932446	3.5878210121312	2.61290210450822	2.66808394210965	4.30174858737694	5.13501765264189	3.02802184972671	3.77184861294192	5.89804868929329	4.91448081031187	2.71385195174144	3.26049543421962	5.14495184982397	6.67366948343465	3.28865091089023	3.06321213056441	4.70585352605928	3.27482893520667	2.4374741161224	2.6616310422496	4.35730566980143	6.40891561712621	4.70054514200364	2.14357627474214	3.54468320538365
"GAS1"	4.38036235669521	3.64528663387226	4.62756014821425	2.47772524392982	3.66787509883109	3.51005678719598	3.90002629896485	3.13975433861181	4.48993463992957	3.46986904924779	3.47486820294423	3.13385857733621	3.56273087317944	4.31688066324004	4.25035148157564	4.78293794525825	3.64923605510493	3.02125673206445	4.56777663024834	4.4331397328861	4.51449788021763	4.71462743779642	3.93746680885933	4.27493997850617	3.83032632119242	3.37511173810564	5.58498053429646
"GFPT2"	3.6410777708191	2.15510317767468	2.35250854545365	0.35008474706522	2.04412654019276	4.44597163353277	3.15788853914651	2.39483376035683	5.00833001119483	4.95022576715425	3.97104225966686	5.25231725156965	2.13917313255114	2.84453529823559	2.4805352788941	3.00681593655111	3.09392519807908	2.99440593868777	2.04268985862122	1.23908331518322	2.75717903208721	1.45907483538671	2.91859804316916	1.57155546802705	1.20187219979245	1.84956698648878	1.29081952787057
"CPXM1"	5.19166529063278	0.398056437811624	5.7498372554414	1.51614881709976	3.36571912911949	6.7427944639085	5.11305659283016	4.4333667775228	4.0536022906833	3.28441937183721	3.26749310085471	4.07665315113058	2.86301268837363	6.61723896691602	3.24711937792162	5.7906847334071	4.52053853951808	6.33525813881146	3.69671720562044	2.6682598464143	3.02587573040266	2.85493219695568	4.19920118381294	7.38871477819366	3.80114830673778	1.39204809456638	2.05531020440165
"C1R"	7.5764314375606	8.95676527665712	4.66240491054154	2.3425661231536	4.3505219989926	4.18680161592462	7.97976814298648	6.8794913552823	6.42051103474599	6.4983697572977	8.47968327286695	6.34055603822243	6.07092701801973	7.74867925777159	8.98867048694795	7.71232064074163	5.6611396084777	6.01309483944149	6.87645555398043	5.54851214842114	7.95207433794056	6.11669848272612	6.076556957424	8.04181792148187	5.35578450060681	3.24992009319222	7.03395152579817
"RARRES2"	5.85977330052786	8.94641067402282	7.09861641406035	2.0499182326602	3.75030099842931	4.24308256227679	7.7558456410501	6.17306545384241	5.60982291188682	6.6375892362317	6.84326784452704	6.43771129766982	5.00889021063343	7.43559525967806	6.12410579889588	7.82666288148123	5.74510150153814	5.276185834852	4.39457244672989	3.61575174136186	5.94292145215	5.50834149235591	6.94786482924431	8.97091690887473	4.25593876252097	3.87691961715096	7.01650746276469
"HSPB2.C11orf52"	0	0	0	0	0	0	0	0	0	0	0	0	0	0	0	0	0	0	0	0	0	0	0	0	0	0	0
"PCDHGA12"	0.781773052013617	3.59630904382589	2.29349703085111	3.40657000255163	0.314386784206734	1.25616225730042	0.53345221405709	4.08072161117622	4.02304682964556	1.47493178308558	0.457075216983381	2.83402954619559	1.41695320784722	0.886873571295856	2.67846971850217	3.28597918149377	0.817397319916261	0.339790156515736	0.95208974148862	0.607555682103479	0.608785591743288	0.315811392292435	0.639358133046863	0.350539112920995	0.25978950450301	0.194051740966387	1.87459633177904
"LIMS3L"	2.13498809177655	0	1.64913946361847	1.90937374006408	2.00194272295177	0	0	0	0.0184777194068961	0.0255819460315576	2.03941567360534	2.69783947319478e-07	0.70496976347395	0.182742377866881	0	2.2104979664704	1.57895078580472	0.253156073451018	0.00972832880576464	0	0	0	0	0	0	0	0
"AQP1"	6.8915528535433	3.31387417264381	2.80568351949001	3.79954325831092	4.46993805818782	5.82215907435155	5.09213342364221	6.10676287561727	6.4404140760517	6.11164274190102	10.5281512790768	4.51883094925974	3.99334376286388	4.70164608351587	4.72422187394115	6.70859421288643	5.26692330919622	5.68564446094624	4.43086063028203	3.32770532590488	5.81750814427221	4.72781156780962	4.82575510467983	4.41958608170127	4.13795429552079	3.63607933827742	4.72809465627692
"HAS1"	0.812155634435297	0.0479737140634928	0.0116248744799825	0.0362280964829826	1.71978799691053	0.0872662139768725	1.59074811380227	0.25260276609285	2.30369893226505	0.201158948165134	0.959988211915063	0.602239742180375	0.0607980816867033	0	0.0773961489498352	1.18905597085443	0.147947074154529	0.14403004944475	0.281824637999537	0.0787452176229127	0.0398833482637203	0.019067344869029	0.400193608999995	0.617385944752101	0.0704727269941061	0	0
"GYPC"	6.49682901673472	6.52940400362775	6.39616034553605	7.24580937380886	7.44055776097422	7.65398792316735	6.6328091247257	5.40140519854269	6.7340456922964	6.66094715115171	5.07383308384347	5.2705737923066	7.49965457781943	4.54388248873958	7.33564492547497	6.4952842301852	7.61302694551629	7.7793089739599	7.56716513250615	7.64721375916888	3.52254543890839	7.28599397237378	8.30413681250385	6.01837156692484	8.02356586209553	7.39518279055041	7.05596565556016
"ELFN1"	1.25778910127143	2.75334138729692	1.54107864448595	0.325688623586108	1.46928168863593	1.64084994579222	1.05985016727156	1.00727875901408	2.97234893921286	1.78044029272109	1.19360775562424	0.667046010645198	1.1434685230894	1.6655496760619	1.53701520506011	1.60716221148803	1.89435990776581	4.68235137041111	3.28895205668928	3.15391799157411	0.963727498160755	3.65893693308034	2.85754115483949	1.08990486842134	1.36316546896436	3.10720242621106	0.673477729387133
"SH2D3C"	2.99096393392218	1.65996792991148	1.62788227787786	1.18455325379591	1.78902181314086	1.52530969428259	2.40078655446368	2.33811630266678	2.05989860888464	1.63460256113751	2.75241891719025	2.09216345282167	2.22257429249711	2.78729245110687	3.46287554592929	3.6276593624784	3.79482132365135	3.06050485650055	2.07499686912733	1.57015444304645	2.96362485923575	1.71972229652566	3.17089608920697	2.23032907456092	2.40678698410494	1.68416343019077	4.66208583988938
"EFEMP1"	5.76832196984741	2.02575527612608	2.58021062135776	0.350490457915025	2.41477418340558	1.94842143384574	3.99406826424455	4.39239986014005	2.94876435612381	3.88115557333595	4.15314462500115	4.25467718002078	1.3517555203549	2.44684377683597	2.49317464071637	5.57743033871039	2.02043286076193	1.99115446476996	3.88744728511813	1.84733551974849	3.33988419969511	3.54873869587774	1.89866885770326	1.75811125991324	1.451730718223	1.04538006117559	2.70676923224102
"SERPING1"	7.45558614233241	9.23826261253158	6.31029103615052	5.48607074373567	4.68907546954531	4.68557858865216	7.08106794601002	6.24925569993658	5.44106843258846	5.19269523326534	8.22374351001488	6.33445654399024	5.77478705960117	8.10388836914826	8.93040618922355	7.86693887857991	6.49445641363985	8.80809861996992	8.34215024634516	7.19811594666825	5.50297656344624	6.23952788438765	6.70260213929171	8.06529225820229	5.82620016468006	4.24145124400077	6.55928683560824
"C1S"	7.61870484215119	9.14068536625696	5.01012412269142	2.4030549841348	4.45710503732196	3.83735292771089	7.16465053648325	6.67419933150681	6.25713134077343	6.68179359316622	7.14736775963712	6.18277670382899	6.16677769800283	5.61936898953249	8.03928098901552	8.02189331028961	5.52185009269207	5.54333502509704	6.85455051910076	5.53696207124703	6.4211551189103	6.02421993189763	4.97614364004663	6.22508015597704	6.10686126285916	3.17023114090623	6.8977728657496
"GPR1"	1.34721775609978	0.0694450841997981	0.734773774702805	0.554324599416181	0.640244241992986	0.0611817884612223	0.206032387124725	0.601726938724486	0.308633473717991	0.493002178004887	0.520861213640917	0.824315323691302	0.242289087734618	0.176140573009886	0.138480684219237	1.65112059437127	0.311297333651701	0.225084244570526	0.350395406192703	0.0873348600373439	4.0868516880385	0.0775947411677799	0.554925727679026	0.707135131109722	0.288271141380863	0	0.353353782242721
"CCDC184"	0.583336147957563	0.655871105363066	0.267728743754966	0.0446337442187718	0.0718726174156092	2.33540321829515	0.284515909961182	0.101902223168541	0.296008009463904	0.995776465486037	1.48574624570926	0.202348131999173	0.870478355086578	1.95363215287356	0.0963063883264307	0.289325154093276	0.878739072026984	0.410709601541621	1.28805729247112	1.5620298972984	0.198748724420126	0.226090457598831	0.944214522885154	2.56403910148684	0.916730383581617	1.78947887042393	0.260869942667122
"NNMT"	6.36496631830804	8.26841801793653	2.13502257939389	2.21362723851195	5.4370945445223	4.52379715890093	5.71634482831732	6.90893896995753	5.80483960739044	5.48091780682612	6.91156575995785	5.88965484149754	7.71142263242598	6.71847122843582	3.50620838930675	6.29395070498416	5.98467706683521	3.93361040465259	4.89509900080962	3.49567214071101	5.5266338191899	4.14341382788338	6.08052762734692	7.17519522663474	3.69597154912575	2.71504990501204	7.24386897603264
"MGARP"	0.207472472755236	0.0323317264451865	0.185756832901524	0.264523820498185	0.0590928133930033	0.168135077928685	0.270313643325997	0.0912717513593711	0.151319945468439	0.299491436612308	0.0980516276602235	0.258110027799985	0.135565535734044	0	0.0936188562855099	0.161544618680665	0.191321970901563	0	0.0827690008170067	0.0740393966316931	0.106317964292467	0.0815814426911961	0.192040101219394	0.162940868231044	0.292175100926668	0	0.147550275483558
"FOXS1"	1.51555603462799	0.346547914217413	0.636661738652128	0.450175033241017	0.485356751709266	1.02044672915567	0.621169938809827	0.891867091618937	1.33553470630705	2.37287968282985	1.13087157977085	1.60044341841557	1.65219276328445	2.66170514186702	1.10779297134268	2.91495097623701	3.09197988440761	1.19183107817593	1.73879161135403	1.4204177239403	1.74235983267675	1.73924109282304	3.03710103600777	1.59835567626284	1.37981500867635	0.544494288680593	2.28662392307881
"PRG4"	1.52142518579618	4.66642711996582	0.0156707880197328	0.0238172728333798	0.0127375536874845	0.5097703180342	1.20825191935598	1.14289371165142	1.05790770295042	0.703195960412934	0.123438286927736	0.284155783940103	0.0554083631806808	0.577289597469449	0.47792492148139	1.54202026412237	0.125577510436297	0.450576252301283	0.907979323278004	0.078992794805888	0.692450855951786	0.280534130181805	0.0420025455526149	3.66892468441892	0.0415900845861824	0.0413569632557462	0.131953305761252
"C3"	7.41496423556107	10.0578631466463	1.52671988124737	0.574996646095628	6.00505521789372	2.62556273996637	5.04018449498595	5.78273486438452	3.62845866377211	4.79713233256053	4.27033457658862	5.9615087322651	3.74949672493065	5.06001062388553	4.95488026491696	6.91969165480011	4.995959309016	3.51340231148296	6.16178693199864	5.1974821049203	4.83530008485776	4.74117302419378	3.18807328991153	2.07855177051729	3.03341066699277	2.58241389416649	7.73782869874842
"PROCR"	4.42731116779988	2.39064705190181	2.36574712008678	1.59346134157936	2.62035415304359	2.75116911049836	4.3488202005488	2.7823781589702	5.97294877855608	5.61400451772335	3.15082853218592	6.40605615668981	1.86996613543693	4.45375131506786	1.52738316918496	3.6589997501979	5.19710264933535	2.20866083546477	2.6856385746083	2.66620667260235	4.54275640553141	3.26502575340099	2.9673678406606	5.5551811559105	3.92119827410215	1.0443241688122	2.2673470218815
"TNFRSF8"	0.652497508691148	0.284721402124839	0.208963546008549	0.0582432678664819	0.13309467231061	0.129031916693362	0.729138554741935	0.535422951720142	4.06671781012961	2.81697338680192	0.882897332517632	0.507982844136841	0.263291062495414	0.882132391666339	1.10061440604582	0.710599056346514	0.610392500056627	0.537935135112266	0.526235613638637	0.294151364764421	0.711372878122602	0.292271710548184	0.568499141221145	0.550818926025968	0.198411172714381	0.248272504100336	1.48767156221484
"BDKRB1"	0.72621826834339	0.111019289879976	0.0254832250225564	0.0194961867606918	0.636746642734623	0.0728668486431124	0.354403637364847	0.396443943827197	0.965755845977148	1.18508950029688	1.85161313439103	1.01208590666514	0.0742964839165792	0.179584297829128	0.0939948121430502	0.457801239272552	0.56477665345934	0.485332018380946	0.0963117864473189	0	2.58024439490672	0	1.02938220701756	4.95952906777389	0.417702939309607	0.128355040917528	0.216381603245967
"IFFO1"	3.1334459814183	3.06840941672856	3.03878118613541	3.49587420940839	3.22234707877978	5.61646356603586	4.44946563194855	4.1905674543362	2.63165843164786	4.87402476499683	3.46827702131972	4.27982412589712	4.36426425092678	5.54656113568525	4.58070628945289	3.82665017146356	4.48505322383392	3.61383807520318	3.78065130751797	3.98456200907291	2.27894226000219	3.9982586986733	2.99472633947358	3.852098743282	4.456149034648	2.24798218295667	3.99553878851661
"ADGRG3"	0	0	0	0	0	0	0	0	0	0	0	0	0	0	0	0	0	0	0	0	0	0	0	0	0	0	0
"UBAC1"	3.49111553035919	3.65910824604999	4.35450858087017	3.33060500721914	3.81753116765486	4.84392105128903	4.07868668075202	3.90786648911278	4.16479029992364	3.50891665222966	3.94248635491746	4.37731466100939	4.72610914401797	4.19757842750099	4.48997958280026	3.85190391984271	4.78407990646277	5.13936716680701	4.17122284303796	4.09731582297779	5.7121128754948	4.98795520299242	4.8971484387303	3.97066042331478	3.97588693600594	4.86161300592738	4.36413815775352
"PRAMEF9"	0	0	0	0	0	0	0	0	0	0	0	0	0	0	0	0	0	0	0	0	0	0	0	0	0	0	0
"PRAMEF25"	0	0	0	0	0	0	0	0	0	0	0	0	0	0	0	0	0	0	0	0	0	0	0	0	0	0	0
"OR52A1"	0	0	0	0	0	0	0	0	0	0	0	0	0	0	0	0	0	0	0	0	0	0	0	0	0	0	0
"PRAMEF27"	0	0	0	0	0	0	0	0	0	0	0	0	0	0	0	0	0	0	0	0	0	0	0	0	0	0	0
"OPN1MW2"	0	0	0	0	0	0	0	0	0	0	0	0	0	0	0	0	0	0	0	0	0	0	0	0	0	0	0
"NEUROG1"	0	0	0	0	0	0	0	0	0	0	0	0	0	0	0	0	0.03064245519248	0	0	0	0	0	0	0	0	0	0
"OR4N2"	0	0	0	0	0	0	0	0	0	0	0	0	0	0	0	0	0	0	0	0	0	0	0	0	0	0	0
"DDI1"	0	0	0	0	0.0175035013907796	0	0	0	0	0.0123707228788619	0	0	0	0	0	0.00984095816508878	0.0112095045732077	0	0	0	0	0	0	0.0514286250225887	0	0	0
"DAO"	0.0211863258966564	3.85172905589178	0.0553771252555628	0.0112281859053371	0	0	0	0.0572907610819182	0	0	0.0399493045789941	0	0	0	0	0.0951324246114642	0	0.0288081671631468	0.0682783579961943	0	0.226358703697943	0	0	0	0	0	0
"GDF2"	0	1.53462691253123	0	0	0	0	0	0.0231131697386756	0	0	0	0	0	0	0.0243444331899907	0	0	0	0	0	0.0566978296761919	0	0	0	0	0	0
"GDF5OS"	0	0	0	0	0	0	0	0	0	0	0	0	0	0	0	0	0	0	0	0	0	0	0	0	0	0	0
"DPYS"	0.485895111801784	5.95610545409321	0.104605848304444	0.0566558000288379	0.0358162327913618	0.0327019231726184	1.04895038008442	1.47248517200988	0.622340505339146	0.350226787134528	0.224197134072187	0.0634425411297716	0.0607186861049494	0.611453335843577	0.292442528802187	0.207581920479038	0.616571779691079	0.115672522912783	0.367462768930357	0.0580494077535927	1.10168032800318	0.270229907237998	0	3.98319428352058	0.0756370901439252	0.10681676753674	0.0902865363599223
"AC064829.1"	0	0	0	0	0	0	0	0	0	0	0	0	0	0	0	0	0	0	0	0	0	0	0	0	0	0	0
"C20orf141"	0.120065961106075	0	0.484056131190744	0	0.0476599692600274	0	0.149602761499912	0.344393350906633	0.161953448428348	0	0.204096258044897	0.288090966915983	0	0	0.111277751742134	0.0570887993025858	0	0.106798547001155	0	0	0	0	0	0	0	0	0
"RP5.860F19.8"	0	0	0	0	0	0	0	0	0	0	0	0	0	0	0	0	0	0	0	0	0	0	0	0	0	0	0
"CPA4"	0.285966757037371	0.0514387878443921	0.0684601170967888	2.09968402306345	0.578886557819472	0.241781010503834	0.27988309584276	0.57343996979713	0.498957487349273	1.64086845069011	0.136122203528604	3.7784766908674	0.388306932205293	0	0.10799799867565	0.0865657152446203	0.0900796539671891	0.0145529000956312	0.709192246743353	0.260244302565417	5.6507774812877	0.0337247773706376	0.327582750623302	0.434152610275112	0.128680619603203	0.290928020600003	0.0418828697368761
"CCL7"	0.363058909879187	0.132830089915268	0.0942670857664047	0	0.080887521264255	0.817770998289589	1.48048745577026	0.24088946070287	1.45204713803687	0.682512621981181	2.56233157849315	2.57474337063407	0.153890922639368	0.0923826891857537	0.39782869471342	0.973136972406239	2.03900499987757	0.19295161806985	0.16091592977264	0.0379546878887675	2.0242363352604	0.280681403770302	2.21748820654941	0.676378449981191	0.124201331094942	0	0
"LETM2"	0.704736982072118	0.840746407365254	1.11889457360162	1.24976388210898	0.863691506485591	1.01167811104552	1.20196313441553	1.07816917161755	0.69573909261126	1.95266344728556	0.728299751832299	2.79453335672957	0.596031565466866	0.483259095861602	0.431695159512022	1.03905835896939	1.22620639536613	1.44637534658085	0.606999772949058	0.542400702343791	0.625558064422913	0.849781938408858	0.85037779219024	1.49649302857645	0.95760931657405	0.744992020842947	0.82973754879293
"KRT9"	0	0	0.00707052701944215	0.163993800878393	0	0.0472561736416004	0	0.080764616630037	0	0	0	0	0	0	0	0	0	0.0343096846986388	0	0	0.638221691360865	0	0.0463914545707975	0	0	0.0847582247179633	0
"ARL14EPL"	0	0.0871131574888034	0	0.0413664963158316	0	0	0.573540310503556	0.0392237596134246	0.17856104293634	0	0	1.34932847367985	0	0.237174541977707	0	0	0	0	0.0895896722925269	0.147751488317587	0	0	0	0	0	0	0
"IFNK"	0	0	0	0	0	0	0	0	0	0	0	0	0.0475995292605287	0	0.0325974116397433	0	0.0208615814022573	0	0	0.0199775478188026	0.41702128312461	0.0461788790402363	0	0	0	0	0
"ALPP"	0	0	0	0	0	0	0	0	0	0	0.0140387938208474	0	0	0	0	0	0	0	0	0	0	0.0510395300159177	0	0	0	0.046561743883974	0
"XDH"	0.0385348631171359	3.08955238647531	0.00755239867036692	0.0789231360042269	0.185667407945125	0.00545604874059463	0.0172041579063484	0.227372038750822	0.0786521859177932	0.0137858588685666	0.00343826381158218	1.08182703421759	0.0248915936954179	0	0.00673839612765479	0.00716348183207793	0.00851048190651029	0	0.0346985006342762	0	3.20700963324187	0.0521424239617283	0.0408615780293754	0	0	0	0
"AQP9"	0.631736181787354	6.13924743356143	2.21951240248062	0.416252818491319	2.10037219410711	1.69842519783392	2.27309659681691	0.179517419771979	2.52137995552005	1.48911129563813	2.56946192666983	2.5230136277525	0.573924158352821	0.454995469170901	0.670186806522515	2.07390761478678	2.887170402104	0.0786456283906617	0.516556812604255	0.205905435646971	2.36369113872715	0.490596827758656	1.7512494648288	0.373206079005518	0.128518037404967	0.206816987011468	0.0642590200782017
"IFNE"	0	0	0	0.0179757676067492	0	0	0	0.0132675766384725	0.29428960778475	0.0218380114104312	0	0.668292528206322	0.0882561393222851	0	0	0.0420445138183096	0.0314847619887453	0	0.0148075998091543	0.0333576624919403	0.613854573018254	0	0	0.789144126676574	0	0	0.0664156246457272
"KRT86"	0.198353334701769	0.499987694644907	0.0100948435018713	0.0971199271514745	0.287260692209405	0.11082718331645	0.0455972274344246	0.292911880339995	0	0	1.08749678661665	0.456195831104017	0.42932190562196	0.0946945510168782	0.368696282368702	0.291860485738592	1.8174881903767	0	0.149015426644728	0.121199987786732	0.272594777329042	0.045502033375303	0	0.166345244981697	0.199249563433193	0	0.334626622977187
"OLAH"	0.0130300476073755	0	0.053219656194198	0.518753163328296	0.0596536852520157	0.0178687588453977	0	0	0.147954365790209	2.71741102501297	0	0.565726330270823	0.0356133533869233	0	0.0250519057847017	0.0166172644453706	0.0605147826583186	0	0	0.0149725201289467	0.465298001835559	0	0.153322844120638	0.128264494021777	0.0488700508587962	0.140964460321541	0.0606929576794305
"SERPINB12"	0.0781682833234823	0	0.046740114005006	0	0.0390346284590741	0	0	0	0	0	0	0	0	0.097701130777429	0	0	0	0.0331799563332886	0.0347979591543241	0	5.67559013963243	0.0235680620407942	0	0	0	0	0
"PAEP"	3.92654981560801	0	1.85145922421311	1.31269130910139	11.6994748533581	0.15377862165836	0	0	1.66071645365227	3.07787019561226	2.8272814697802	5.04120574017003	11.049831536437	4.37986698101823	0.0689459110217293	4.44033101465611	8.37589740590712	1.57704446100741	0.0609308589584219	0.0992945309677039	1.26524184297708	0.145343558996015	9.9510981726395	1.13767401399872	2.38481793411536	0.981190687922506	0.546484089801362
"SLC12A8"	1.83732971384165	0.898754750809156	0.919405302607435	0.151966852490434	1.03540924888972	0.760020765296655	1.15675578935737	0.426635110724741	3.24900381795041	1.57369929018439	0.828727839378976	2.47989017946406	1.1274318826086	0.948593746127231	0.58551831213079	1.36967027523228	1.09537085887194	0.383036247773872	0.346093991902269	0.271750156339048	1.2121272804181	1.1348714846786	2.03856260508815	1.35431110019902	0.75753194157382	0.331934470438814	0.916588234016543
"CTD.2287O16.3"	0	0	0	0	0	0	0	0	0	0	0	0	0	0	0	0	0	0	0	0	0	0	0	0	0	0	0
"CD14"	5.9313603999575	7.00514169885443	5.79851975513137	3.06094835421898	6.77350848938399	4.39149622692879	6.78187112383996	6.86805702899161	5.23378646375434	6.05827319677058	7.93706185240179	6.80012335282653	7.36306592058719	6.83073068404821	7.91496508362986	7.48297731978792	6.97624332974845	7.43356040501064	7.22771701275415	6.52565704631877	6.29202063727231	7.23998510540356	6.08284519997467	6.32796395000756	5.27489153784933	5.29724278322661	6.18208840008882
"CYP2C9"	0.104705942479039	7.72665413823182	0	0.0121633032743178	0	0.0330099131296869	0	0.294375488266775	0	0.0158854520637281	0	0.0164522467793431	0	0	0.0420268578686564	0.0553830258043437	0.0267837028066047	0	0.0230172613553271	0	1.95901894232539	0	0	0	0	0	0
"CD300LD"	0	0	0	0	0.0715986924053818	0	0.0976404592101721	0	0.0281072744159656	0	0.0377073452809	0	0	0	0	0	0	0	0	0	0	0	0	0	0	0	0
"CYP2C8"	0.0759522694571264	7.38110163963374	0.0164229352716884	0	0.210554571584474	0.0333189651571083	0.0281964785682714	0.152413712574741	0.0113125709775447	0.017141216599942	0.282359142309295	0.0261321228122611	0	0	0	0.0302712350999272	0.12079728878298	0	0.0233480509075286	0	1.73748342874014	0.15296904385638	0	0.715440069117473	0	0	0.186674228404067
"FAM153B"	0	0	0	0	0.0337166030514231	0.0524559607280159	0	0.0109138635508247	0.0438302914104667	0	0.0382511620643987	0	0.0179641551890163	0	0.0225002685478822	0.0201106497803084	0.0147494805373464	0	0	0	0	0.127494880007296	0	0	0	0	0.0439133507604589
"NRG4"	0.237925264516457	0.708240218492316	0.276611004741055	0.0541849277580023	0.571362756046091	0.404447577023505	0.627317336293429	0.606174037230616	0.300157118544894	0.539548441278918	0.5000004464404	0.174355280891828	0.729494909228721	0.242442390665902	0.534353499441497	0.360679471678397	0.790674882005552	0.411404008526262	0.343629539670096	0.420212890610785	1.17099860817981	0.507007570155009	0.17047376237574	0.801743894846064	0.283341022522583	0.257191698269131	0.698020177389179
"RIMKLB"	2.68592893865075	3.02568707328968	3.75261480413566	2.31265210560935	2.63544678472494	2.85520636431134	2.39929689681215	1.95748005360868	2.16556790155161	2.01236128235842	2.34896038288822	0.832236654424291	2.18116140260359	2.08136178587763	2.98063406588672	3.44462532772436	2.18471510066332	2.21130506512556	2.78923575067157	3.13373530406441	1.36287101021252	2.21789141231733	1.51288928674695	1.83927031433439	2.18249844220735	1.08020056697985	1.62657463853194
"PLG"	0.0560900145178229	8.3699375335694	0	0	0	0.0177964415063067	0.0166362324230498	0.52004401797598	0.0373902350007865	0.068678514188969	0.0170895926996178	0.264201314522883	0.0238417516399399	0	0.0223817338586711	0.203327092927587	0.0597871215362966	0.0305438679993106	0.0218127880586807	0.0183720441121402	2.67106913714565	0.314994023646383	0.0303883464243833	0.0552728551065217	0.0200804165804456	0	0.350198493415396
"SLCO1B1"	0	5.75392137456285	0	0	0	0.00920346894966777	0	0.0332605295095163	0.010258369568556	0	0	0.0155315810866364	0	0	0	0.058672050988155	0.00741188943164104	0	0	0	0.573377435102369	0.010993470677364	0	0	0	0	0
"METTL25"	1.72230425868553	2.16279814664393	1.50606617605381	1.52828125050113	2.22545232479012	1.08411530262534	1.06634136012429	1.25864856546266	1.19489392855841	2.28271704863557	1.69925178019665	0.800889134657952	1.03723671509264	0.939372156557881	1.88348787891071	1.8262189813348	1.04834082608234	0.966614299536879	1.68599619611564	2.08264468964223	1.57271750462253	1.57962186964159	1.04052075294557	2.2365905805541	1.80172154921082	1.69480889182292	2.27139579394749
