"CAF07_1"	"CAF07_2"	"CAF07_3"	"CAF07_4"	"CAF07_5"	"CAF07_6"	"CAF07_7"	"CAF07_8"	"CAF09_1"	"CAF09_2"	"CAF09_3"	"CAF09_4"	"CAF09_5"	"CAF09_6"	"CAF09_7"	"CAF09_8"
"CDHR5"	-0.326990995397357	0.630312873762848	-0.702126060994175	0.161128461491183	-0.311608296386232	0.162174718942701	-0.702126060994175	-0.702126060994175	-0.36440042334185	-0.702126060994175	-0.702126060994175	-0.702126060994175	0.819865189154923	3.25029010801089	0.0765973318176335	0.115387397910307
"ALPI"	0	0	0	0	0	0	0	0	0	0	0	0	0	0	0	0
"C11orf86"	-0.25494559375643	0.828892339259522	0.934011329138525	-1.04657507195797	-0.222554924591741	-0.131925255156966	0.651163718135813	1.89789106916342	-1.04657507195797	-1.04657507195797	0.184132129290826	1.90064418464024	-1.04657507195797	-0.331875820787194	-0.222557815546158	-1.04657507195797
"SI"	0	0	0	0	0	0	0	0	0	0	0	0	0	0	0	0
"APOA4"	0	0	0	0	0	0	0	0	0	0	0	0	0	0	0	0
"GUCA2A"	0	0	0	0	0	0	0	0	0	0	0	0	0	0	0	0
"MOGAT2"	0	0	0	0	0	0	0	0	0	0	0	0	0	0	0	0
"SLC26A3"	-0.351896531541111	-0.351896531541111	-0.351896531541111	-0.351896531541111	-0.351896531541111	-0.351896531541111	-0.351896531541111	-0.351896531541111	3.21524283509718	-0.351896531541111	1.71130860647837	-0.351896531541111	-0.351896531541111	-0.351896531541111	-0.351896531541111	-0.351896531541111
"CREB3L3"	-0.358851785383589	-0.358851785383589	-0.358851785383589	-0.358851785383589	3.04919818443032	-0.358851785383589	-0.358851785383589	1.97472681093993	-0.358851785383589	-0.358851785383589	-0.358851785383589	-0.358851785383589	-0.358851785383589	-0.358851785383589	-0.358851785383589	-0.358851785383589
"LRRC19"	-0.372856562056735	-0.649661662036199	-0.195434851513623	-0.464401779490676	-1.06237460249891	-0.662174414689233	-1.06237460249891	-0.844361325348857	0.169724896386215	0.948341381882198	1.04655932109979	1.78073881002912	-0.356999668342288	0.924626363451316	-1.06237460249891	1.86302329812571
"TMIGD1"	0	0	0	0	0	0	0	0	0	0	0	0	0	0	0	0
"FABP2"	-0.962083342137364	-0.962083342137364	-0.414442561217542	-0.962083342137364	-0.508126620720908	-0.962083342137364	1.03598255053685	0.614823400514683	-0.568776454619471	-0.962083342137364	0.968368998531803	0.983900185071666	-0.298022632861772	0.188317968792709	0.356904934000318	2.45148694265848
"CLCA1"	0	0	0	0	0	0	0	0	0	0	0	0	0	0	0	0
"MS4A12"	0	0	0	0	0	0	0	0	0	0	0	0	0	0	0	0
"AQP8"	-0.401570428282534	3.21992600856604	-0.401570428282534	0.483169956153159	-0.401570428282534	-0.401570428282534	-0.401570428282534	1.51731960295373	-0.401570428282534	-0.401570428282534	-0.401570428282534	-0.401570428282534	-0.401570428282534	-0.401570428282534	-0.401570428282534	-0.401570428282534
"SLC6A19"	-0.25	-0.25	-0.25	3.75	-0.25	-0.25	-0.25	-0.25	-0.25	-0.25	-0.25	-0.25	-0.25	-0.25	-0.25	-0.25
"DHRS11"	-0.855438329569892	1.97928385866312	1.05778965321149	-1.1601507202314	-0.595691073475001	-0.872316094547944	-1.16192345947362	2.18917110453426	0.272648305606882	0.222916943908604	0.175654151003099	-0.0920635019971285	0.0193795057373465	-0.393161374701477	-0.402698187578174	-0.383400781090165
"CA7"	-0.526831544195531	-0.526831544195531	-0.526831544195531	-0.526831544195531	-0.526831544195531	-0.526831544195531	-0.526831544195531	-0.526831544195531	2.38232612191342	-0.526831544195531	0.597451987318876	1.51015948740595	-0.526831544195531	-0.526831544195531	-0.526831544195531	1.83204093370812
"UGT2B17"	0	0	0	0	0	0	0	0	0	0	0	0	0	0	0	0
"TBX10"	-0.25	-0.25	-0.25	-0.25	-0.25	3.75	-0.25	-0.25	-0.25	-0.25	-0.25	-0.25	-0.25	-0.25	-0.25	-0.25
"MEP1B"	-0.462531484820503	2.31173406480766	-0.462531484820503	-0.462531484820503	-0.462531484820503	-0.462531484820503	-0.462531484820503	-0.462531484820503	-0.462531484820503	-0.462531484820503	-0.462531484820503	1.73794509790696	-0.462531484820503	-0.462531484820503	1.96323013995192	-0.462531484820503
"RBP2"	3.75	-0.25	-0.25	-0.25	-0.25	-0.25	-0.25	-0.25	-0.25	-0.25	-0.25	-0.25	-0.25	-0.25	-0.25	-0.25
"TM6SF2"	-1.26043871439767	0.244334061136646	1.29780567963724	-0.610666799736001	0.59435518734818	0.0837477673306615	-0.791253217479914	2.7470020017071	-0.651299774844596	-0.97018595906195	0.275762271666743	-0.687578870175595	-0.21380610710376	-0.47729599749839	-0.283304676412579	0.70282314788388
"LYPD8"	-0.825028055399084	-0.825028055399084	0.106874615692385	-0.825028055399084	0.706880066889054	-0.825028055399084	-0.825028055399084	1.0192472755036	-0.825028055399084	-0.457441811790097	0.325557666779649	-0.825028055399084	0.680853994562401	1.48342128147108	-0.438353235436794	2.3481565341223
"C9orf57"	0	0	0	0	0	0	0	0	0	0	0	0	0	0	0	0
"MTTP"	-1.46825473970015	0.235435244803101	0.90678181298069	2.00676878094178	-0.71338994531403	-1.46825473970015	0.574741741477273	-1.46825473970015	-0.599739367678311	0.182328642983321	0.740884023229771	0.32608996391474	-0.240983031408748	-0.597488674966069	0.981287576458169	0.602047451678753
"SLC5A11"	-0.314270726337061	-0.610197596297493	-0.585320569896351	-0.62408371515928	-1.05069716959541	0.635605174368252	-1.05069716959541	-0.586646349614661	-1.05069716959541	1.453369578331	0.839862564737915	-0.355626968199984	-0.297306680749988	-0.0565526999403968	1.94475235312271	1.70850714442156
"DNASE1"	-0.92591756318089	-1.14031920273276	1.53607601323149	-0.351622801972218	1.16805155090947	0.584982430848534	0.790390176836001	1.8177127967391	-0.775507051113942	-1.46573707190741	-0.477782335805488	-0.152034313228281	0.379523107138309	0.576418701500239	-0.675024695592587	-0.889209741669552
"ENPP7"	0	0	0	0	0	0	0	0	0	0	0	0	0	0	0	0
"CES2"	-0.412728627207703	0.902703855628468	1.81264532823904	-0.702701723687018	-2.14803487070215	-1.70512673201374	-0.642002719774702	0.950148223388888	0.589979329738438	0.152096117889979	0.445997512201292	-0.329400838700108	0.521742802410891	-0.131197340748021	0.655078101512816	0.0408015818236667
"TRPM6"	0.0799032921711514	0.110439165806776	0.189470421657112	-0.89480893480331	-1.41970346285514	-0.162689702991966	-0.0246503992990628	-1.41970346285514	1.7158277732103	1.15866886484057	-0.281685217486183	0.887918723576745	-0.510848171489201	1.57570984626862	-1.41970346285514	0.41585472710387
"B4GALNT2"	-1.43209589999604	-0.548238138251504	-0.713503987651973	-1.14010971084518	-0.051596827892679	1.43918501485614	-1.73431426500163	-1.09827974003742	0.914954377287203	0.636802391997037	0.997080998890543	0.281378648511237	1.14842341534818	0.426022480852677	0.857294846179093	0.0169963957543111
"MS4A18"	0	0	0	0	0	0	0	0	0	0	0	0	0	0	0	0
"CIDEB"	0	0	0	0	0	0	0	0	0	0	0	0	0	0	0	0
"OR2G6"	0	0	0	0	0	0	0	0	0	0	0	0	0	0	0	0
"DUSP21"	0	0	0	0	0	0	0	0	0	0	0	0	0	0	0	0
"GJA10"	0	0	0	0	0	0	0	0	0	0	0	0	0	0	0	0
"OR2T35"	0	0	0	0	0	0	0	0	0	0	0	0	0	0	0	0
"FSHB"	0	0	0	0	0	0	0	0	0	0	0	0	0	0	0	0
"LEUTX"	-0.301518125862009	-0.301518125862009	-0.301518125862009	-0.301518125862009	-0.301518125862009	-0.301518125862009	0.558576009608432	3.66267775245969	-0.301518125862009	-0.301518125862009	-0.301518125862009	-0.301518125862009	-0.301518125862009	-0.301518125862009	-0.301518125862009	-0.301518125862009
"DEFB118"	0	0	0	0	0	0	0	0	0	0	0	0	0	0	0	0
"OR2M4"	0	0	0	0	0	0	0	0	0	0	0	0	0	0	0	0
"HMGB4"	0	0	0	0	0	0	0	0	0	0	0	0	0	0	0	0
"OR2T10"	0	0	0	0	0	0	0	0	0	0	0	0	0	0	0	0
"NEUROD6"	0	0	0	0	0	0	0	0	0	0	0	0	0	0	0	0
"OR2M3"	0	0	0	0	0	0	0	0	0	0	0	0	0	0	0	0
"OR2T4"	0	0	0	0	0	0	0	0	0	0	0	0	0	0	0	0
"KIR3DX1"	-0.25	-0.25	3.75	-0.25	-0.25	-0.25	-0.25	-0.25	-0.25	-0.25	-0.25	-0.25	-0.25	-0.25	-0.25	-0.25
"TTLL8"	0	0	0	0	0	0	0	0	0	0	0	0	0	0	0	0
"OR2T5"	0	0	0	0	0	0	0	0	0	0	0	0	0	0	0	0
"CDY2A"	0	0	0	0	0	0	0	0	0	0	0	0	0	0	0	0
"GIP"	-0.575369864941673	1.77536711299094	1.34143758482833	-0.777185118774292	-0.0596917897020278	0.0498329559970107	0.232002004087343	1.03816165640064	-0.62309628911992	-1.05340488939473	0.924135539934132	-1.05340488939473	-1.05340488939473	-1.05340488939473	1.41886693244903	-0.530841166570585
"OTOL1"	0	0	0	0	0	0	0	0	0	0	0	0	0	0	0	0
"SLC2A7"	-0.25	-0.25	-0.25	-0.25	-0.25	-0.25	-0.25	-0.25	-0.25	-0.25	-0.25	3.75	-0.25	-0.25	-0.25	-0.25
"AC011155.1"	0	0	0	0	0	0	0	0	0	0	0	0	0	0	0	0
"PQBP1"	-0.269687191368302	1.7368371591359	1.55429940814535	-0.53216522652141	-1.20078773431761	-0.836384138891641	-0.38950285388683	2.3187337080556	-0.432872533770432	-0.218980952699271	-0.318137967319863	-0.264501410602754	-0.510583950586052	-0.76581363085964	-0.309318001051558	0.438865316538506
"OR52I1"	-0.365962527355119	-0.365962527355119	-0.365962527355119	-0.365962527355119	2.56174256949536	-0.365962527355119	-0.365962527355119	-0.365962527355119	-0.365962527355119	-0.365962527355119	-0.365962527355119	-0.365962527355119	-0.365962527355119	-0.365962527355119	2.56173281347632	-0.365962527355119
"HIST1H2BA"	0	0	0	0	0	0	0	0	0	0	0	0	0	0	0	0
"PAX9"	1.00639306328382	-0.272598948517184	-0.978459922532024	2.72815718874159	-0.978459922532024	-0.978459922532024	0.27501569109998	-0.235590822274706	-0.181853911293021	-0.390496303103738	-0.0622328132184066	0.123665702402046	-0.978459922532024	-0.179815237990425	-0.360479415066534	1.46367549606468
"KLK12"	0	0	0	0	0	0	0	0	0	0	0	0	0	0	0	0
"OTOP2"	-0.25	-0.25	-0.25	3.75	-0.25	-0.25	-0.25	-0.25	-0.25	-0.25	-0.25	-0.25	-0.25	-0.25	-0.25	-0.25
"DHRS9"	0	0	0	0	0	0	0	0	0	0	0	0	0	0	0	0
"CEACAM7"	0	0	0	0	0	0	0	0	0	0	0	0	0	0	0	0
"B3GNT6"	0	0	0	0	0	0	0	0	0	0	0	0	0	0	0	0
"CD177"	-0.519325172996933	-0.618034818954376	0.806874670843466	-0.444802992527072	0.330658137474088	-0.815804055179604	-1.00238191944898	1.97933563019474	-0.567471960315485	-0.365720069736493	-0.500412453644692	-0.698173037898147	2.54389032975861	0.154465806616792	-0.332708679910682	0.0496105857247686
"ALOX15B"	-0.342309928341628	-0.342309928341628	-0.342309928341628	-0.342309928341628	1.42759367498367	3.36474532179912	-0.342309928341628	-0.342309928341628	-0.342309928341628	-0.342309928341628	-0.342309928341628	-0.342309928341628	-0.342309928341628	-0.342309928341628	-0.342309928341628	-0.342309928341628
"C15orf48"	-0.118584506924814	-1.06977495441981	-1.06977495441981	0.736411397279669	-0.0800678653946676	3.1086983146939	-0.383051682511552	-0.667840211936544	0.0683057253775047	0.484086122241017	0.240825065646591	0.122187002022072	0.535604310392817	-0.78065196355297	-0.406555368763928	-0.719816429729481
"MSGN1"	0	0	0	0	0	0	0	0	0	0	0	0	0	0	0	0
"PRR23D2"	0	0	0	0	0	0	0	0	0	0	0	0	0	0	0	0
"PRR23D1"	0	0	0	0	0	0	0	0	0	0	0	0	0	0	0	0
"DPPA5"	0	0	0	0	0	0	0	0	0	0	0	0	0	0	0	0
"GH2"	-0.25	-0.25	-0.25	3.75	-0.25	-0.25	-0.25	-0.25	-0.25	-0.25	-0.25	-0.25	-0.25	-0.25	-0.25	-0.25
"MAGEB6P1"	0	0	0	0	0	0	0	0	0	0	0	0	0	0	0	0
"OR8D1"	-0.405879113295887	-0.405879113295887	-0.405879113295887	0.477680133733601	-0.405879113295887	0.478754398202314	-0.405879113295887	-0.405879113295887	-0.405879113295887	-0.405879113295887	3.52320143956668	-0.405879113295887	-0.405879113295887	-0.405879113295887	0.390913388048052	-0.405879113295887
"CT45A8"	0	0	0	0	0	0	0	0	0	0	0	0	0	0	0	0
"MORC1"	0	0	0	0	0	0	0	0	0	0	0	0	0	0	0	0
"FOXI3"	0	0	0	0	0	0	0	0	0	0	0	0	0	0	0	0
"LCT"	0.59395504082632	-0.409590296943228	-0.409590296943228	-0.409590296943228	-0.409590296943228	-0.409590296943228	-0.409590296943228	-0.409590296943228	-0.409590296943228	1.56647506651001	-0.409590296943228	-0.409590296943228	-0.409590296943228	3.16424375292564	-0.409590296943228	-0.409590296943228
"TMEM207"	0	0	0	0	0	0	0	0	0	0	0	0	0	0	0	0
"COX8C"	0.442602339926849	-0.795619344023428	-0.795619344023428	0.633817087345889	-0.795619344023428	-0.795619344023428	1.86716053809244	0.759456468160441	1.42868398489963	-0.795619344023428	-0.795619344023428	1.53546601666166	-0.795619344023428	-0.795619344023428	0.49338766112395	-0.795619344023428
"ADRA2B"	0.0177181704080904	0.194905762486318	-0.911781526305081	-0.911781526305081	-0.911781526305081	-0.911781526305081	-0.911781526305081	-0.911781526305081	1.56106099297374	0.00810783192992484	0.053905696026325	2.51287029659588	0.039102832986773	-0.072292507155587	0.0555925650351824	1.09971751654384
"TMPRSS15"	0	0	0	0	0	0	0	0	0	0	0	0	0	0	0	0
"ATP4A"	-0.493744976066171	-0.493744976066171	-0.493744976066171	-0.493744976066171	2.89997587313253	0.461745424894394	-0.493744976066171	1.5701205245365	-0.493744976066171	-0.493744976066171	-0.493744976066171	-0.493744976066171	-0.493744976066171	0.99309789023062	-0.493744976066171	-0.493744976066171
"OTX2"	0	0	0	0	0	0	0	0	0	0	0	0	0	0	0	0
"GAST"	0	0	0	0	0	0	0	0	0	0	0	0	0	0	0	0
"OXCT2"	-0.978264542264055	0.996598833775506	0.729897060821176	0.328557403827775	0.352343653933905	0.280090483170194	-0.257769449432892	2.62465951145135	-1.08300389450169	-0.835967434571297	-0.725243035496599	-0.419554880907631	-0.540746623901022	-1.27316424581095	-0.0697790533523075	0.871346213258546
"FABP7"	-0.25	-0.25	-0.25	-0.25	-0.25	-0.25	-0.25	-0.25	-0.25	-0.25	-0.25	-0.25	-0.25	-0.25	3.75	-0.25
"PTRH2"	-0.460002333293169	2.1226553205746	1.33813096830609	-1.24339123695624	-0.571431688032526	-0.617466283766569	-0.887545396307088	2.09165713271917	-0.109365910935482	0.269860382798782	-0.308331534228198	-0.462278404423128	-0.211818982188788	-0.535061407334863	-0.57144767593651	0.155837049003925
"DLL3"	0.640610489382799	0.550037283533308	0.903379963263411	-0.934376447558765	-0.543030382501803	-0.933776041621978	-0.511885138963872	2.53850898270923	-0.661315875109657	-0.175967637275346	-0.983696137986994	-0.232834672264931	-0.990564932138473	1.49619719997333	-0.112608385798984	-0.0486782676412752
"KCNH7"	-0.838646653194656	-0.838646653194656	1.88807540865367	1.4093805108485	-0.309688567240754	-0.838646653194656	2.12477916671062	-0.517744683295103	0.0673318569668826	-0.585535045470514	-0.051684046412579	0.793353997390712	-0.838646653194656	-0.607707970957875	-0.572435110800292	-0.283538903614646
"ASCL1"	-0.25	-0.25	-0.25	-0.25	-0.25	-0.25	-0.25	-0.25	-0.25	-0.25	-0.25	-0.25	-0.25	-0.25	3.75	-0.25
"SCN3A"	-0.12234340552648	-1.40874973662737	-1.29336552762304	-0.101095603396606	-0.591356690553839	-0.652564263777741	-0.0529406707046745	-2.16293560982226	1.17728394975305	1.11089237391466	1.00830410029151	0.937336979820248	0.435297187885827	0.372763878449448	0.91106051597722	0.432412521940051
"INSM1"	-0.438683389915685	1.50317994976561	-0.438683389915685	-0.438683389915685	2.94244691441523	-0.438683389915685	-0.438683389915685	-0.438683389915685	-0.438683389915685	-0.438683389915685	-0.438683389915685	-0.438683389915685	-0.438683389915685	-0.438683389915685	1.25725720472306	-0.438683389915685
"LL0XNC01.16G2.1"	0	0	0	0	0	0	0	0	0	0	0	0	0	0	0	0
"NOL4"	0	0	0	0	0	0	0	0	0	0	0	0	0	0	0	0
"ASXL3"	0.598823489127141	-0.585417120364342	-0.585417120364342	-0.585417120364342	-0.585417120364342	2.10799805598874	0.690405784303547	2.3345896852644	-0.585417120364342	-0.585417120364342	-0.585417120364342	-0.585417120364342	-0.585417120364342	-0.585417120364342	-0.585417120364342	0.707771309323936
"FEV"	0	0	0	0	0	0	0	0	0	0	0	0	0	0	0	0
"SLC18A1"	0	0	0	0	0	0	0	0	0	0	0	0	0	0	0	0
"LMX1A"	0	0	0	0	0	0	0	0	0	0	0	0	0	0	0	0
"PHOX2B"	0	0	0	0	0	0	0	0	0	0	0	0	0	0	0	0
"INSM2"	0	0	0	0	0	0	0	0	0	0	0	0	0	0	0	0
"SEC14L5"	-0.87030766545964	-0.87030766545964	1.26804147733217	2.05049343446524	0.0217554146496789	-0.87030766545964	1.86125442320815	-0.87030766545964	-0.0984088852352326	-0.87030766545964	0.460753935304988	-0.87030766545964	0.440378055727484	-0.87030766545964	0.0217522910412568	0.0661335117237502
"NPTX1"	0.237634784747356	-0.397601554905235	-0.74368815193296	-0.212098190793266	2.19705324459396	2.02447236292606	-0.405836704687434	-1.18532375904782	0.522777264951285	0.521571203410871	0.0253488817144662	0.0317919084890312	-1.21829077308418	-1.27886037544698	0.0363923754487793	-0.155342516383926
"HES3"	0	0	0	0	0	0	0	0	0	0	0	0	0	0	0	0
"SLC29A4"	-0.350734321020408	1.14662393157705	1.09664370207776	-0.0825364668314935	1.39987230195143	1.43978692266549	-0.240217813343911	1.78722183904198	-0.879323208597296	-0.876763971935641	-0.893159337391827	-0.812936982537277	-0.730028857507899	-0.586090541216848	-1.01370006087265	-0.404657136058454
"GALR1"	-0.25	-0.25	-0.25	-0.25	-0.25	3.75	-0.25	-0.25	-0.25	-0.25	-0.25	-0.25	-0.25	-0.25	-0.25	-0.25
"SYT6"	-0.25	-0.25	-0.25	-0.25	-0.25	-0.25	-0.25	3.75	-0.25	-0.25	-0.25	-0.25	-0.25	-0.25	-0.25	-0.25
"PENK"	-0.293760983184144	-1.49495370517374	0.935772681167829	0.590060711309318	-1.12302526898364	-0.644152857852796	-0.355214457194323	-1.38253990848692	-0.440104419110049	-1.27599726827212	0.653042075747007	0.250777267758475	1.04962143919525	1.3913422747422	0.840910550691533	1.29822186764612
"KIF19"	0	0	0	0	0	0	0	0	0	0	0	0	0	0	0	0
"SLC25A21"	0.0684984987121943	-0.755786390803316	-0.138696857383976	-0.269352099046361	-1.74264043530465	-0.681015337942466	0.856079525973103	-1.16063792585969	-0.749788376821052	0.904551707349893	2.06653856016691	0.134635456095683	0.287647853662927	-0.584778596030182	0.140481402131929	1.62426301509905
"TMEM72"	-0.25	-0.25	-0.25	-0.25	-0.25	-0.25	-0.25	-0.25	-0.25	-0.25	-0.25	-0.25	-0.25	-0.25	3.75	-0.25
"CNGA3"	0.18393679494866	-0.507668844877272	-1.3290331653076	1.62470527652129	2.25199538815435	0.587696600622428	1.28759839151353	-0.051087980928394	-1.01368720943319	-0.313584671193624	-0.264371196955335	0.253153306863258	-0.449933505675287	-0.703374550038337	-0.609505443418766	-0.946839190795719
"KCNA2"	-0.365067005470654	-0.365067005470654	-0.365067005470654	-0.365067005470654	-0.365067005470654	-0.365067005470654	2.74693852655477	-0.365067005470654	-0.365067005470654	-0.365067005470654	-0.365067005470654	2.36399955003439	-0.365067005470654	-0.365067005470654	-0.365067005470654	-0.365067005470654
"RAX"	-0.25	-0.25	3.75	-0.25	-0.25	-0.25	-0.25	-0.25	-0.25	-0.25	-0.25	-0.25	-0.25	-0.25	-0.25	-0.25
"WNT16"	-0.414322182001999	-1.34264189693112	-0.726343726245299	-0.292396429310179	-1.34264189693112	-1.34264189693112	-1.34264189693112	-0.21475487743394	1.01680545150405	1.05572688506696	0.804576008286648	1.09562092547845	1.04853281934921	1.24167384134793	0.511310906131836	0.244137965550795
"ATP4B"	-0.351288193043175	-0.351288193043175	-0.351288193043175	-0.351288193043175	-0.351288193043175	-0.351288193043175	-0.351288193043175	-0.351288193043175	3.22674771021335	-0.351288193043175	-0.351288193043175	-0.351288193043175	1.6912869923911	-0.351288193043175	-0.351288193043175	-0.351288193043175
"FGF12"	-0.25	-0.25	3.75	-0.25	-0.25	-0.25	-0.25	-0.25	-0.25	-0.25	-0.25	-0.25	-0.25	-0.25	-0.25	-0.25
"ZNF473"	-0.889368174678988	1.16973985032412	-0.959765310954227	-0.0991846952173291	0.73287339789824	-0.470189624076458	-1.75428858778817	-0.391728666283028	0.68449634781293	2.19880665687343	-0.307883055649332	-0.4905169017918	0.563251470035771	0.798304561958676	-1.1062764380218	0.321729169557963
"SLC6A3"	0.975643004407639	-0.477294559176265	0.442240196183908	1.19767500502884	-0.477294559176265	-0.477294559176265	-0.477294559176265	3.1119765044948	-0.477294559176265	-0.477294559176265	-0.477294559176265	-0.477294559176265	-0.477294559176265	-0.477294559176265	-0.477294559176265	-0.477294559176265
"OVOL3"	0.663918772366343	2.28615003249534	-1.00258062410388	-1.00258062410388	-1.00258062410388	0.284231208922588	-0.400676721481929	-1.00258062410388	0.994327052580516	0.0995929844472357	1.30019567982491	0.570310748280613	-1.00258062410388	0.00291941443806237	-1.00258062410388	0.214514572749582
"TAS1R1"	-0.445671779091337	-0.445671779091337	-0.445671779091337	-0.445671779091337	1.040271623656	-0.445671779091337	-0.445671779091337	-0.445671779091337	-0.445671779091337	-0.445671779091337	-0.445671779091337	2.23882959080298	-0.445671779091337	-0.445671779091337	2.5146319137284	-0.445671779091337
"ANKRD34A"	-0.238119610441386	0.756063866175305	-0.967479500456399	-1.99216289614464	1.19929294714044	1.40122816682876	-1.50811127073318	0.15979556996284	0.564542841678211	1.16624458126271	-0.698817631993744	-0.32758757927696	0.801330295099981	0.607304450838237	-0.625112241000642	-0.298411988939522
"TMED6"	-0.293177292988045	-0.604657492435247	0.48415728284618	-0.408807054260194	-1.49878612027452	-1.22849196610354	0.153275476249565	-1.30519690829718	0.465436920095312	1.68822328380677	1.44511549182729	-0.283556804240671	-0.154306439224897	-0.167317325717556	-0.125301762131694	1.83339071084843
"FAM19A1"	0	0	0	0	0	0	0	0	0	0	0	0	0	0	0	0
"CDY2B"	0	0	0	0	0	0	0	0	0	0	0	0	0	0	0	0
"TFF1"	0	0	0	0	0	0	0	0	0	0	0	0	0	0	0	0
"BPIFB1"	-0.25	-0.25	-0.25	-0.25	-0.25	-0.25	-0.25	-0.25	3.75	-0.25	-0.25	-0.25	-0.25	-0.25	-0.25	-0.25
"BPIFA1"	0	0	0	0	0	0	0	0	0	0	0	0	0	0	0	0
"TFF2"	0	0	0	0	0	0	0	0	0	0	0	0	0	0	0	0
"BPIFB2"	0	0	0	0	0	0	0	0	0	0	0	0	0	0	0	0
"GKN2"	0	0	0	0	0	0	0	0	0	0	0	0	0	0	0	0
"GKN1"	0.181300416205141	-0.817617718601984	-0.817617718601984	0.333355176785497	2.20738281201092	-0.817617718601984	-0.27524765562735	-0.817617718601984	-0.817617718601984	-0.817617718601984	-0.817617718601984	1.0426682020969	1.19528594915871	0.52740177149837	-0.817617718601984	1.32879507668768
"PGC"	-0.523730016627517	1.43258893847339	-0.523730016627517	-0.523730016627517	-0.523730016627517	-0.523730016627517	-0.523730016627517	-0.523730016627517	-0.523730016627517	2.70754425913907	-0.523730016627517	-0.523730016627517	-0.523730016627517	0.959037365587152	1.1855896363306	-0.523730016627517
"SLC5A5"	1.18475977569404	-0.332556246048838	3.4710276689897	-0.332556246048838	-0.332556246048838	-0.332556246048838	-0.332556246048838	-0.332556246048838	-0.332556246048838	-0.332556246048838	-0.332556246048838	-0.332556246048838	-0.332556246048838	-0.332556246048838	-0.332556246048838	-0.332556246048838
"LTF"	-0.572941624221274	-1.02829980701156	2.76150769858115	0.0128391239286332	-0.790363160887839	-1.02829980701156	-0.295234695256618	1.85167720607503	-0.213724319769327	-0.466080603681324	0.25457764796159	0.242394215738396	0.12255215893503	-0.0109927220769245	-0.554367857722358	-0.285243453581047
"GIF"	0	0	0	0	0	0	0	0	0	0	0	0	0	0	0	0
"TEX26"	1.92528826248199	-0.583221902567029	-0.871894561157364	0.503235670531186	1.09406766736563	2.08575779014212	0.160661041828166	-0.871894561157364	-0.871894561157364	-0.871894561157364	0.610705479070441	0.0331435386540984	-0.37808302532212	-0.220187155240297	-0.871894561157364	-0.871894561157364
"GSTA2"	0.231971718003063	-0.751809300362558	0.486310822625561	-0.751809300362558	-0.751809300362558	-0.751809300362558	-0.751809300362558	-0.132379152191128	0.5737850403193	-0.751809300362558	-0.751809300362558	1.55142595081663	-0.247147485351361	-0.306594566791098	2.78207524403504	0.323217531071901
"PSAPL1"	0	0	0	0	0	0	0	0	0	0	0	0	0	0	0	0
"AQP10"	0	0	0	0	0	0	0	0	0	0	0	0	0	0	0	0
"CD79A"	-0.508954716460253	0.357180908668086	-0.203031783184956	-0.361036551285074	-0.500618212341247	0.212707882476524	-0.712739102351561	3.55502719516738	0.188243448496796	-0.410999246806091	-0.500990272201871	-0.0476540128036413	-0.0937361007563982	-0.528755040195237	-0.500618956390983	0.0559745599685298
"FCRL5"	0	0	0	0	0	0	0	0	0	0	0	0	0	0	0	0
"POU2AF1"	3.75	-0.25	-0.25	-0.25	-0.25	-0.25	-0.25	-0.25	-0.25	-0.25	-0.25	-0.25	-0.25	-0.25	-0.25	-0.25
"TNFRSF13B"	-0.25	-0.25	-0.25	-0.25	-0.25	3.75	-0.25	-0.25	-0.25	-0.25	-0.25	-0.25	-0.25	-0.25	-0.25	-0.25
"TNFRSF17"	1.38663384148941	-0.551885023571358	-0.551885023571358	-0.551885023571358	-0.551885023571358	-0.551885023571358	-0.551885023571358	-0.551885023571358	2.0604834568142	2.3184321057519	-0.551885023571358	-0.551885023571358	-0.551885023571358	0.325234188714317	-0.551885023571358	-0.0200483334848903
"CD79B"	-0.176417481927572	0.439760225340754	2.35712483786085	-0.631307616731091	0.535087756575502	2.35954090515917	0.100269923161958	-0.344463304259364	-0.631307616731091	-0.631307616731091	-0.631307616731091	-0.631307616731091	-0.631307616731091	-0.220441928062578	-0.631307616731091	-0.631307616731091
"CD27"	-0.296902439567247	-1.67731307052751	0.393157592367313	0.186716865864996	0.704067549016296	-0.431592250381863	-0.15628300771243	-1.19533135938265	0.488483222781069	-0.493524580328662	-0.226411140994433	2.58901187870931	0.837439716523958	-0.310143902069584	0.704057804998767	-1.11543287929733
"IRF4"	-0.334383869530248	-0.930334100150554	-0.182487280077777	0.738265890810894	2.75790361208459	0.898885982228408	1.22089273846442	-0.930334100150554	-0.930334100150554	-0.0528084697141815	-0.618141121179037	-0.0927631244512971	-0.622928398703517	-0.930334100150554	0.288689684143885	-0.279789243473919
"FCRL2"	0	0	0	0	0	0	0	0	0	0	0	0	0	0	0	0
"IGLL5"	0	0	0	0	0	0	0	0	0	0	0	0	0	0	0	0
"LAX1"	2.2324539721296	-0.700485829023469	-0.700485829023469	0.156323686472131	-0.313253722508055	-0.700485829023469	-0.700485829023469	-0.700485829023469	-0.700485829023469	0.034183496593459	0.0709377389360625	2.06912064776859	0.0590561255417809	1.29506468725418	-0.700485829023469	-0.700485829023469
"LY9"	-0.25	-0.25	3.75	-0.25	-0.25	-0.25	-0.25	-0.25	-0.25	-0.25	-0.25	-0.25	-0.25	-0.25	-0.25	-0.25
"FCRL4"	0	0	0	0	0	0	0	0	0	0	0	0	0	0	0	0
"MZB1"	-0.314839084883532	-0.314839084883532	-0.314839084883532	3.59996658366043	-0.314839084883532	-0.314839084883532	-0.314839084883532	-0.314839084883532	-0.314839084883532	0.807780604709028	-0.314839084883532	-0.314839084883532	-0.314839084883532	-0.314839084883532	-0.314839084883532	-0.314839084883532
"RP11.330H6.5"	0	0	0	0	0	0	0	0	0	0	0	0	0	0	0	0
"CPNE5"	-0.617836498133715	0.140318964209133	1.02759269888864	0.374921486831	1.30646638619447	1.23749042792613	0.664444677460129	1.89053558476306	-1.22262184286541	-1.67704664155389	-0.420749717629682	-0.745715901844918	-0.490173092181644	-0.188758861491002	-0.555278317408328	-0.723589353163983
"PIM2"	0.653211482585646	0.0394778997474989	-0.899067356067988	-1.15237676366467	0.987825610132254	1.48952048339466	-1.8893798834235	-1.53503721863833	0.734850429197281	0.999569863506683	0.234749700995795	-0.444989194120926	0.514874432112236	0.919959165983413	-0.0120474297895666	-0.641141221950482
"STAP1"	0	0	0	0	0	0	0	0	0	0	0	0	0	0	0	0
"POU2F2"	-0.962517658365567	-0.495855956912279	-0.972625667942157	-1.24872252739319	-0.47280300612382	-0.313348119451868	-1.1154755380246	-0.998448162408499	1.34505663059111	1.09999083887559	-0.057549505774757	-0.0292831426341984	1.54674252665189	1.69105308790407	0.500454168857402	0.483332032150881
"KCNA3"	-0.25	-0.25	-0.25	-0.25	-0.25	-0.25	-0.25	-0.25	-0.25	-0.25	-0.25	-0.25	-0.25	-0.25	3.75	-0.25
"SLAMF1"	0	0	0	0	0	0	0	0	0	0	0	0	0	0	0	0
"P2RY8"	0	0	0	0	0	0	0	0	0	0	0	0	0	0	0	0
"CD180"	0	0	0	0	0	0	0	0	0	0	0	0	0	0	0	0
"SLAMF7"	-0.25	3.75	-0.25	-0.25	-0.25	-0.25	-0.25	-0.25	-0.25	-0.25	-0.25	-0.25	-0.25	-0.25	-0.25	-0.25
"RP11.812E19.9"	0	0	0	0	0	0	0	0	0	0	0	0	0	0	0	0
"JCHAIN"	-0.786665728075083	-1.17394009323155	-0.23905161368442	0.607198502776654	-1.50222101794457	-0.991191867621714	0.11832740748748	0.631926971489604	0.411419993157535	-1.34624715982373	0.521830907736847	1.43872480770094	0.711235159594687	-0.836526920951713	0.753826335443802	1.68135431594523
"DERL3"	-0.240637705606622	1.79653717303238	0.117731836241221	-1.69212728509024	-0.813739526995417	0.859645089432581	-1.23153790215557	-1.15657586032697	0.152320329904449	0.32534507806135	1.00646936747844	-0.319513216055873	-0.619248487989953	0.674548091167811	-0.391008556263575	1.53179157516597
"SIT1"	-0.531696043646307	1.27805121143575	1.3804859306898	-0.531696043646307	-0.531696043646307	-0.531696043646307	1.10510327342384	-0.531696043646307	-0.531696043646307	-0.531696043646307	2.61671210820629	-0.531696043646307	-0.531696043646307	-0.531696043646307	-0.531696043646307	-0.531696043646307
"BFSP2"	0	0	0	0	0	0	0	0	0	0	0	0	0	0	0	0
"P2RY10"	0	0	0	0	0	0	0	0	0	0	0	0	0	0	0	0
"P2RX1"	-0.527919177624659	3.19108328677248	0.801627494404762	0.691225131396756	-0.527919177624659	-0.527919177624659	-0.527919177624659	-0.527919177624659	-0.527919177624659	-0.527919177624659	0.57002283278938	-0.527919177624659	0.55315220850787	-0.527919177624659	-0.527919177624659	-0.527919177624659
"KCNN3"	0.295013370762926	-0.586251674356222	-0.304961239338072	-0.328364803768741	2.88221260076587	1.8751573040759	-0.586251674356222	-0.586251674356222	-0.185535745518173	-0.586251674356222	-0.586251674356222	0.246047201804457	-0.586251674356222	0.210444706065602	-0.586251674356222	-0.586251674356222
"AMPD1"	-0.25	3.75	-0.25	-0.25	-0.25	-0.25	-0.25	-0.25	-0.25	-0.25	-0.25	-0.25	-0.25	-0.25	-0.25	-0.25
"IL21"	-0.25	-0.25	-0.25	-0.25	-0.25	-0.25	3.75	-0.25	-0.25	-0.25	-0.25	-0.25	-0.25	-0.25	-0.25	-0.25
"ADORA2A"	-0.0591682050691138	1.04636096588577	-0.872620845039072	-0.872620845039072	1.62559875300874	1.44373911025051	-0.872620845039072	-0.872620845039072	1.64641904120068	-0.0675850379315066	-0.872620845039072	-0.487257607420013	-0.872620845039072	0.944172900044212	-0.872620845039072	0.0160659953042266
"PTPN7"	-0.553417344077092	1.7470057064267	-0.553417344077092	0.561949154558374	-0.553417344077092	2.78788637183374	0.488194046748111	-0.553417344077092	-0.553417344077092	-0.553417344077092	-0.553417344077092	-0.553417344077092	-0.553417344077092	-0.553417344077092	-0.553417344077092	0.502555505281083
"ANGPTL6"	0.362035521748525	1.45249959399758	0.18836420004301	-0.366348744195124	1.56315343619246	1.07132262889642	-0.592854699022383	1.65826818053862	-0.916151488939835	-1.13586606246081	-0.869893307475328	-0.901707754411002	-0.624027348211017	0.675942261184202	-0.53023011245408	-1.03450630543124
"KLRB1"	0	0	0	0	0	0	0	0	0	0	0	0	0	0	0	0
"CCR2"	-0.25	-0.25	-0.25	-0.25	-0.25	-0.25	3.75	-0.25	-0.25	-0.25	-0.25	-0.25	-0.25	-0.25	-0.25	-0.25
"SH2D1A"	-0.25	-0.25	3.75	-0.25	-0.25	-0.25	-0.25	-0.25	-0.25	-0.25	-0.25	-0.25	-0.25	-0.25	-0.25	-0.25
"GPR15"	0	0	0	0	0	0	0	0	0	0	0	0	0	0	0	0
"SEPT6"	0	0	0	0	0	0	0	0	0	0	0	0	0	0	0	0
"PIK3CG"	-0.25	3.75	-0.25	-0.25	-0.25	-0.25	-0.25	-0.25	-0.25	-0.25	-0.25	-0.25	-0.25	-0.25	-0.25	-0.25
"DOK3"	0.0107881283543371	2.02729258573477	-0.81101564321686	-0.302806647847737	-2.05176847838443	-0.84829022983838	0.586115554064473	1.25319490312769	0.569591992019785	0.72940035431699	-0.16667999217488	0.370769378804033	-1.29607685257123	0.382340787711498	-0.642901256375017	0.190045416274968
"SPIC"	-0.25	3.75	-0.25	-0.25	-0.25	-0.25	-0.25	-0.25	-0.25	-0.25	-0.25	-0.25	-0.25	-0.25	-0.25	-0.25
"GPR25"	0	0	0	0	0	0	0	0	0	0	0	0	0	0	0	0
"C16orf54"	-0.271836983988764	3.73639662454145	-0.271836983988764	-0.271836983988764	-0.271836983988764	-0.271836983988764	-0.271836983988764	-0.271836983988764	-0.271836983988764	0.0693211513012446	-0.271836983988764	-0.271836983988764	-0.271836983988764	-0.271836983988764	-0.271836983988764	-0.271836983988764
"IL10RA"	-0.81216358303303	1.57221101335439	0.457456474115907	-0.81216358303303	1.27360930638207	-0.81216358303303	0.275579013396148	-0.81216358303303	-0.81216358303303	-0.81216358303303	-0.81216358303303	1.08043214918153	-0.81216358303303	-0.81216358303303	1.27360205590657	1.37658223496066
"WNT1"	0	0	0	0	0	0	0	0	0	0	0	0	0	0	0	0
"VPREB1"	0	0	0	0	0	0	0	0	0	0	0	0	0	0	0	0
"VNN2"	-0.698170170630502	-0.371243710781058	1.69605082880585	-0.250134257062996	-0.811321551399915	-0.566289527661735	-0.631771421260453	-1.58784439867353	-0.282468810982311	-0.991739807873801	0.177033605009817	0.970137060358916	2.17652068003358	0.0808438707957312	0.829948468734198	0.260449142588212
"GCSAM"	0.771377983439835	-1.17971498619504	-0.496752177384701	-0.285364613301553	1.49510847598064	0.724346098214631	-0.331838762476356	-2.11921782379883	-0.095922921695067	0.536862331565442	0.520088218351104	-0.208239563787511	1.50429608375744	0.110806515059133	0.524594644902903	-1.47042950263206
"MC4R"	-0.25	3.75	-0.25	-0.25	-0.25	-0.25	-0.25	-0.25	-0.25	-0.25	-0.25	-0.25	-0.25	-0.25	-0.25	-0.25
"GPR183"	-0.522690156191539	-0.522690156191539	-0.522690156191539	-0.522690156191539	-0.522690156191539	-0.522690156191539	0.677392986110274	-0.522690156191539	0.479617389787989	1.67143929657118	2.91755526451265	0.00358678112483991	-0.522690156191539	-0.522690156191539	-0.522690156191539	-0.522690156191539
"WAS"	-0.705514763833564	2.90435433366958	-0.211417185032117	-0.16920759008326	1.17347425240443	0.180244295322399	0.416070361251952	1.0259755815948	-0.376437880031419	-0.709836266121185	-0.581928774274657	-1.12358325552514	-0.590210680156761	-0.652554972337933	-0.580985045951084	0.00155758910395697
"CEACAM21"	-0.25	-0.25	-0.25	-0.25	-0.25	-0.25	-0.25	3.75	-0.25	-0.25	-0.25	-0.25	-0.25	-0.25	-0.25	-0.25
"GHRL"	0.15779922601857	1.29774124671645	0.525942350572075	-0.958102333209623	0.727277085385731	2.22804756293074	-0.345165016026971	-0.860208056008668	0.219893320329693	-1.76181495937757	0.0817654355768413	0.761779535412176	0.0492316649024483	-0.196304278302429	-0.734264313554923	-1.19361847136454
"TNFRSF4"	1.15553705338164	2.84090982981279	-0.572338213187727	0.759936157434151	-0.572338213187727	-0.572338213187727	1.29011306429591	-0.572338213187727	-0.0516498608355841	-0.572338213187727	-0.271464112211633	-0.572338213187727	-0.572338213187727	-0.572338213187727	-0.572338213187727	-0.572338213187727
"S100Z"	0	0	0	0	0	0	0	0	0	0	0	0	0	0	0	0
"SLC2A5"	0.252861478331753	0.730347225527539	-0.378272169037616	-0.626091147888029	2.1175119746897	2.28243943919918	-0.42941020497391	-0.256100310380331	-0.681766847239478	-0.662719334968118	-0.822164033339422	-0.874906730945409	0.474189506639865	0.412542482490071	-0.781675348022295	-0.756785980083509
"CA4"	-0.590718899969534	2.61142214228957	-0.590718899969534	-0.590718899969534	-0.590718899969534	-0.590718899969534	-0.590718899969534	-0.590718899969534	1.0237585926	-0.590718899969534	0.342301719916319	-0.590718899969534	1.244196274008	-0.590718899969534	1.27622917085099	-0.590718899969534
"PGA4"	0	0	0	0	0	0	0	0	0	0	0	0	0	0	0	0
"ERICH4"	-0.25	-0.25	-0.25	-0.25	-0.25	3.75	-0.25	-0.25	-0.25	-0.25	-0.25	-0.25	-0.25	-0.25	-0.25	-0.25
"PGA5"	-0.536348912172462	-0.536348912172462	-0.536348912172462	-0.536348912172462	-0.536348912172462	-0.536348912172462	1.28881020665054	1.5883663103953	2.49739839292417	-0.536348912172462	-0.536348912172462	1.06161203609954	-0.536348912172462	-0.536348912172462	-0.536348912172462	-0.536348912172462
"PGA3"	0	0	0	0	0	0	0	0	0	0	0	0	0	0	0	0
"SOSTDC1"	1.1071083244972	-0.329155709636269	-0.329155709636269	-0.329155709636269	-0.329155709636269	-0.329155709636269	-0.329155709636269	-0.329155709636269	-0.329155709636269	-0.329155709636269	-0.329155709636269	-0.329155709636269	-0.329155709636269	3.50107161041056	-0.329155709636269	-0.329155709636269
"CYP2U1"	0.0125326566542926	-1.57493414684838	-1.02167479906451	0.363838270919434	-0.329110639588788	-0.446720480423203	0.758903662057322	-2.66041103137441	0.516532135090399	0.487137719272143	0.851252603627459	0.907507509080552	0.605674885466816	0.460984293125644	0.833528138668908	0.234959223336319
"MEF2C"	0.0701807879396421	-1.61873598772697	-0.10851055159147	2.16245367787595	-1.06614589266433	-0.515593291299123	1.97550061283931	0.950072429348261	-0.403473743367335	-0.690502726860365	0.300494624655082	0.25149177908523	-0.719433528061057	-0.217919076553208	-0.0230207575472736	-0.346858356072348
"ITGA8"	-0.512441868162877	-1.31744543628122	-1.56236695591034	-0.692768674183154	-0.621586174236505	-0.582401355413346	-0.639803511617832	-1.3968046975349	1.15468699941951	1.12591269061377	0.905795278825726	0.943113333440673	0.956678415466653	0.913988420372459	0.828449405509567	0.49699412969183
"ALDH1A1"	0.033933525401339	-0.310218642990673	1.28377096695143	1.60104548575484	0.22719809095681	0.321712393341598	1.47975605340624	0.781044312687061	-1.38443457160806	-1.30993843679572	-0.0448250977649397	-0.0378217379921142	-1.40426399767764	-1.43619450983926	-0.0518335578451525	0.251069724014249
"GLRA4"	-0.403044476216744	-0.403044476216744	-0.403044476216744	-0.403044476216744	3.3207687383466	-0.403044476216744	1.05889613656572	-0.403044476216744	0.859913315905361	-0.403044476216744	-0.403044476216744	-0.403044476216744	-0.403044476216744	-0.403044476216744	-0.403044476216744	-0.403044476216744
"CEP112"	0.67557255370231	-1.60584341075991	-1.60014141704611	0.148751906535792	0.532258742322774	1.11961399861588	-0.458245081325026	-2.12358964991318	1.19852842945618	0.968481509386798	0.304650061006066	0.532556437485303	-0.21745949515579	0.420881159238949	-0.217397697175702	0.32138195362567
"NFE2L2"	0.0360228032902833	-1.54819242469766	-0.875817505737745	0.366765130401868	-0.873162776398666	-0.743568498651674	0.430292304215334	-2.37873490043018	0.728912985935443	0.667752743971767	0.879087968211544	0.904964791836706	0.21495092546039	0.270283598169058	0.892698213294314	1.02774464112921
"ENPP6"	0.0738549032062867	0.95331085591482	0.50266831229125	0.700998384836737	1.85545932801838	0.334234576206772	-0.451027739409094	1.616977251901	0.208303824702766	-1.42652539697666	-1.62373863002221	-1.06378644434805	-0.24019869681089	-0.0934809505906941	-0.400626587487855	-0.946422991432555
"CPM"	1.39981179710893	1.27824494635699	-0.0650931663669146	-0.0647533160848454	1.63667504410053	1.54756393531353	-0.0410437128503364	0.82600087086003	-0.862910308046028	-0.715582597217095	-1.15362840426338	-0.917541536965386	-0.43145099855185	-0.655954771641656	-0.960609515285975	-0.819728266466547
"EEF1E1.BLOC1S5"	0	0	0	0	0	0	0	0	0	0	0	0	0	0	0	0
"PLA2G7"	-0.539777810391689	-0.539777810391689	1.56208203087544	-0.539777810391689	-0.539777810391689	-0.539777810391689	1.25949083891144	-0.539777810391689	2.45834368025606	-0.539777810391689	-0.539777810391689	-0.539777810391689	-0.539777810391689	-0.539777810391689	1.19741717465733	-0.539777810391689
"PLEK"	-0.690563957448521	3.1230532217519	-0.895334915347272	0.420178308223938	-0.0772725343969804	0.00794705824139816	0.88844865225217	-0.63888925903301	-0.530690013957679	-0.115741945465963	-0.475822348814358	0.921120300897399	-0.685876104666088	-0.529755157496108	-0.682262001881454	-0.0385393028593741
"CLEC4A"	-0.335939412869397	-0.335939412869397	-0.335939412869397	-0.335939412869397	-0.335939412869397	-0.335939412869397	3.43790172027396	-0.335939412869397	1.2652500598976	-0.335939412869397	-0.335939412869397	-0.335939412869397	-0.335939412869397	-0.335939412869397	-0.335939412869397	-0.335939412869397
"CASP5"	0.352113401936243	-1.04133747315338	-1.04133747315338	-1.04133747315338	0.877718215215775	-1.04133747315338	1.42297959809344	-1.04133747315338	-0.198288493401426	0.785235718124828	-0.069714442303777	-0.596825424200825	1.30115086062498	1.03293512675858	1.3407202780725	-1.04133747315338
"LILRB1"	0	0	0	0	0	0	0	0	0	0	0	0	0	0	0	0
"ADAMDEC1"	0.782029735122748	-0.115339443181971	0.535262270064051	1.28221119288144	1.22773216882235	1.39007910184887	1.27743972460521	0.701699933016471	-1.06887322939492	-1.20972331895158	-1.34637018753445	-0.666866418721338	-0.583191581499121	-0.922929380353274	-0.674506401350643	-0.60865416537385
"HLA.DPA1"	0	0	0	0	0	0	0	0	0	0	0	0	0	0	0	0
"IL2RA"	-0.311982302885282	-0.311982302885282	-0.311982302885282	0.752319488261581	-0.311982302885282	-0.311982302885282	3.61543275213236	-0.311982302885282	-0.311982302885282	-0.311982302885282	-0.311982302885282	-0.311982302885282	-0.311982302885282	-0.311982302885282	-0.311982302885282	-0.311982302885282
"SNX20"	0	0	0	0	0	0	0	0	0	0	0	0	0	0	0	0
"CXCR6"	-0.435835731992962	-1.46605840656247	-1.13425830005294	-0.13998472127259	-0.524902893927531	-0.280634590449897	0.168912699765282	-1.13519836554877	0.235947281923634	1.41731152068443	0.23720129695472	1.91547053235343	-0.159808982720722	-0.876910040671266	0.487137381424561	1.69161132009309
"HCK"	0.164270989286624	3.63960262374677	-0.36242908776085	-0.36242908776085	-0.36242908776085	0.246303268790665	-0.36242908776085	0.298972171306143	-0.36242908776085	-0.36242908776085	-0.36242908776085	-0.36242908776085	-0.36242908776085	-0.36242908776085	-0.36242908776085	-0.36242908776085
"HLA.DQB1"	0	0	0	0	0	0	0	0	0	0	0	0	0	0	0	0
"SRGN"	-1.40723974158221	-1.02197826973492	-0.964876047060857	-0.80595122506588	-0.265399909915768	-0.644806235403344	-0.753521260332253	-1.39432283364805	0.739195544591952	0.409654909797698	0.850446791242431	0.975600915919925	1.34850133061609	1.37935866915027	0.973428091752023	0.581909269672901
"PIK3R5"	-0.348267820321292	3.27914367570894	1.59660580878915	-0.348267820321292	-0.348267820321292	-0.348267820321292	-0.348267820321292	-0.348267820321292	-0.348267820321292	-0.348267820321292	-0.348267820321292	-0.348267820321292	-0.348267820321292	-0.348267820321292	-0.348267820321292	-0.348267820321292
"CD74"	-0.721402596963783	1.39870974922048	1.10598593727697	-0.165643773153055	0.304286606950839	0.712152612042174	0.0924019062810278	2.45554417959898	-1.3768153597535	-1.04628933108477	-0.853542929263373	-0.684124510415556	-0.196416565455222	-0.539890032796461	-0.243885900061588	-0.241069992423164
"TDRD6"	0.527779832360456	-0.465798368092757	0.327330411028128	1.43051019885234	1.20528430239102	0.592432284649612	2.17529676877403	0.0949920751119343	-1.49358009662073	-1.2752874669255	-0.312677165244806	-0.200892981683105	-0.60610046175913	-0.818678375372234	-0.394637242676477	-0.785973714792785
"FGD2"	-0.25	-0.25	-0.25	-0.25	-0.25	-0.25	-0.25	-0.25	-0.25	-0.25	3.75	-0.25	-0.25	-0.25	-0.25	-0.25
"BIN2"	-0.25	3.75	-0.25	-0.25	-0.25	-0.25	-0.25	-0.25	-0.25	-0.25	-0.25	-0.25	-0.25	-0.25	-0.25	-0.25
"RGS1"	-0.393760014317885	-0.245994228875847	-1.16327565602393	0.607844778140777	-1.16327565602393	-1.16327565602393	0.49126379705655	-1.16327565602393	0.904945664173955	1.85850886584502	1.22230595986304	0.285222612610095	1.1857094383611	0.222501703990269	-1.16327565602393	-0.322170296727422
"CTD.2370N5.3"	0	0	0	0	0	0	0	0	0	0	0	0	0	0	0	0
"LAIR2"	0	0	0	0	0	0	0	0	0	0	0	0	0	0	0	0
"MYO7A"	-0.76361427272112	1.73155405132948	2.50742876063948	0.459537296273845	-0.76361427272112	0.461011961975143	0.379444340806055	0.566013723710578	-0.76361427272112	0.286218702940289	-0.76361427272112	-0.76361427272112	-0.76361427272112	-0.282294655905915	-0.76361427272112	-0.76361427272112
"CLC"	0	0	0	0	0	0	0	0	0	0	0	0	0	0	0	0
"TMEM86A"	-0.846180888301867	0.59448796678226	1.22639135935156	-0.325676780039476	-0.373878582018739	0.145986106219776	-0.284958136511631	2.82057321257023	-1.49765008831231	-0.798357472274166	-0.266865757295551	-0.908492955190413	-0.241448185084965	0.293321518235734	0.0143269118923052	0.448421769977259
"CLLU1OS"	0	0	0	0	0	0	0	0	0	0	0	0	0	0	0	0
"RPL19"	-0.517121589736769	1.74832973881707	1.40064420723821	-0.544092725875841	-0.303413374596479	-0.00107990636695876	-0.456221981582474	2.57539722511589	-0.718464499186753	-0.620717362625909	-0.486404900550353	-0.508756610370485	-0.62861146029565	-0.527500598410175	-0.612217923543416	0.200231761970107
"CD48"	0	0	0	0	0	0	0	0	0	0	0	0	0	0	0	0
"LUM"	0.504591415810045	-0.469208934960289	0.607512009555117	1.37046721709347	1.46143353623485	1.47600000763965	1.56252653536125	-0.532745408106731	-1.21851644492367	-1.31761548551468	-0.579719166947304	-0.596871806877262	-0.488074816407141	-0.462898358913564	-0.710911369836692	-0.605968929207042
"WISP1"	0	0	0	0	0	0	0	0	0	0	0	0	0	0	0	0
"EMILIN1"	-0.429657554723993	1.39643727999821	1.71811629854389	0.159486741865577	-0.734785331437502	-0.659971618919278	-0.00270058271601426	2.48667775549607	-0.981087810829959	-0.872412596777185	-0.654284998864218	-0.608630943732063	-0.182613822246303	-0.305148790621685	-0.278884896855335	-0.0505391281802309
"PDGFRA"	1.45684839063641	-0.345427637810483	-0.929117448270527	0.286392102793617	1.04519032599737	0.960437328238253	0.614798226422751	-2.18203791021922	0.710201319154508	0.707657684420932	-0.705206285236855	-0.650774557344887	0.515021638116972	0.537157719829882	-0.749242916859277	-1.27189797986946
"BHLHE22"	0	0	0	0	0	0	0	0	0	0	0	0	0	0	0	0
"TPSAB1"	0	0	0	0	0	0	0	0	0	0	0	0	0	0	0	0
"FMO1"	-0.399624266150847	-0.399624266150847	-0.399624266150847	0.492401185778191	3.58679067424185	-0.399624266150847	-0.399624266150847	-0.399624266150847	-0.399624266150847	0.364983443471828	0.00229267160404695	-0.399624266150847	-0.399624266150847	-0.0506010474365944	-0.399624266150847	-0.399624266150847
"CAPZA2"	0.546715516172865	-1.68102967024363	-0.587132125521557	0.57268830181177	-0.380495273025642	-0.177221354823572	0.795913321309734	-2.84704443601494	0.623141101994627	0.466618027228058	0.878555249815937	0.624846186290292	0.239556481119813	0.33563317535188	0.590637896097416	-0.00138239756305303
"WNT5B"	-0.698764480500352	0.653432699901454	-0.506314408552528	-1.43804506852725	-1.41679353928892	-1.46250761041678	-1.42012986913192	-0.216889017901255	0.986115812383306	1.03549831438924	0.625031929928029	0.556597291707371	0.910286638604885	0.784354967305886	0.619174530374386	0.988951809724454
"METTL1"	0.0966348572343722	2.61848613401348	0.539541809733486	-0.414654748064287	-1.24038279477974	-1.05776982196185	-0.947072211316548	1.33184779130766	0.148887715503254	0.515152174294536	-0.0451984205379207	0.103761340078399	-0.927735462876912	-1.01666048400958	-0.0812712542508719	0.376433375632528
"OS9"	-0.687150713809877	1.30558647856967	1.72279075780088	0.00187374874204843	-0.767975047489552	-0.564334024494179	-0.0864124301382634	2.49164166665851	-1.0403639621363	-0.894060005874601	-0.463442692150231	-0.583656889324611	-0.176130941130409	-0.387709473454083	-0.16381443891592	0.293157967146904
"MCCC1"	-0.121980595104841	-0.48425825644298	1.00820794368625	0.653361439141683	-1.703480738037	-1.11918479220607	0.127180631711655	-0.587007251905863	0.842064742973927	1.43158432823964	0.522029202141736	0.0495386055841122	-1.85115137418408	-0.433546883896525	0.218899997794969	1.44774300050339
"TSPAN31"	-0.763508221507219	0.299426712164122	0.408085538746266	0.726043218189268	0.111965534054112	-0.174235307854941	-0.0358221062050062	1.5482844565402	-1.81031291410411	-2.24065166445474	-0.414313186636785	-0.0555202580064884	1.00322432448205	0.978603870461826	0.787327561572519	-0.368597557441046
"ADM2"	0.368698254004713	1.48542426637862	1.397539985525	0.267466137392511	-1.29308377330447	-1.37206271912462	0.412242140780516	2.09692616975641	-0.0982350763212073	-0.31485434017418	-0.361916599373967	-0.433542320202829	-1.04344953024458	-0.991922494882898	-0.10276876396025	-0.0164613362487635
"SEC22B"	-0.548958208702257	-2.25850004665521	-1.03283060107422	0.0632088074251104	0.733545369915412	0.650956972378793	0.0568385803946386	-2.13676124137557	0.566022492802512	0.590502097513026	0.825580458084289	0.664688928468444	0.652039603203914	0.639066228253648	0.60445468260828	-0.0698541232408142
"TMCO3"	0.203715255787088	-1.67777868660207	-0.909899856719888	0.632955551325752	-0.0415471586226226	0.137343794145657	0.475051515953788	-2.85753886088425	0.474238940702414	0.381122473350336	0.587789938092879	0.681074073386141	0.667376496341892	0.671742541912717	0.649206015743652	-0.0748520339134909
"ING1"	0.196966089520234	-0.663391551342971	-1.08057306045958	-0.254108479021742	1.82301383980221	2.08704392445726	-0.0581607668347551	-2.15786832972708	0.477973810450306	0.186978221269477	-0.245931238311545	-0.51229914989255	0.29707876626624	0.137035253705871	-0.455470184841246	0.221712854959865
"BRMS1L"	0.941148276749971	-1.67126913814366	-0.0304498647755179	1.19269179271075	-1.59207751181381	-1.24044618608372	1.07932478667371	-1.57196610321152	0.559300667709138	0.593315357095932	0.972185859178794	0.307913025408985	-0.0606123044766496	0.250634555004701	0.571273203287473	-0.300966415314582
"MARCH9"	0	0	0	0	0	0	0	0	0	0	0	0	0	0	0	0
"RAB3IP"	0.356731526578623	-1.36793788619308	-1.85995454573632	0.595982572935554	-1.05334828882501	-1.81703828041293	0.0947406551531783	-0.290080440139472	0.329643501717543	0.622933565168083	0.800856812341716	1.42575871494064	0.542457523429234	0.225263420167335	1.00931687355529	0.384674275319609
"C19orf12"	0.160791936922893	0.414745791227141	0.417424813806334	-0.745176083437205	-1.25925363582875	-2.74726094496462	-0.437000173163985	-0.356337027572547	0.230468485221369	-0.220802811957718	0.472974728106668	0.626246408036157	1.66199506510023	0.434927909394332	0.825019558334984	0.521235980774707
"HDAC9"	0.695440620490503	-1.2737794988861	-1.51803986554937	0.81633241756362	1.80678264782051	1.3797706559153	1.03597711112411	-1.54348540885828	-0.332505302848352	-0.312185570861311	0.234203985126349	0.316105197469637	-0.636845490755486	-0.499783306413065	0.281326956580333	-0.44931514791841
"HIST1H3A"	0	0	0	0	0	0	0	0	0	0	0	0	0	0	0	0
"CTD.2192J16.24"	0	0	0	0	0	0	0	0	0	0	0	0	0	0	0	0
"KATNBL1"	0.400256319038111	-1.21096173894681	-1.32685980090761	-0.0988731774251892	1.3242669812344	1.33680023783917	0.210374704649115	-2.68267300010809	0.489307634578332	0.149704912537256	0.476085183445816	0.298305461410126	0.200798029768256	0.450565417410842	-0.02218458456457	0.00508742004083541
"GUSB"	-0.286033181044736	1.22630951174133	1.56341757796491	0.119774241518052	0.496700130231295	0.592264762150892	0.148929105580124	2.1514696119551	-0.995023002891394	-1.28118132580132	-1.01793279814284	-0.921522873264409	-0.629841972119095	-0.531992920406634	-0.710611096907706	0.0752742294364396
"CSTL1"	0	0	0	0	0	0	0	0	0	0	0	0	0	0	0	0
"TAC4"	-0.517108973061046	-0.392393796607466	-1.1661200099076	-1.1661200099076	0.18220694431358	1.07356096771697	-0.815825386282914	2.46856466419087	1.1576343857912	0.115714103146766	0.179839718947365	-0.553746027587667	-0.502074155045995	0.584548331590635	0.517439252610499	-1.1661200099076
"SCGB2B2"	-1.20361670033831	-0.68257745026482	0.470550606334932	-0.72660857314421	1.74829514735259	1.22155739564377	-1.13375854512432	-0.975649045449909	0.268879506465134	-0.0622711280211144	-0.558851155306681	0.378209300300684	-1.48877371423009	0.77576902143582	0.622478205525441	1.34636712882108
"NPPA"	1.43465476396878	0.690175146962557	-0.226945155194288	0.148872976504824	-1.45842539874514	-1.45842539874514	1.07446990292005	-0.578877197437929	1.15125776783182	-0.352280278776615	-0.875164451412724	-0.534344670807503	0.947230650705721	0.790730105159824	0.705496635810925	-1.45842539874514
"ASMT"	-0.813066712826408	0.88446255238013	-0.813066712826408	-0.386116328573507	-0.813066712826408	0.03125679426093	-0.813066712826408	2.58364754125924	-0.152247335721598	-0.813066712826408	-0.0522734277651929	1.79895573789534	-0.813066712826408	-0.150545115374903	-0.0509621346330167	0.372221993231022
"EYS"	0.165123012906652	-1.55469404417041	-1.55469404417041	1.06759967416151	-0.65142915875715	-0.223332441099132	0.297322168001551	-1.55469404417041	1.00164582535998	0.147511579178888	0.811741995308516	-0.197232449042264	-0.0842518079540011	-0.255476179338079	1.95692610061203	0.627933813172726
"NSMCE4A"	0.526120653889363	1.46555849034924	1.58534528102442	0.200564898351529	-2.11783525595177	-1.3267238965693	0.591308989556873	-0.882040394655439	0.527433260205658	-0.00542812097665035	0.272338709015026	0.128490673150364	-0.974433707743648	-0.200874042279752	-0.691114302335202	0.901288764969305
"INSL5"	-0.516867041901121	-0.516867041901121	-0.516867041901121	-0.516867041901121	-0.516867041901121	-0.516867041901121	-0.516867041901121	-0.516867041901121	0.949503159089618	-0.516867041901121	1.17613151585652	-0.516867041901121	2.81276008965273	-0.516867041901121	-0.516867041901121	1.26400973821458
"FRG2B"	0	0	0	0	0	0	0	0	0	0	0	0	0	0	0	0
"A4GNT"	0.265355958359043	-1.34651088844615	-0.93757525876205	0.143681378696491	-1.34651088844615	-1.34651088844615	0.390587146216584	-1.34651088844615	0.965878040541641	0.564470646279593	-0.171109974837223	0.325708766731327	0.95393330136302	1.82659236501632	0.993693373738916	0.0648278104409336
"OR4A47"	0	0	0	0	0	0	0	0	0	0	0	0	0	0	0	0
"RPS4Y2"	0	0	0	0	0	0	0	0	0	0	0	0	0	0	0	0
"ADPRHL1"	-1.07484726749681	-0.559938879872118	2.21299653096445	-0.331949845047287	-0.325531501794989	0.608802271875313	-1.23225238057382	1.38281615834239	-0.649035439540465	0.577339818685981	-0.563790937937257	0.219155319173792	-0.620000295939816	-0.706917515540871	-0.480018681403804	1.54317264610532
