"CAF07_1"	"CAF07_2"	"CAF07_3"	"CAF07_4"	"CAF07_5"	"CAF07_6"	"CAF07_7"	"CAF07_8"	"CAF09_1"	"CAF09_2"	"CAF09_3"	"CAF09_4"	"CAF09_5"	"CAF09_6"	"CAF09_7"	"CAF09_8"
"CDHR5"	0.00824433496278558	0.0292829807262019	0	0.0189717253709304	0.00858240019557755	0.0189947189475877	0	0	0.00742218879990974	0	0	0	0.033448767730351	0.0868621619196451	0.0171139866210147	0.0179664750376542
"ALPI"	0	0	0	0	0	0	0	0	0	0	0	0	0	0	0	0
"C11orf86"	0.0142964949044514	0.0338701514107958	0.0357685560869082	0	0.0148814567450801	0.0165181903975585	0.0306604473810232	0.0531758181599124	0	0	0.0222260536223306	0.0532255382656811	0	0.0129071674109348	0.0148814045356611	0
"SI"	0	0	0	0	0	0	0	0	0	0	0	0	0	0	0	0
"APOA4"	0	0	0	0	0	0	0	0	0	0	0	0	0	0	0	0
"GUCA2A"	0	0	0	0	0	0	0	0	0	0	0	0	0	0	0	0
"MOGAT2"	0	0	0	0	0	0	0	0	0	0	0	0	0	0	0	0
"SLC26A3"	0	0	0	0	0	0	0	0	0.0120777892911797	0	0.00698569760254771	0	0	0	0	0
"CREB3L3"	0	0	0	0	1.04873251767577	0	0	0.718093859595106	0	0	0	0	0	0	0	0
"LRRC19"	0.026753697582322	0.0160135000824192	0.0336377622622899	0.023201690355992	0	0.0155279980639557	0	0.00845904087159658	0.0478061710515425	0.0780169396809049	0.0818278523602907	0.110314439898106	0.0273689542023798	0.0770967832904322	0	0.113507125485913
"TMIGD1"	0	0	0	0	0	0	0	0	0	0	0	0	0	0	0	0
"FABP2"	0	0	0.0578120058214418	0	0.0479221955989671	0	0.210926945259429	0.166467043657616	0.0415196619079516	0	0.203789282765487	0.205428841173004	0.0701019407757581	0.121442758833223	0.139239736256327	0.360355459367096
"CLCA1"	0	0	0	0	0	0	0	0	0	0	0	0	0	0	0	0
"MS4A12"	0	0	0	0	0	0	0	0	0	0	0	0	0	0	0	0
"AQP8"	0	0.0347397513521283	0	0.0084870057177879	0	0	0	0.0184072423429566	0	0	0	0	0	0	0	0
"SLC6A19"	0	0	0	0.00560416211265545	0	0	0	0	0	0	0	0	0	0	0	0
"DHRS11"	1.33924343685249	2.13069720799183	1.87341624161877	1.25416780873521	1.4117648099284	1.33453116882294	1.25367286035391	2.18929767788913	1.65420496122645	1.64031997668603	1.62712421597448	1.55237750994906	1.58349237161158	1.46831105439899	1.46564837847708	1.4710362098496
"CA7"	0	0	0	0	0	0	0	0	0.0188655240758725	0	0.00729083826531168	0.0132096323952127	0	0	0	0.0152969933676113
"UGT2B17"	0	0	0	0	0	0	0	0	0	0	0	0	0	0	0	0
"TBX10"	0	0	0	0	0	0.0223325653789357	0	0	0	0	0	0	0	0	0	0
"MEP1B"	0	0.0373705733916284	0	0	0	0	0	0	0	0	0	0.029641384417003	0	0	0.0326760727145617	0
"RBP2"	0.0148018949250005	0	0	0	0	0	0	0	0	0	0	0	0	0	0	0
"TM6SF2"	0.0752569186513283	0.273827941546762	0.412844901634103	0.161001341889766	0.320017010220042	0.252636845361015	0.137171013300987	0.604082011135591	0.155639381890367	0.113558905145447	0.277975233426441	0.150851963359992	0.213371397332184	0.178601059970326	0.204200310360252	0.334330529327475
"LYPD8"	0	0	0.0225092338018218	0	0.0370018019661937	0	0	0.0445467385232403	0	0.00887870048707692	0.0277913175194849	0	0.0363731666321436	0.0557584256974094	0.00933976712140385	0.0766452935886736
"C9orf57"	0	0	0	0	0	0	0	0	0	0	0	0	0	0	0	0
"MTTP"	0	0.0772408062569742	0.107677887343067	0.157548392570139	0.0342235769792292	0	0.0926240670671761	0	0.0393761941384557	0.0748330931287409	0.100156519516075	0.08135085189842	0.055641259329491	0.0394782346043336	0.111055781968344	0.0938620358822575
"SLC5A11"	0.0220145906921179	0.0131682096630039	0.0139118787135544	0.0127531006920499	0	0.0504099984803178	0	0.0138722461092207	0	0.074856090551876	0.0565160296881771	0.0207782951387587	0.0225217106135991	0.0297187638882896	0.0895453928701549	0.082483123963136
"DNASE1"	2.58499976779499	2.52820192766643	3.2372145448969	2.73713807280971	3.13971997993903	2.98525723079989	3.03967246914484	3.31182386708969	2.62484550888116	2.44199441476219	2.70371673774748	2.79001171267027	2.93082832883157	2.98298858522682	2.65146461858839	2.59472415694624
"ENPP7"	0	0	0	0	0	0	0	0	0	0	0	0	0	0	0	0
"CES2"	4.45923908755264	4.67142362711994	4.81820083911548	4.41246526315178	4.17932722503709	4.25077008562054	4.42225625612586	4.67907659407922	4.62097990583193	4.55034758611759	4.59775506072676	4.47268019431285	4.6099730800757	4.5046512141123	4.63148059902263	4.53239533071892
"TRPM6"	0.256782706821871	0.262011467135897	0.275544254803571	0.0898794549020115	0	0.21524269258466	0.238879626688393	0	0.536907556212825	0.441503362985788	0.194866690536743	0.3951419059484	0.155626347403479	0.512914692461207	0	0.314308800601839
"B4GALNT2"	1.00603716426861	1.46915774083692	1.38256234192304	1.15903102608935	1.72938604900615	2.51052049895281	0.847681884144503	1.18094894211249	2.23583603541819	2.09009096943954	2.27886844401918	1.9038573285375	2.35816829316093	1.979647277928	2.2056238039402	1.76532727694917
"MS4A18"	0	0	0	0	0	0	0	0	0	0	0	0	0	0	0	0
"CIDEB"	0	0	0	0	0	0	0	0	0	0	0	0	0	0	0	0
"OR2G6"	0	0	0	0	0	0	0	0	0	0	0	0	0	0	0	0
"DUSP21"	0	0	0	0	0	0	0	0	0	0	0	0	0	0	0	0
"GJA10"	0	0	0	0	0	0	0	0	0	0	0	0	0	0	0	0
"OR2T35"	0	0	0	0	0	0	0	0	0	0	0	0	0	0	0	0
"FSHB"	0	0	0	0	0	0	0	0	0	0	0	0	0	0	0	0
"LEUTX"	0	0	0	0	0	0	0.0089953330519696	0.0414597202075381	0	0	0	0	0	0	0	0
"DEFB118"	0	0	0	0	0	0	0	0	0	0	0	0	0	0	0	0
"OR2M4"	0	0	0	0	0	0	0	0	0	0	0	0	0	0	0	0
"HMGB4"	0	0	0	0	0	0	0	0	0	0	0	0	0	0	0	0
"OR2T10"	0	0	0	0	0	0	0	0	0	0	0	0	0	0	0	0
"NEUROD6"	0	0	0	0	0	0	0	0	0	0	0	0	0	0	0	0
"OR2M3"	0	0	0	0	0	0	0	0	0	0	0	0	0	0	0	0
"OR2T4"	0	0	0	0	0	0	0	0	0	0	0	0	0	0	0	0
"KIR3DX1"	0	0	0.071556027822118	0	0	0	0	0	0	0	0	0	0	0	0	0
"TTLL8"	0	0	0	0	0	0	0	0	0	0	0	0	0	0	0	0
"OR2T5"	0	0	0	0	0	0	0	0	0	0	0	0	0	0	0	0
"CDY2A"	0	0	0	0	0	0	0	0	0	0	0	0	0	0	0	0
"GIP"	0.00450938830469567	0.026684302889319	0.0225909694738494	0.00260562958663262	0.00937387011569728	0.0104070362689412	0.0121254688793466	0.0197301144009135	0.00405917656705036	0	0.0186544860270046	0	0	0	0.0233213741026744	0.00492943533344141
"OTOL1"	0	0	0	0	0	0	0	0	0	0	0	0	0	0	0	0
"SLC2A7"	0	0	0	0	0	0	0	0	0	0	0	0.0206811667183096	0	0	0	0
"AC011155.1"	0	0	0	0	0	0	0	0	0	0	0	0	0	0	0	0
"PQBP1"	3.53611440791734	4.92137903378991	4.79535858989646	3.35490477690799	2.89330105508944	3.14487807191335	3.45339605024044	5.32310887321759	3.4234544831904	3.57112098968227	3.50266495289083	3.5396945681333	3.36980406189645	3.19359855137427	3.50875408271864	4.02528501007322
"OR52I1"	0	0	0	0	0.164985299602319	0	0	0	0	0	0	0	0	0	0.164984749820264	0
"HIST1H2BA"	0	0	0	0	0	0	0	0	0	0	0	0	0	0	0	0
"PAX9"	0.188448689487108	0.0670168402716814	0	0.351918828266715	0	0	0.119009235636617	0.0705305175770571	0.0756324825709136	0.0558232646645183	0.08698971624427	0.104639553233015	0	0.0758260411442245	0.058673170049711	0.231864638073148
"KLK12"	0	0	0	0	0	0	0	0	0	0	0	0	0	0	0	0
"OTOP2"	0	0	0	0.0128053669045113	0	0	0	0	0	0	0	0	0	0	0	0
"DHRS9"	0	0	0	0	0	0	0	0	0	0	0	0	0	0	0	0
"CEACAM7"	0	0	0	0	0	0	0	0	0	0	0	0	0	0	0	0
"B3GNT6"	0	0	0	0	0	0	0	0	0	0	0	0	0	0	0	0
"CD177"	0.00990055209430701	0.0078774357644137	0.0370818527134199	0.0114279310934459	0.0273214950920367	0.00382403077570283	0	0.0611121781189896	0.00891375338065286	0.0130487853773554	0.0102881801826572	0.00623495252155406	0.0726830820638593	0.0237103223611261	0.0137253745919278	0.0215612486044166
"ALOX15B"	0	0	0	0	0.150814896697038	0.31588113248077	0	0	0	0	0	0	0	0	0	0
"C15orf48"	0.0432371735879076	0	0	0.0821017421129546	0.0449879804008313	0.189936068581105	0.0312155924111185	0.0182702867522766	0.0517324285993729	0.0706320813881288	0.0595744424485763	0.0541816480144275	0.0729738845989581	0.0131423323029433	0.0301472122932084	0.0159076634132024
"MSGN1"	0	0	0	0	0	0	0	0	0	0	0	0	0	0	0	0
"PRR23D2"	0	0	0	0	0	0	0	0	0	0	0	0	0	0	0	0
"PRR23D1"	0	0	0	0	0	0	0	0	0	0	0	0	0	0	0	0
"DPPA5"	0	0	0	0	0	0	0	0	0	0	0	0	0	0	0	0
"GH2"	0	0	0	0.0204369530730694	0	0	0	0	0	0	0	0	0	0	0	0
"MAGEB6P1"	0	0	0	0	0	0	0	0	0	0	0	0	0	0	0	0
"OR8D1"	0	0	0	0.00982671956281934	0	0.00983866725699585	0	0	0	0	0.0436982272128481	0	0	0	0.0088617220483947	0
"CT45A8"	0	0	0	0	0	0	0	0	0	0	0	0	0	0	0	0
"MORC1"	0	0	0	0	0	0	0	0	0	0	0	0	0	0	0	0
"FOXI3"	0	0	0	0	0	0	0	0	0	0	0	0	0	0	0	0
"LCT"	0.0151265610591873	0	0	0	0	0	0	0	0	0.0297854738119312	0	0	0	0.0538688357527481	0	0
"TMEM207"	0	0	0	0	0	0	0	0	0	0	0	0	0	0	0	0
"COX8C"	0.0073903080661015	0	0	0.0085315704979628	0	0	0.0158927629003175	0.00928144731040204	0.0132757219860289	0	0	0.0139130489856079	0	0	0.00769341951516377	0
"ADRA2B"	0.0255766341270682	0.0304522271266854	0	0	0	0	0	0	0.0680441194258604	0.0253121906722048	0.0265723903451438	0.0942346371888751	0.026165066476901	0.0230998499218485	0.0266188071773519	0.0553495339996551
"TMPRSS15"	0	0	0	0	0	0	0	0	0	0	0	0	0	0	0	0
"ATP4A"	0	0	0	0	0.0556840369233977	0.0156776485548606	0	0.0338638231743842	0	0	0	0	0	0.0243960587052142	0	0
"OTX2"	0	0	0	0	0	0	0	0	0	0	0	0	0	0	0	0
"GAST"	0	0	0	0	0	0	0	0	0	0	0	0	0	0	0	0
"OXCT2"	0.207200163230503	0.57349810496103	0.524030221929563	0.44958968489032	0.4540015619655	0.440600033507705	0.340837696202664	0.875471032547046	0.187773093181853	0.233593451138143	0.254130628531015	0.310829711209785	0.288351049368256	0.152502123995607	0.375706181782421	0.55026623097503
"FABP7"	0	0	0	0	0	0	0	0	0	0	0	0	0	0	0.10051842125618	0
"PTRH2"	6.03742269291386	6.84645256254642	6.600696554781	5.79202236985789	6.00251691428579	5.98809635686908	5.903492782376	6.83674223185587	6.14726123022199	6.26605568155842	6.08493429655627	6.03670970274005	6.11516731535279	6.01391007876783	6.00251190599835	6.23033732657747
"DLL3"	0.149362585850215	0.142837550547813	0.16829290941979	0.0358980654329609	0.0640912475777568	0.0359413196149959	0.0663349995978035	0.286090159454149	0.05556977582693	0.090535021410597	0.0323449978548683	0.0864382313348811	0.03185015918925	0.211000389641175	0.0950995209084289	0.0997051465341683
"KCNH7"	0	0	0.194976439479679	0.16074697837066	0.037823570534126	0	0.211902130808159	0.0229463517343669	0.0647827171782448	0.0180989477275794	0.0562723899222813	0.1166975103667	0	0.0165134549760947	0.0190356690220427	0.0396934231233385
"ASCL1"	0	0	0	0	0	0	0	0	0	0	0	0	0	0	0.0139065099984596	0
"SCN3A"	3.75364235634832	2.62518992663199	2.72640646129442	3.7722812058004	3.34221777901013	3.28852569661619	3.81452334149677	1.96360823157287	4.89369244109559	4.83545288392285	4.74546111084803	4.68320782618234	4.24281196577185	4.18795693026274	4.66015776901833	4.24028149914032
"INSM1"	0	0.0105501325054438	0	0	0.0183696617573084	0	0	0	0	0	0	0	0	0	0.0092140356271088	0
"LL0XNC01.16G2.1"	0	0	0	0	0	0	0	0	0	0	0	0	0	0	0	0
"NOL4"	0	0	0	0	0	0	0	0	0	0	0	0	0	0	0	0
"ASXL3"	0.0374511972548676	0	0	0	0	0.0851783178607326	0.0403474554765628	0.0923441993009481	0	0	0	0	0	0	0	0.0408966341635293
"FEV"	0	0	0	0	0	0	0	0	0	0	0	0	0	0	0	0
"SLC18A1"	0	0	0	0	0	0	0	0	0	0	0	0	0	0	0	0
"LMX1A"	0	0	0	0	0	0	0	0	0	0	0	0	0	0	0	0
"PHOX2B"	0	0	0	0	0	0	0	0	0	0	0	0	0	0	0	0
"INSM2"	0	0	0	0	0	0	0	0	0	0	0	0	0	0	0	0
"SEC14L5"	0	0	0.049115442631284	0.0670874722887656	0.0204896722232144	0	0.0627408678849294	0	0.0177296352118495	0	0.0305729678950866	0	0.0301049571645545	0	0.0204896004774891	0.0215089865331691
"NPTX1"	3.52404098390956	2.86581000581579	2.50719557360103	3.05802832390805	5.55438756330261	5.37555950286344	2.85727675550009	2.04957339507259	3.81950521025303	3.81825549102598	3.30407063765185	3.31074689269423	2.0154130227207	1.95265088819323	3.31551388991649	3.1168384717961
"HES3"	0	0	0	0	0	0	0	0	0	0	0	0	0	0	0	0
"SLC29A4"	1.66565806207411	2.7255456947796	2.69016777033554	1.85549879543226	2.90480460980344	2.93305771007893	1.7438858873076	3.17898547679656	1.29150256270952	1.29331408863002	1.28170881978367	1.3384932811037	1.39717883362061	1.49906389756218	1.19638546992196	1.62748942428797
"GALR1"	0	0	0	0	0	0.0791276295345556	0	0	0	0	0	0	0	0	0	0
"SYT6"	0	0	0	0	0	0	0	0.0465746678731234	0	0	0	0	0	0	0	0
"PENK"	1.9207499398331	1.41222621548594	2.4412717734743	2.29491496057865	1.56968174289601	1.77241189396786	1.89473367374554	1.45981648265347	1.85879559419943	1.50492120166482	2.32157805753388	2.15127965779557	2.48946953007451	2.63413670029474	2.40111198645077	2.5947142701032
"KIF19"	0	0	0	0	0	0	0	0	0	0	0	0	0	0	0	0
"SLC25A21"	0.095198999772566	0.0518720657998756	0.0843081783742708	0.0774405394053952	0	0.0558022609442688	0.13659666652627	0.0305918313187608	0.0521873397531924	0.139144512578936	0.200222094237298	0.098675360460669	0.106718159898974	0.0608607583346931	0.0989826412578085	0.176974739369306
"TMEM72"	0	0	0	0	0	0	0	0	0	0	0	0	0	0	0.0354093718671068	0
"CNGA3"	0.148835406068881	0.0808000788998035	0	0.290568135494513	0.352276550691392	0.188554472679807	0.257405917184343	0.125715311901258	0.0310215302535139	0.0998927228785751	0.104734000375635	0.155644442552154	0.0864796778874771	0.0615479199919622	0.0707821063724244	0.0375975709285863
"KCNA2"	0	0	0	0	0	0	0.0563127365249421	0	0	0	0	0.0493833331328189	0	0	0	0
"RAX"	0	0	0.0829000241847413	0	0	0	0	0	0	0	0	0	0	0	0	0
"WNT16"	0.429787727191067	0	0.28532992006024	0.486236159011217	0	0	0	0.522182165090624	1.09236235857424	1.11038196345929	0.994105681939515	1.12885185985509	1.10705129935255	1.19647053664466	0.858331616504315	0.734637538857749
"ATP4B"	0	0	0	0	0	0	0	0	0.0285457283023469	0	0	0	0.0162957549496513	0	0	0
"FGF12"	0	0	0.00380878108082454	0	0	0	0	0	0	0	0	0	0	0	0	0
"ZNF473"	1.41836579178904	1.72687689203204	1.40781836168702	1.53675704260367	1.66142226397922	1.48117028493575	1.28877688968637	1.49292589761903	1.65417404933137	1.88105944528182	1.50548827961796	1.47812469881946	1.63600822695213	1.67122565465583	1.38586695920565	1.59982153361266
"SLC6A3"	0.0337010154035865	0	0.0213286900492037	0.0388510673126079	0	0	0	0.0832534600496206	0	0	0	0	0	0	0	0
"OVOL3"	0.0213357305841491	0.0421047084695337	0	0	0	0.0164746957845288	0.00770600909372682	0	0.0255658563581836	0.0141108236935543	0.0294818077463764	0.0201372929569661	0	0.012873138730276	0	0.0155821329850637
"TAS1R1"	0	0	0	0	0.0113240658510222	0	0	0	0	0	0	0.0204580270242039	0	0	0.0225598592076491	0
"ANKRD34A"	1.08213113843624	1.37437046038181	0.867736467104896	0.566531721896409	1.50465724258484	1.56401591537175	0.708818253632278	1.19909794109214	1.31807303072846	1.49494270571848	0.946709377155008	1.05583211097972	1.38767648568497	1.33064276655706	0.968375009298542	1.06440824902477
"TMED6"	0.00816396154463911	0.00649490818066209	0.012329275715602	0.00754436440051999	0.00170375806334536	0.00315211776031183	0.0105562596672015	0.00274109759906509	0.0122289634502327	0.0187812120278306	0.0174785292931576	0.00821551252327405	0.00890809509162893	0.00883837681127777	0.00906351541677125	0.0195590854941818
"FAM19A1"	0	0	0	0	0	0	0	0	0	0	0	0	0	0	0	0
"CDY2B"	0	0	0	0	0	0	0	0	0	0	0	0	0	0	0	0
"TFF1"	0	0	0	0	0	0	0	0	0	0	0	0	0	0	0	0
"BPIFB1"	0	0	0	0	0	0	0	0	0.0131570871363174	0	0	0	0	0	0	0
"BPIFA1"	0	0	0	0	0	0	0	0	0	0	0	0	0	0	0	0
"TFF2"	0	0	0	0	0	0	0	0	0	0	0	0	0	0	0	0
"BPIFB2"	0	0	0	0	0	0	0	0	0	0	0	0	0	0	0	0
"GKN2"	0	0	0	0	0	0	0	0	0	0	0	0	0	0	0	0
"GKN1"	0.0435494903598105	0	0	0.0501785694598071	0.131879907728159	0	0.0236455210952039	0	0	0	0	0.0811022454664012	0.0877558688943988	0.0586383521099979	0	0.0935764204087552
"PGC"	0	0.0206332870968992	0	0	0	0	0	0	0	0.0340802350490328	0	0	0	0.0156387408174834	0.0180281865837352	0
"SLC5A5"	0.0105425533484506	0	0.026427906754416	0	0	0	0	0	0	0	0	0	0	0	0	0
"LTF"	0.0226928360855798	0	0.188865565110363	0.0518852982005655	0.0118576046578369	0	0.036532398120478	0.143524040542631	0.0405944786103307	0.0280182693701897	0.0639323699536964	0.0633252069755183	0.0573528620084575	0.0506976349599337	0.0236184622290895	0.0370303129888259
"GIF"	0	0	0	0	0	0	0	0	0	0	0	0	0	0	0	0
"TEX26"	0.120237119385312	0.0124086164911603	0	0.0591100790554568	0.0845070380027511	0.127134914406759	0.0443844822222286	0	0	0	0.0637296770632977	0.0389031325144864	0.0212265269492881	0.0280136931012578	0	0
"GSTA2"	0.0158669733286537	0	0.019969097392994	0	0	0	0	0.00999051766248588	0.0213799307524313	0	0	0.0371478729695241	0.00813946946453145	0.00718067351496368	0.0569964766200226	0.0173386370986254
"PSAPL1"	0	0	0	0	0	0	0	0	0	0	0	0	0	0	0	0
"AQP10"	0	0	0	0	0	0	0	0	0	0	0	0	0	0	0	0
"CD79A"	0.0148393657387124	0.0779104556281167	0.037116353619193	0.0256106117438136	0.0154464212452623	0.0673900810387767	0	0.310774275954649	0.0656086065561861	0.0219723805374063	0.0154193282355386	0.0484308002696042	0.0450751508456134	0.0133975268835753	0.0154463670643391	0.0559769245009632
"FCRL5"	0	0	0	0	0	0	0	0	0	0	0	0	0	0	0	0
"POU2AF1"	0.0346386821093179	0	0	0	0	0	0	0	0	0	0	0	0	0	0	0
"TNFRSF13B"	0	0	0	0	0	0.0214831597738742	0	0	0	0	0	0	0	0	0	0
"TNFRSF17"	0.0148660225557388	0	0	0	0	0	0	0	0.0200336088821582	0.0220117533833261	0	0	0	0.00672641067823804	0	0.00407852426576567
"CD79B"	0.0274747295410038	0.0646910034522976	0.180497151200995	0	0.0704486533508112	0.180643078295244	0.0441862628116045	0.0173249963069433	0	0	0	0	0	0.0248157144113963	0	0
"CD27"	0.0377243631652694	0.00908836183376973	0.0520393499888254	0.0477568294210985	0.0584890380257708	0.0349302832622888	0.0406414504054829	0.0190868569283066	0.0540168375698616	0.0336455247686617	0.039186673636166	0.0975913653508968	0.0612557840074919	0.0374496749461674	0.0584888358904839	0.0207443151735509
"IRF4"	0.0487062404028654	0	0.0611205519042582	0.136372515891796	0.301434890776126	0.149499787909073	0.175816982994732	0	0	0.0717190330998315	0.0255151277818052	0.0684535909221955	0.0251238697907816	0	0.0996292348655609	0.0531681884729858
"FCRL2"	0	0	0	0	0	0	0	0	0	0	0	0	0	0	0	0
"IGLL5"	0	0	0	0	0	0	0	0	0	0	0	0	0	0	0	0
"LAX1"	0.0477230988889923	0	0	0.0139415085236153	0.00630081671126103	0	0	0	0	0.0119541140473943	0.012552157805816	0.0450654335706369	0.0123588270696198	0.0324704429967697	0	0
"LY9"	0	0	0.0259028295788928	0	0	0	0	0	0	0	0	0	0	0	0	0
"FCRL4"	0	0	0	0	0	0	0	0	0	0	0	0	0	0	0	0
"MZB1"	0	0	0	0.0161483654269253	0	0	0	0	0	0.00463074658562673	0	0	0	0	0	0
"RP11.330H6.5"	0	0	0	0	0	0	0	0	0	0	0	0	0	0	0	0
"CPNE5"	1.87340220670814	2.38852351952924	2.99137297949014	2.54792190870746	3.18085097846454	3.13398593832293	2.74463560854438	3.57769108222807	1.46248672007373	1.15373223566296	2.00731089187305	1.78651579673764	1.96014185911403	2.16493480980587	1.91590675067513	1.8015494638031
"PIM2"	1.89776897252064	1.72643919407217	1.46443503585237	1.39372121816986	1.99117980409544	2.13123287254134	1.18797953357736	1.28689778076165	1.92055928907959	1.99445832817323	1.78095124193892	1.59119543003663	1.85915082146686	1.9722342173372	1.7120553905116	1.53643765824444
"STAP1"	0	0	0	0	0	0	0	0	0	0	0	0	0	0	0	0
"POU2F2"	0.193198397754774	0.301789482673148	0.190846287601169	0.126599195077883	0.30715385032726	0.344258628982375	0.157605457414348	0.184837453620008	0.730165530020359	0.673139294278508	0.403782367256393	0.410359883754042	0.777097365647258	0.810678095248061	0.533628515393344	0.529644234285014
"KCNA3"	0	0	0	0	0	0	0	0	0	0	0	0	0	0	0.0363767587116483	0
"SLAMF1"	0	0	0	0	0	0	0	0	0	0	0	0	0	0	0	0
"P2RY8"	0	0	0	0	0	0	0	0	0	0	0	0	0	0	0	0
"CD180"	0	0	0	0	0	0	0	0	0	0	0	0	0	0	0	0
"SLAMF7"	0	1.93122500291972	0	0	0	0	0	0	0	0	0	0	0	0	0	0
"RP11.812E19.9"	0	0	0	0	0	0	0	0	0	0	0	0	0	0	0	0
"JCHAIN"	0.284278851708586	0.208961782931998	0.390778774314949	0.555357388233644	0.145117750873065	0.244502634368149	0.460281800434529	0.560166577651696	0.517282408837568	0.175451526760068	0.538755109318779	0.717072517176459	0.57559042388444	0.274581853324367	0.583873550291238	0.764259072765495
"DERL3"	0.123217565966925	0.296154205363375	0.153639708355906	0	0.0745667093015526	0.216621039058511	0.0390996280494194	0.045463187571023	0.156575940251668	0.171264084501052	0.229085014288769	0.116521790434445	0.0910771360847453	0.200908076377729	0.110452520683639	0.273679839284107
"SIT1"	0	0.00702106560919688	0.00741846965692936	0	0	0	0.00635009964069104	0	0	0	0.0122145123506128	0	0	0	0	0
"BFSP2"	0	0	0	0	0	0	0	0	0	0	0	0	0	0	0	0
"P2RY10"	0	0	0	0	0	0	0	0	0	0	0	0	0	0	0	0
"P2RX1"	0	0.0661187947460986	0.0236375276313569	0.0216747240975889	0	0	0	0	0	0	0.0195199124293811	0	0.0192199757246367	0	0	0
"KCNN3"	0.0546687025562784	0	0.0174496687564118	0.0159978438942967	0.215163920132667	0.152691901325856	0	0	0.0248581514092033	0	0	0.0516311181871525	0	0.0494225405741082	0	0
"AMPD1"	0	0.0556743661995229	0	0	0	0	0	0	0	0	0	0	0	0	0	0
"IL21"	0	0	0	0	0	0	0.04339422446142	0	0	0	0	0	0	0	0	0
"ADORA2A"	0.023375299162546	0.055143682267119	0	0	0.0717886052717953	0.0665627035460052	0	0	0.0723868951306308	0.0231334338387494	0	0.0110737620396997	0	0.0522072155418078	0	0.0255372221247073
"PTPN7"	0	0.00790564363435253	0	0.00383307325058165	0	0.0114827385538255	0.00357960613355137	0	0	0	0	0	0	0	0	0.00362896078299568
"ANGPTL6"	0.232214187992667	0.392228669200284	0.206729692766673	0.125331225590817	0.408465992009026	0.336294837108817	0.092093786802607	0.422423110688191	0.0446532801126132	0.0124124072673488	0.0514411964658632	0.0467727508463577	0.0875195184569306	0.278276800541448	0.101283306187598	0.0272859178663402
"KLRB1"	0	0	0	0	0	0	0	0	0	0	0	0	0	0	0	0
"CCR2"	0	0	0	0	0	0	0.153306592185171	0	0	0	0	0	0	0	0	0
"SH2D1A"	0	0	0.0410904363751998	0	0	0	0	0	0	0	0	0	0	0	0	0
"GPR15"	0	0	0	0	0	0	0	0	0	0	0	0	0	0	0	0
"SEPT6"	0	0	0	0	0	0	0	0	0	0	0	0	0	0	0	0
"PIK3CG"	0	0.0779104556281167	0	0	0	0	0	0	0	0	0	0	0	0	0	0
"DOK3"	1.08525053791284	1.5225490566793	0.907034431963025	1.01724447394201	0.637965164603746	0.898951076898986	1.21001586146466	1.35467847809185	1.20643256702639	1.24108855792355	1.04676485743162	1.16331595801602	0.801844211537085	1.16582533009143	0.943491664715574	1.12412421666861
"SPIC"	0	0.0123610808524903	0	0	0	0	0	0	0	0	0	0	0	0	0	0
"GPR25"	0	0	0	0	0	0	0	0	0	0	0	0	0	0	0	0
"C16orf54"	0	0.0799756950880259	0	0	0	0	0	0	0	0.00680707804721945	0	0	0	0	0	0
"IL10RA"	0	0.047521417197779	0.0253039704876303	0	0.0415701810478469	0	0.0216790892702111	0	0	0	0	0.0377200929390755	0	0	0.0415700365433417	0.0436224674236849
"WNT1"	0	0	0	0	0	0	0	0	0	0	0	0	0	0	0	0
"VPREB1"	0	0	0	0	0	0	0	0	0	0	0	0	0	0	0	0
"VNN2"	0.133902241639332	0.18310697798574	0.494249376241262	0.201334804335431	0.116872161355971	0.153751207885323	0.143895721390065	0	0.196468226080458	0.0897179421900931	0.265626578206017	0.384994237935516	0.566563475145786	0.251149345272914	0.363894866863363	0.27818120451442
"GCSAM"	0.514268103995714	0.205683084304119	0.313700536616914	0.347133610612032	0.628733376418846	0.506829537277354	0.339783255471887	0.0570912405763788	0.377095723665895	0.477177089790897	0.474524094707057	0.359331714594468	0.630186489197605	0.409792067871146	0.475236831489911	0.159703653197799
"MC4R"	0	0.0308895223416517	0	0	0	0	0	0	0	0	0	0	0	0	0	0
"GPR183"	0	0	0	0	0	0	0.0131035970890641	0	0.0109441036032329	0.0239574970240026	0.0375637222883915	0.00574636931457384	0	0	0	0
"WAS"	0.0262642208673055	0.253046198373584	0.0573047996182526	0.0599565233106329	0.144307516428845	0.0819100588752349	0.0967253056707549	0.135041241297457	0.0469377423841586	0.0259927321212836	0.0340282351146989	0	0.0335079428429476	0.0295913016891577	0.0340875227424958	0.0706844649559622
"CEACAM21"	0	0	0	0	0	0	0	0.0318505925595027	0	0	0	0	0	0	0	0
"GHRL"	0.0956912911114128	0.144250903182789	0.111373568797885	0.0481557622493475	0.119950089745029	0.183880386965886	0.0742658606631581	0.0523258937460143	0.0983363950525989	0.0139189566619112	0.0924523795693097	0.121419836064031	0.0910664956783023	0.080607077624471	0.0576908852677998	0.0381231710318134
"TNFRSF4"	0.0183681020392089	0.0362843832260194	0	0.0141626841111004	0	0	0.0197987064053509	0	0.00553515463278827	0	0.00319842889970684	0	0	0	0	0
"S100Z"	0	0	0	0	0	0	0	0	0	0	0	0	0	0	0	0
"SLC2A5"	0.802767154449712	1.09505397470159	0.416426728527177	0.264727496138252	1.94418921293488	2.04514746028946	0.38512323097667	0.491212676172557	0.230646325706872	0.242306017809098	0.144703975933159	0.112418205173934	0.938250288777215	0.900513847904258	0.169488609101841	0.184724318765702
"CA4"	0	0.0126113129874191	0	0	0	0	0	0	0.00635845851298718	0	0.00367460861523918	0	0.00722663032608632	0	0.00735278869408112	0
"PGA4"	0	0	0	0	0	0	0	0	0	0	0	0	0	0	0	0
"ERICH4"	0	0	0	0	0	0.0910437016947892	0	0	0	0	0	0	0	0	0	0
"PGA5"	0	0	0	0	0	0	0.0181646865483413	0.0211459842730431	0.0301930216908936	0	0	0.0159035228449393	0	0	0	0
"PGA3"	0	0	0	0	0	0	0	0	0	0	0	0	0	0	0	0
"SOSTDC1"	0.0258587050512904	0	0	0	0	0	0	0	0	0	0	0	0	0.0689599657128793	0	0
"CYP2U1"	1.99481335528934	1.49300850386175	1.66789608211097	2.10586251939345	1.88681849005233	1.84964153077601	2.23074433075902	1.14988475124796	2.15412968419661	2.14483798724274	2.25993621483612	2.27771862415056	2.18230807791784	2.13657078058821	2.25433343782968	2.065123317048
"MEF2C"	1.95286979588713	1.45214971992546	1.89989244235922	2.57317451159341	1.61597836936629	1.77920295470305	2.51774777045665	2.21373487572522	1.81244349643137	1.72734683773952	2.02115188265227	2.00662380826188	1.71876960457827	1.86745564871788	1.92523795185057	1.82922849225554
"ITGA8"	9.62763835440468	8.74263590760833	8.4733748102302	9.42939120262627	9.50764760932658	9.55072649979265	9.48761988672372	8.65539015719554	11.4604415684127	11.4288077537236	11.1868157232159	11.2278423359564	11.2427554757975	11.1958230749879	11.1017834452914	10.7373891224341
"ALDH1A1"	14.5440997028201	14.3326502942197	15.3120082390274	15.5069438388188	14.6628427526782	14.7209129761986	15.4324227952367	15.0031295990103	13.6726447975912	13.7184157242214	14.4957098746563	14.5000127860373	13.6604614647507	13.640843143168	14.4914038296121	14.6775096446984
"GLRA4"	0	0	0	0	1.73724017743184	0	0.682027218661887	0	0.589197387853518	0	0	0	0	0	0	0
"CEP112"	1.51832252365643	0.918891806034384	0.920389976572761	1.3799030142341	1.4806675312576	1.63499220867865	1.2204175693632	0.782856552263852	1.65572658357835	1.59528289749394	1.4208644802998	1.48074574918352	1.28368278664877	1.45140362428276	1.28369902376121	1.42526070201314
"NFE2L2"	7.90358689287733	7.22966014356024	7.5156891094808	8.04428501105852	7.5168184340083	7.57194796993824	8.07130953461128	6.87634654011061	8.19834307257701	8.17232544421071	8.26222766088678	8.27323568764998	7.97970309578031	8.00324167033178	8.26801747281637	8.32546635887035
"ENPP6"	0.369959954440265	0.539253324677005	0.452505608947602	0.49068371928629	0.712914955854745	0.420082478766394	0.268921180100905	0.667007671604039	0.39584108126047	0.0811399892418904	0.0431768680932513	0.150966453679949	0.30950531516226	0.337748164226683	0.278623292919952	0.17355866472303
"CPM"	1.88768263740908	1.83581899441948	1.2627153246139	1.26286031375848	1.9887347811748	1.95071761856879	1.27297545937567	1.64287967641741	0.922345370542582	0.985199279726256	0.798317319642418	0.899038239238025	1.10641735606937	1.01063809169484	0.880664297344433	0.94076797484785
"EEF1E1.BLOC1S5"	0	0	0	0	0	0	0	0	0	0	0	0	0	0	0	0
"PLA2G7"	0	0	0.00862101605216428	0	0	0	0.00737990402749545	0	0.0122971346565292	0	0	0	0	0	0.00712530186733015	0
"PLEK"	0.0395796302877946	0.776703485940055	0	0.254272029402714	0.158121087690448	0.17459295462175	0.34478275065714	0.0495676944132282	0.0704812368483695	0.150685438206147	0.0810864609651649	0.351097766162954	0.0404857328028985	0.0706619327512495	0.0411842930553177	0.16560773032689
"CLEC4A"	0	0	0	0	0	0	0.0828130344475766	0	0.0351364443513031	0	0	0	0	0	0	0
"CASP5"	0.0602148775284081	0	0	0	0.0829277194561389	0	0.106489976280469	0	0.0364304849017002	0.0789312942247905	0.0419865262940301	0.0192085986424592	0.101225418600506	0.0896350727514507	0.102935322887817	0
"LILRB1"	0	0	0	0	0	0	0	0	0	0	0	0	0	0	0	0
"ADAMDEC1"	1.69086326499544	0.99470761647298	1.49942748936883	2.07889101937267	2.03662761068688	2.16257213516923	2.07518943849319	1.62854549563922	0.254980927193098	0.145713094276216	0.039706010773988	0.566847346010399	0.631760106532763	0.368200366119441	0.560920446367989	0.612006896795988
"HLA.DPA1"	0	0	0	0	0	0	0	0	0	0	0	0	0	0	0	0
"IL2RA"	0	0	0	0.012964767996493	0	0	0.047841716924454	0	0	0	0	0	0	0	0	0
"SNX20"	0	0	0	0	0	0	0	0	0	0	0	0	0	0	0	0
"CXCR6"	0.092664876737947	0	0.0298442431236443	0.119275626159334	0.0846536013255567	0.106624669126215	0.147059853930389	0.0297596875654651	0.153089376912378	0.259348901449762	0.153202171118089	0.304156538237114	0.117492504132555	0.0529918065805374	0.17568303572286	0.284021195827352
"HCK"	0.00873035929265937	0.0663359970211828	0	0	0	0.0100900919087637	0	0.0109631095188764	0	0	0	0	0	0	0	0
"HLA.DQB1"	0	0	0	0	0	0	0	0	0	0	0	0	0	0	0	0
"SRGN"	1.3005786715885	1.55196145484006	1.5892206066489	1.69291891805621	2.04562819220493	1.79806588698143	1.72712942552617	1.30900694304768	2.70112587326066	2.48610088887317	2.77371721723571	2.85538017731834	3.09869738127467	3.11883176846699	2.85396241139375	2.59849671242909
"PIK3R5"	0	0.0902803769805996	0.0484047438808289	0	0	0	0	0	0	0	0	0	0	0	0	0
"CD74"	1.28669253715184	2.47207879493902	2.30841257006683	1.59742553843589	1.86017058385503	2.08821451667962	1.74170270508371	3.06297059969725	0.920241540539546	1.1050435454569	1.21281091748708	1.30753526824126	1.58022001384453	1.38817890393184	1.55367920481148	1.55525362053704
"TDRD6"	1.18709476809008	0.735687076924325	1.096025529214	1.59722799192433	1.4949021741216	1.21646801138662	1.93560335662764	0.990468350385616	0.268739858390817	0.367915717849365	0.805253909826443	0.856040289989997	0.671944289352326	0.575364769860903	0.768017374942405	0.590223323838632
"FGD2"	0	0	0	0	0	0	0	0	0	0	0.0109453807846938	0	0	0	0	0
"BIN2"	0	0.0314570748046015	0	0	0	0	0	0	0	0	0	0	0	0	0	0
"RGS1"	0.007837415241223	0.00934239026211687	0	0.0180386278490574	0	0	0.0168512659444176	0	0.0210645611585025	0.0307764765052487	0.0242968338812223	0.0147527636765233	0.0239241031401561	0.0141139595008595	0	0.00856654706564493
"CTD.2370N5.3"	0	0	0	0	0	0	0	0	0	0	0	0	0	0	0	0
"LAIR2"	0	0	0	0	0	0	0	0	0	0	0	0	0	0	0	0
"MYO7A"	0	0.0697474075516125	0.0914354231606693	0.0341907398221508	0	0.034231961133226	0.0319519024847336	0.0371670740066973	0	0.0293459674478832	0	0	0	0.0134543209582342	0	0
"CLC"	0	0	0	0	0	0	0	0	0	0	0	0	0	0	0	0
"TMEM86A"	1.16725884843813	1.66631993748957	1.88521714912708	1.34756631202247	1.33086875955917	1.51095472210089	1.36167162880779	2.43745656834246	0.941583859148735	1.18382532448897	1.36793899722021	1.14567336899037	1.37674388060732	1.56199307898425	1.46534675280744	1.61572124855848
"CLLU1OS"	0	0	0	0	0	0	0	0	0	0	0	0	0	0	0	0
"RPL19"	12.4128689592504	13.9986363388354	13.7552639179044	12.3939897419657	12.5624601299136	12.7740870784304	12.4554973798319	14.5775658545382	12.2719332375722	12.3403541383668	12.4343699833981	12.4187242655387	12.3348284391747	12.4056038756093	12.3463035635749	12.915000931999
"CD48"	0	0	0	0	0	0	0	0	0	0	0	0	0	0	0	0
"LUM"	7.10396858806589	6.26947750874057	7.19216563717476	7.845974515054	7.92392743608395	7.93641006708212	8.01055834136807	6.21503039336362	5.62736392535433	5.54244172823509	6.17477657472017	6.16007774554322	6.253310529792	6.27488531067063	6.06235237719177	6.15228203318213
"WISP1"	0	0	0	0	0	0	0	0	0	0	0	0	0	0	0	0
"EMILIN1"	7.66928774630651	8.60273693041261	8.76717034958451	7.97044201963096	7.5133148642822	7.55155756536333	7.88753634412914	9.16003771402046	7.38741184760389	7.44296361192699	7.55446440828835	7.57780149884024	7.79556967106477	7.73293318358362	7.74635855982449	7.8630826025253
"PDGFRA"	7.64306055577881	6.64837515215521	6.32623374565337	6.99707971448672	7.41586435402205	7.36908873893662	7.17832874209322	5.63474050281438	7.23098219933451	7.22957835425101	6.44981146741328	6.47985261781066	7.12326153016529	7.13547854743995	6.42550742407686	6.13705140840527
"BHLHE22"	0	0	0	0	0	0	0	0	0	0	0	0	0	0	0	0
"TPSAB1"	0	0	0	0	0	0	0	0	0	0	0	0	0	0	0	0
"FMO1"	0	0	0	0.00712862061616756	0.0318574314973048	0	0	0	0	0.00611036184035975	0.00321191885530907	0	0	0.00278921874602016	0	0
"CAPZA2"	6.67821941904668	5.69792138994539	6.1792805748595	6.68964849573253	6.27020915164493	6.35965790125787	6.78787653724923	5.18482770950193	6.71184976941655	6.64297328271685	6.82424232994839	6.71260007550393	6.54305701424422	6.5853346475088	6.69754704355958	6.43703415788396
"WNT5B"	6.44962973673836	7.52019816765195	6.60199728678248	5.86432274852704	5.88114811737186	5.84495514041011	5.87850666133512	6.83114262950832	7.78359173397732	7.82268909969684	7.49771256556087	7.44353114563049	7.72355587473576	7.62385261126287	7.49307511538699	7.78583706422027
"METTL1"	0.889589819990908	1.5017471660376	0.997101609874794	0.76547873908663	0.56504047601854	0.609368178378796	0.636239055408819	1.18942695887667	0.902273744429976	0.991181239138094	0.85516103202008	0.891319711386415	0.640932882009529	0.619347110701379	0.846404667061752	0.957508463737882
"OS9"	6.67847223983962	7.51829408986801	7.69412122400471	6.96885563864807	6.64440952364315	6.73023227103184	6.9316481923462	8.01814678800886	6.5296135720743	6.59127210872631	6.77275205021042	6.72208881681631	6.89383710206728	6.80466916004168	6.89902778537224	7.09161485251747
"MCCC1"	1.79192406367823	1.73821572902096	1.95947660899109	1.9068699570997	1.5574637366921	1.64408669346414	1.82886267729312	1.72298300003173	1.93484557159307	2.02224294259163	1.88739970958285	1.81735210303545	1.53557129122377	1.74573378397802	1.842460243287	2.02463849569958
"TSPAN31"	3.17423781267471	3.32505380284173	3.34047101042637	3.38558487463137	3.29845561484457	3.25784761336506	3.27748656152431	3.5022497076233	3.02571048402611	2.96465127646277	3.22378383216952	3.27469166206782	3.42491309847358	3.42141979137284	3.39428028827928	3.2302702573164
"ADM2"	3.22080999914558	4.0733304208282	4.00623863345832	3.14352833310952	1.95218806416025	1.89189470352516	3.25405186179091	4.54015742651347	2.86434816763426	2.6989787358146	2.66305091053447	2.60837107944991	2.14276147948478	2.18209776199979	2.86088710265057	2.92677510369258
"SEC22B"	2.23189106149477	1.57305758756788	2.04541342045297	2.46781165314382	2.72614997301467	2.6943215616549	2.46535665689218	1.61997401758057	2.66158900314529	2.6710230998452	2.76161900659742	2.69961366514924	2.69473879240741	2.68973903545658	2.67640023066732	2.41653106385651
"TMCO3"	10.8633840989944	9.93697950292882	10.3150654808836	11.0747322057539	10.7426224941694	10.8307043088941	10.9969838692804	9.35609256883524	10.9965837758065	10.9507353564303	11.0524936905292	11.0984246657658	11.0916802920302	11.0938300330378	11.0827335628595	10.7262239351065
"ING1"	2.01279686036568	1.75460454112351	1.62940885938853	1.87742991123721	2.5007718836625	2.58000700248866	1.93623358991321	1.30611381222451	2.09712694793147	2.00979951281453	1.87988389158642	1.79994719364091	2.0428405572737	1.9948116868075	1.81700149942008	2.0202233356582
"BRMS1L"	3.3354325569547	2.25354164938418	2.93306071961506	3.43960528265496	2.28633759538942	2.43196008739835	3.39265614950697	2.29466641374027	3.17729647428139	3.19138311409691	3.34828627551869	3.07318830116573	2.9205694274208	3.04946733836068	3.18225470848582	2.82103061496676
"MARCH9"	0	0	0	0	0	0	0	0	0	0	0	0	0	0	0	0
"RAB3IP"	3.86931648621251	2.46761766928686	2.06773861740461	4.06376413289964	2.72329557670639	2.10261815888959	3.65638739278573	3.343629904304	3.84730110626812	4.08566814166072	4.23027255292934	4.73815206368138	4.02026246352851	3.76246778358259	4.39969529505922	3.89202652998197
"C19orf12"	3.44298707824516	3.48329321578518	3.48371841528785	3.29919689346714	3.21760537523757	2.98143716496604	3.34810885292538	3.36091125692719	3.45404575087971	3.3824224907335	3.49253498746494	3.51686141255171	3.68124965522239	3.48649640887286	3.54840957691078	3.50019474397158
"HDAC9"	0.678256706099796	0.182043590398223	0.120493743130382	0.708719575485573	0.958297766296816	0.85069732647788	0.764066652567779	0.114081858444769	0.419230178606171	0.42435043785007	0.562032183682154	0.582670026733171	0.342541142480332	0.377078700200871	0.573906446115396	0.389795898204252
"HIST1H3A"	0	0	0	0	0	0	0	0	0	0	0	0	0	0	0	0
"CTD.2192J16.24"	0	0	0	0	0	0	0	0	0	0	0	0	0	0	0	0
"KATNBL1"	4.5442076308103	3.71102067071061	3.65108790528013	4.28609968211064	5.02202851353916	5.02850966357278	4.44601677185888	2.94997493530902	4.59025750873969	4.41464343948524	4.58341996505058	4.49148719069008	4.44106451813238	4.57022328060444	4.32575659586182	4.33985939125962
"GUSB"	5.41472656339553	6.02081581572932	6.15591586731666	5.57735869598413	5.72841621169481	5.76671487018404	5.58904285318313	6.39158468716455	5.13059049219616	5.0159091538931	5.12140912031444	5.16004653997194	5.27694111693421	5.31615528372119	5.24457193322453	5.55952478890735
"CSTL1"	0	0	0	0	0	0	0	0	0	0	0	0	0	0	0	0
"TAC4"	0.00610337451752644	0.00727621039658032	0	0	0.0126798219236343	0.0210622177900719	0.0032942109734305	0.0341809931722031	0.0218528538938412	0.0120545155893271	0.0126575602637285	0.00575883543837382	0.00624476367724639	0.0164634866551073	0.0158323851494501	0
"SCGB2B2"	0.0522005039615221	0.082145390295612	0.148417343087382	0.0796148573854718	0.221851187158402	0.191578799616446	0.0562153541231885	0.0653021378835717	0.136827010570935	0.117795300181067	0.0892561210870773	0.14311035342634	0.0358121140904068	0.16595869097236	0.157148844002389	0.19875179718401
"NPPA"	0.0656421195677794	0.0487503580932359	0.0279414910220435	0.0364685616005479	0	0	0.057469757799108	0.0199563803796136	0.0592120248385268	0.0250977180515374	0.0132338140288845	0.0209667946347747	0.0545827813802684	0.0510318851225202	0.0490979927754348	0
"ASMT"	0	0.145755862972228	0	0.03665946913471	0	0.0724966007512571	0	0.291653892231475	0.0567402875183791	0	0.0653244006335772	0.224277480342268	0	0.0568864461741896	0.0654369928969375	0.101773077945502
"EYS"	0.0537427567117141	0	0	0.081944351436127	0.0282262260298213	0.041603868524704	0.0578738629828859	0	0.0798833521945184	0.0531924150377082	0.0739490260433262	0.0424194701129763	0.0459500148776966	0.0405994052320113	0.109735012993618	0.068205183479667
"NSMCE4A"	1.70047067854702	1.84955057138304	1.86855960127726	1.64880806153915	1.2808999007853	1.40644178562414	1.71081545040771	1.47700884843382	1.70067897674556	1.61611891910251	1.66019788594996	1.63737056418465	1.46234690415249	1.58510350129381	1.50730701216327	1.76000630679684
"INSL5"	0	0	0	0	0	0	0	0	0.00309770542772582	0	0.00357645758073541	0	0.00703383363269986	0	0	0.0037621002282698
"FRG2B"	0	0	0	0	0	0	0	0	0	0	0	0	0	0	0	0
"A4GNT"	0.0249949827959926	0	0.00634130483475213	0.0231081929340365	0	0	0.0269369244596139	0	0.0358578759853846	0.0296333103932264	0.0182267695822891	0.0259308649440404	0.0356726506667648	0.0492048467821039	0.0362892042778603	0.021885422215812
"OR4A47"	0	0	0	0	0	0	0	0	0	0	0	0	0	0	0	0
"RPS4Y2"	0	0	0	0	0	0	0	0	0	0	0	0	0	0	0	0
"ADPRHL1"	0.0684913560209321	0.079436613932013	0.138380095863593	0.0842829105685227	0.0844193434252146	0.104280204839865	0.0651454412901616	0.120733193017472	0.0775427142636494	0.103611416618602	0.0793547318535215	0.0959975928372545	0.0781599058706076	0.0763123318005169	0.0811354543579298	0.124141844261972
