"Pt38.baseline"	"Pt20.baseline"	"Pt23.baseline"	"Pt25.baseline"	"Pt2.baseline"	"Pt4.baseline"	"Pt14.baseline"	"Pt15.baseline"	"Pt6.baseline"
"CD79A"	8.00712847642123	5.52705938200681	0.31233827854667	2.28032493413982	0.459901540004741	1.16089952060568	0.063930753334269	2.25969995966339	0.0190335380203666
"FCRL5"	1.89240900221333	0.737836036554248	0	0.024268941106323	0.00419411887884105	0.0267092007930043	0.000415444294115762	0.159024328053655	0.00106118359234908
"POU2AF1"	4.00588037099906	1.88343185248477	0.0294406759435644	0.228635512694025	0.0143835718163981	0.156303019224719	0.00675120789103877	0.388001165471112	0.00681666598537313
"TNFRSF13B"	0.75468507683105	0.107922052824028	0.00233406794063944	0.0167423251189967	0.00138481120366592	0.00155152377188678	0	0.0195581189960158	0.000263200075693792
"TNFRSF17"	1.88560863116744	3.08366735802671	0	0.36093568942363	0.0378751098756947	0.128516642416881	0.0125384728755345	0.383260333805503	0.00647804599448571
"CD79B"	5.33464536692674	2.40047223870018	1.14406250629034	2.56126717916441	0.273115971500503	0.594252007876236	0.115825965147976	1.08783224850463	0.0651407181122673
"CD27"	1.82314312931079	1.55339659018534	0.261959382983943	0.978337345559319	0.233662984254506	0.173375094549399	0.0934141177755084	0.301310489034169	0.0359942987980615
"IRF4"	1.34296554253216	2.25034703063587	0.792425717854046	1.60199720636023	1.53315207057984	0.0782889161742362	0.0409391592361909	0.536705227478374	2.09735292069302
"FCRL2"	1.58318176633737	0.476430962471911	0.0335356654781377	0.0107651379169646	0.00491772406974759	0.0112589169350071	0.000885592393023244	0.19709149332888	0
"IGLL5"	5.24495776907376	9.1411388366223	0.110171786407386	3.69161364230506	0.340430475389196	1.14469220806043	0.0924081332353032	3.12761177345836	0.0263382177089563
"LAX1"	0.56475222661692	0.56502381685932	0.0363566911416043	0.0402661152517887	0.0540171695677928	0.0547800758334287	0.0238463683455883	0.067984221335068	0.00763715573079296
"LY9"	2.45493931258218	1.5511219489109	0.340083995106278	0.539386761578084	0.270624741769781	0.255986972331024	0.0866506791989494	0.35096698659114	0.0280298083040474
"FCRL4"	0.756011315448911	0.0313597397682191	0	0	0	0.00615298509897195	0.000841386373875681	0.0424961619921476	0
"MZB1"	3.45117428208314	4.96846566162442	0.0444030954266087	2.0438200098045	0.122752506315555	0.437612536685877	0.061521762615997	1.56075150343593	0.0136061955072454
"RP11.330H6.5"	0	0	0	0	0	0	0	0	0
"CPNE5"	1.72528153842617	0.986958886547777	0.40775319591558	0.0887802923984682	0.422097075856193	0.0432416030182621	0.0672601964048651	0.243520299601896	0.0625335741373069
"PIM2"	2.04769661189238	1.42200021427552	0.394245196556869	0.61110782769871	0.25760258149681	0.415254388770603	0.44665327867957	0.696056087366156	0.351213024244201
"STAP1"	1.633177062728	0.150250853461835	0.0465270539645557	0.0333689482468961	0.0105982674165272	0.0162193163137559	0.0291263242409328	0.0287732840129231	0.00183844450776145
"POU2F2"	4.25186778840212	1.32431293834214	0.735150435444121	0.529831005498472	0.501527217797328	0.538483505065957	2.13044052068788	0.40642402678366	0.567134312598148
"KCNA3"	1.57981877080835	1.81798009239919	0.312794652643301	0.209915733953504	0.413585815582186	0.341323419331427	0.19307497805631	0.319258431663042	0.0983816833243243
"SLAMF1"	1.88572404032508	1.20734824284496	0.255912651216323	0.171023984830545	3.67228851196328	0.122236698399437	0.0961901102760774	0.179501209311741	0.0328909720316478
"P2RY8"	0	0	0	0	0	0	0	0	0
"CD180"	2.11122209007822	0.749463345980489	0.530543030656873	0.365651513666445	0.500214325507778	0.475684176343309	0.295562135948916	0.251077878155142	0.325597470862515
"SLAMF7"	1.27517617344233	2.80945308748779	1.06210534601382	0.81365599354149	0.925037931011545	0.505646285766746	0.694325491881543	2.12996370739595	2.79795521917583
"RP11.812E19.9"	0	0	0	0	0	0	0	0	0
"JCHAIN"	0	0	0	0	0	0	0	0	0
"DERL3"	2.44537709933824	4.47034642060643	1.69683817520147	1.82000481245863	0.457854597947412	0.378212053129493	0.166135088474679	1.81815143328298	0.376476586411319
"SIT1"	4.80811467419435	4.24422701535603	1.55726857024189	2.41784414673176	1.26753294428359	0.916121947862013	0.633270335263502	1.59958422045051	0.16116514775919
"BFSP2"	0.276583363727229	0.125396101557154	0.0342422356009654	0.0211574289422617	0.00181728905925318	0.00411780492765648	0.000887506686503567	0.0264912864600423	0.00085594345294131
"P2RY10"	1.94399728124288	0.887388254372278	0.143012439754428	0.127911215256272	0.16610693760732	0.193486169755535	0.0878019210595714	0.161527157720751	0.0583884707680758
"P2RX1"	3.63703454249985	3.75486490567196	1.30953280347743	0.574951178592896	0.817148121437971	1.09481154975326	0.573248342291322	1.29339041611892	0.339675300876873
"KCNN3"	0.19038498043297	0.259534168951975	0.236887026064629	0.219695745292772	0.0407186668143455	0.335541072494168	0.0609665822189317	0.0642387763373779	0.169431033653254
"AMPD1"	0.0135787444948106	0.0991490063768099	0	0.0146502471607402	0	0.0132920562715083	0	0.0523704501662184	0
"ADORA2A"	2.656826865177	2.48299166300289	0.969309313027909	1.14165374706965	0.775877597970709	0.60298503807163	0.588669110197811	0.725749969524198	0.0768725812468073
"PTPN7"	1.31918338273046	1.16118946213256	0.229851617004021	0.318810741413328	0.139440531099269	0.128015830630714	0.132366478494703	0.19372461388233	0.0567388235844537
"ANGPTL6"	1.42023861439199	1.35509374865076	1.39360861731723	2.08789566275546	1.80027366923167	0.280965515622249	1.0036126318693	1.63857324127607	0.34053744720664
"KLRB1"	1.52579252520171	1.55391337857657	0.24968270790076	0.741922299271462	0.76746186340544	0.647461089254285	0.224364550875328	0.381017801952464	0.161622700522189
"CCR2"	0.417583903717953	1.48819579363631	0.246116846067934	0.166647648969529	0.428800404803629	0.516758654050927	0.145354394743084	0.21431110009118	0.140922427407302
"SH2D1A"	0.893512329100056	0.927711111480787	0.0809846155583858	0.160611721433556	0.159583604206614	0.0868268681915305	0.0580615439774599	0.113706458655752	0.0116075675479009
"GPR15"	0.0436412952086248	0.010882063210856	0.00165298689261114	0.00243022075744121	0.00616942391805251	0.00412762629048517	0	0.0019263023848598	0.00167556687061798
"SEPT6"	0	0	0	0	0	0	0	0	0
"PIK3CG"	1.68748446240493	1.03094516888185	0.485891181330834	0.213012444251404	0.405835003802104	0.26518550671587	0.371521292352151	0.291468030228936	0.409508452815542
"DOK3"	3.23531418849187	2.00370044959335	1.90570171658485	1.30261180172424	0.778382753500386	1.2001670690742	0.990368618937195	1.06070201136157	0.749314884599056
"GPR25"	0.268382722856769	0.00953308127557069	0.0135821710382943	0	0.0220553666794911	0.00289328849379484	0	0.0239001346382031	0
"C16orf54"	5.18287286942539	4.53802212617601	2.78208391025936	2.89511944032216	1.96528502835468	2.14292502438631	1.38969886796766	2.16067725973786	1.38977330308352
"IL10RA"	3.07934715540488	3.20455047163372	2.16751322195741	1.91115589291241	1.72373729505573	1.30776390473636	1.53442016823817	2.11245428477596	1.24480643232926
"WNT1"	0.0183526487045946	0.0722062531337001	0.00616564825145408	0.0130856398766744	0.00349801374634227	0.00183359381415725	0	0.0215910431473714	0.107847076171873
"VNN2"	1.47697875422825	0.498238708194607	0.626054566025028	0.154144804607754	0.722213648305658	0.712053299128468	0.190074428061506	0.193182036811814	0.660025944424329
"GCSAM"	0.864220060125498	0.141567287036064	0.0277939648152264	0.0428737660947332	0.0413437645485275	0.0559728914381915	0.0333827294058631	0.0295559118282891	0.0150488738379998
"MC4R"	0.00542139763596036	0.0135643146922078	0.00407652770541065	0.0021023691159741	0	0	0.00175348478094056	0.0173576358256509	0.0139313637735752
"GPR183"	2.99368412339628	0.813461547708449	0.683213639535558	0.490723735897969	1.09446241697953	0.46514591401681	0.309081914360765	0.480085325160373	0.603138246090522
"WAS"	3.47146968012255	2.23012594074955	1.58822779562779	2.14190943564174	0.922246366414025	0.843530217504272	0.777915429119592	1.10087927336647	0.801504986400619
"CEACAM21"	0.614683575710898	0.63569006771833	0.15803218477953	0.239930607671685	0.132238240915819	0.124439833905483	0.123171027334912	0.156555335504812	0.133480085001381
"GHRL"	0.140028720231901	0.0427130509544263	0.00778999815290086	0.0377211774665205	0.0253141124522046	0.0107623180836131	0.0083137377450913	0.0107780131476615	0.00516024111803835
"TNFRSF4"	1.17192714045255	1.04471132489277	0.870126666384973	0.858991037195234	0.155990368159899	0.214867531468931	0.321519585028267	0.468421664194527	0.26762127792608
"SLC2A5"	1.00543152974207	0.981064869389161	0.614487793090342	0.199561539794392	0.186098501643669	0.163281056552561	0.11542252036292	0.468943378169619	0.193095263971589
"PLA2G7"	1.4267605531765	0.994230422625696	1.57421404720347	0.374625819671758	0.383445522409362	0.911493845372263	0.588153408733909	0.486652422008956	0.632783690008199
"PLEK"	2.29659158025023	1.7512579635728	0.949777822461776	0.849172092859011	0.946779725777626	0.721844480116675	0.827073795777393	0.651137902826055	0.500319081678529
"CLEC4A"	0.63078662973988	0.766834646592754	0.603352220935846	0.169601643409264	0.622374199343022	0.300928445760083	0.510946997308084	0.500986959244085	0.302611465950048
"CASP5"	0.371452363846285	0.966842972549074	0.52178863471871	0.479650927960428	0.133630694108459	0.226068098020565	0.707612124591668	0.254393807281687	0.49973963417551
"LILRB1"	2.48979589518213	1.62674508443468	1.11523023663153	0.866594020775729	1.07857465158775	0.675046208041852	1.12466790974573	0.89384724365944	0.782781062443031
"ADAMDEC1"	1.89119306411449	2.05549746856141	0.328418768004315	0.34263721756821	0.382246227392794	0.3585333690719	0.588846928257482	0.751614992876053	0.0660021400846565
"HLA.DPA1"	0	0	0	0	0	0	0	0	0
"IL2RA"	0.829078142813865	0.274778838559955	0.199542983752645	0.244339114152986	0.166712027220507	0.242813402906364	0.629233744675817	0.364230556756988	0.162442780831264
"SNX20"	1.71143552235429	1.05472536588311	0.467642563038283	0.216435045129873	0.537668555476976	0.308174659630397	0.320952032208992	0.266994354839589	0.16791762318274
"CXCR6"	0.582510822985051	1.76023844825179	0.517174327358921	0.627427479045209	0.322134096365173	0.188636201131058	0.227228692743967	0.303007102253517	0.0194693229895417
"HCK"	1.09497992625006	1.25874436761911	1.19650522215454	0.949848620495254	0.665548749453579	0.572464305492768	0.764804740402392	0.756762004943531	0.544889362618003
"HLA.DQB1"	0	0	0	0	0	0	0	0	0
"SRGN"	3.94635781731144	3.93214890093251	3.21555669140666	2.27092827918092	3.493908333777	2.5963275917207	3.81483075792941	2.73996022996708	3.32410881831268
"PIK3R5"	0.79400726993594	0.901140555359788	1.04513165424511	0.457934349444655	0.393459472906527	0.302979737010258	0.34399283577946	0.396327987602722	0.53120868813716
"CD74"	9.72411035619656	9.08158858760651	7.61072127633117	8.13434142503673	7.96296808346985	5.89361129143569	6.19624494474069	6.90057670140259	6.78419354367874
"TDRD6"	0.00531537179557449	0.0283159170086256	0.0333936337561634	0.00793201645578832	0.0131536420384823	0.0125665768759663	0.0139539602089699	0.0262494009901467	0.0136290957539371
"FGD2"	1.69615876962287	0.88628656520111	0.712935098218592	0.427305971883101	0.381834097697881	0.275533330631691	0.36219769278474	0.478710854980488	0.254930551860338
"BIN2"	1.99090932736046	1.68647808504444	0.972988489989582	0.680853263280695	0.719623078725087	0.607421528837382	0.506899733187572	0.689090206683941	0.553335419191767
"RGS1"	2.43617186667333	0.795846108055033	1.94194832611316	0.456240371414189	1.56296993048703	0.258191121912562	0.506676781401392	0.718411547834287	2.21959920843393
"LAIR2"	0.208091867887255	0.213534152447139	0.138399851291205	0.0524612451597614	0.0643370251702359	0.0405412323738428	0.116384030209124	0.0787518198660176	0.0764274624739734
"MYO7A"	0.89006787789479	1.56258183713284	1.05103902715079	0.69303404630319	0.784139182569824	0.438294170898123	0.558049088497222	0.58188603060623	0.327519615739081
"CLC"	0	0	0.732595391287489	0	1.28371777003617	0.463094189293864	0.00857332633858496	0	0.569892066636759
"TMEM86A"	0.292695491635582	0.690618738251427	0.575559214529122	0.570758450216702	0.415796605982816	0.618087701588257	0.400716851208489	1.20447575526648	1.72159116718854
"CLLU1OS"	0	0	0	0	0	0	0	0	0
"DLL3"	0.0756699757347585	1.26171683236211	2.37737938744662	3.41064988277416	0.215802203697916	1.47617544199051	0.0414248787520732	1.12938354279388	0.154588895192791
"KCNH7"	0	0.00161917667018137	0.000893504318537707	0.000778996684114387	0.0160581704013063	0.0017412192345924	0.000306886767120582	0.000562166884207373	0.000494522042194814
"ASCL1"	2.54109325916313	0.0689493042804024	0.0885628767061104	2.4888898014928	0	0.561777229846308	0	0.197590260053034	0
"SCN3A"	1.93581731233169	0.417603909403853	0.0713437098507556	0.0485565720241136	0.0674418562230942	0.195334628449068	0.194429645084207	0.129554039987138	0.010399072688222
"NOL4"	0.0247733484180713	0	0	0.000610818914233004	0.0103855803087006	0	0	0.000449027146019561	0
"ASXL3"	0.133761044395733	0	0.0132879206608672	0.0207856428863935	0.469694488741723	0.0319620647461485	0.150021607716781	0.0603557035398518	0.139729849155543
"FEV"	0	0	0.0017551653181975	0.00771608545709693	0	0.00879407154350607	0	0.0021501970566906	0
"SLC18A1"	0.00676380656465219	0.0131500797404012	0.00177552944158246	0.00126005025476321	0.0105712298357875	0.0199721370067412	0.00622793219912595	0.00837521469974925	0
"LMX1A"	0	0.00112485804556508	0.00611834467006974	0	0	0	0.00173023112543079	0.00395091990706025	0.00213072851841465
"INSM2"	0	0.00396353517928968	0.00995811925559773	0.0071903927449749	0.00318187934270974	0.00187609517797779	0.00612824220975266	0.00856848442907428	0.00753093074617811
"SEC14L5"	0.0141521261184632	0.0117980516623229	0.00542399009207712	0.00332843024619205	0.0287397397833825	0.0168443603950415	0.00325006203410205	0.00486125890123663	0.00121796642677575
"NPTX1"	0.0871169930745096	0.00476390437101052	0.00690481204093151	0.0039249088455623	0.0068656393139381	0.0149334769188667	0.0193086991961064	0.00134807913267859	0.0156821031411707
"SLC29A4"	0.0623127814474695	0.0880584096227791	0.397833495681184	0.940294096615983	0.0318241015265959	0.288657839108495	0.0357299728748607	0.0612216016848826	0.0222916090667887
"GALR1"	0	0	0	0.00111245512466204	0	0.000804843070596074	0.000476400279483951	0.00162486412812546	0.000641264825904117
"SYT6"	0.00180021365729431	0.00237659793792026	0.00744923683169049	0	0.010014141590384	0.00512398412920703	0.00335778910205629	0.0525595972346716	0.119547768546245
"PENK"	0.023298716014017	0.00648808666270125	0	0.778131004728278	0	0	0.0121023436012802	0.0764466205916157	0.00518751717205774
"KIF19"	0.0369811152900655	0.112300878555629	0.0358131410536219	0.0129121727347017	0.014506688282156	0.00739911273012871	0.0130942158069049	0.0403462718318391	0.00321700279096297
"SLC25A21"	0.00579378469766175	0.00886323266775568	0.016521565505556	0.00968882084445088	0.0451802627193206	0.0193909537670175	0.124195438129889	0.00825949063912856	0.14042856151796
"TMEM72"	0	0.00100518059522754	0.00389733640140113	0	0.0231824929298701	0	0	0	0
"CNGA3"	0	0	0.00885910217768425	0.00344434623509598	0.00334847151561637	0	0.00131365954731199	0	0.0102439796962056
"KCNA2"	0.0120934023317344	0.00722491959967094	0.000394334113831704	0.00177875698833595	0	0.0136999491420918	0.00045897432011099	0.00329298345154517	0.00103056551444663
"WNT16"	0.0102341944158928	0.00385400943519076	0.000867820895266541	0.00131701014430146	0.000422056813031752	0	0.000988130962110437	0.00170490624342763	0.00362552950426655
"FGF12"	0.0144301146993656	0.00975148027266888	0.0878466582115594	0.00655169791198887	0.00766241347125358	0.0173791265010454	0.0070319569155492	0.00810092520808501	0.365528599699886
"ZNF473"	0.455485431285037	0.584973777703554	0.466109112902186	1.25830785490588	0.712476774005129	1.12007474744645	0.884690448946988	0.977161444007029	0.630320707934572
"SLC6A3"	0	0.00397507213108222	0.00753708810747848	0.0150924841754106	0	0.00253554260541668	0.00220807934420511	0.00152510107650303	0.00205957916092875
"OVOL3"	0.0555234362943613	0	0.0370151239688627	0.0539005764281545	0	0	0	0.0854386481575977	0
"ANKRD34A"	1.4876196227137	2.02940404999317	3.07690902833454	2.24621555843869	2.36608823182497	1.70083697488753	2.68751871668229	2.2309435316373	0.904804252099601
"TMED6"	0.0402806833388974	0.0326733543410988	0.0259084799414899	0.0362062753438038	0.0915380390522381	0.0116937328183853	0.0521091819062142	0.0302438517378938	0.0345658028189446
"FAM19A1"	0	0	0	0	0	0	0	0	0
"CDHR5"	0.00875795770456924	0.00140435945860312	0.000751533101422468	0	0.806310748568753	0.00095025607032402	0.000667950479757161	0.000573068030170269	0.00167791182931188
"C11orf86"	0	0	0	0	0	0.0812878300041216	0	0	0
"MOGAT2"	0.0436295061091003	0	0	0.00635928929123772	0.637051649406026	0	0	0	0
"SLC26A3"	0	0	0.00146609207795107	0	0.00309954550904619	0.00206843391440932	0	0.00329251476372743	0.0026521589310894
"CREB3L3"	0.00448753018697178	0.00144290525643073	0.00191789258496536	0.0135147711767669	1.9017435906872	0.00161072453299856	0.00455287540097629	0.00234560155709517	0
"LRRC19"	0.0406797746173375	0	0	0.00496954937509028	0.0139924575618427	0.00516988233172149	0.00664427664306367	0.000877090476323706	0.0014860436037688
"FABP2"	0	0	0	0	0	0	0	0.000740009069413835	0
"DHRS11"	0.523141434699755	0.581956686119516	2.02992022257417	1.19093720207114	0.959989915122257	1.07422195116378	0.720129260849622	0.893173576714821	0.2951006316487
"CA7"	0	0	0.307341372493131	0	0	0.555142280617656	0	0.367007249274418	0
"UGT2B17"	0.0969981478723845	0.168145746830191	0	0.00301403203302486	0.84460604201937	0.00285246245542297	0	0	0
"TBX10"	0	0.153342099617161	0.0516998938173196	0	0.222433663661951	0	0	0.179565816351861	0
"MEP1B"	0	0.001478104253752	0.000868210926559482	0	0.0173460366578436	0	0.00114396597913541	0	0.00187594611246212
"TM6SF2"	0	0.00430039241136094	0.0412555841962199	0.221425875524531	0.403176448148553	0.011254642787674	0.0122080795693007	0.0176626537938672	0.00334364587952522
"LYPD8"	0.0208332708435967	0	0	0.00971111288712553	0	0.0642428232066164	0	0.00766007524875166	0
"MTTP"	0.00787387534399707	0.0153684114920335	0.00217720220843983	0.00677713580686987	2.2350393119696	0.00658835500649683	0.000927672652612068	0.00908399063476874	0.0110945337356549
"SLC5A11"	0.0515988909787868	0.00876210914586218	0.0103919683216831	0.00252581962484755	0.00782619014216421	0.00405220847544786	0.00590875730548313	0.0203700493772323	0.00432336478697727
"DNASE1"	0.454546599036842	0.115468114380854	0.153321638648993	0.173076045971201	0.13731966656101	0.412223647652864	0.26353860226051	0.180732909109863	0.231395059885339
"CES2"	1.42563437897043	1.03171136653528	0.961568916547122	1.14343931125612	2.82705828759326	1.52893357529106	0.956498239956059	1.20641682453686	1.82769363851166
"TRPM6"	0.00270690049096973	0.00778095697934338	0.013045623141222	0.00493174496524106	0.00276692746788342	0.0243755454528236	0.0714812364172786	0.00714255123025566	0.0111991405635454
"B4GALNT2"	0	0	0	0	0	0	0.0383759024794339	0	0
"CIDEB"	0.680629221118567	0.687864035321013	0.574865339637496	0.609241690543869	2.28272092465371	0.69655170624508	0.542238049239562	1.15860318078984	0.8911209480787
"CA4"	0	1.85370844538877	0.679712398483384	3.89517368847975	0.459482014370455	0.552334584147392	0.291914198943472	0.483426302571558	0.467074344269182
"PGA4"	0	0	0	0	0	0	0	0	0
"ERICH4"	0	0	0.0102833739016036	0.00325913295698384	0	0	0.00131208644215429	0.00714322154212354	0.00132656720864769
"PGA3"	0	0	0	0	0	0	0	0	0.00179137883146821
"SOSTDC1"	0.0682295354948109	0.177279353964838	0.0145419097912294	2.51618619341608	0.0162183167528112	4.55120467270075	0.00272476676036366	0.0466169760803682	0.0416001862679708
"CYP2U1"	1.63935172379549	2.00991741194434	1.71712824045115	1.61538058699953	2.07020597472805	2.16549453965825	1.24361246699591	2.03953433357908	2.49124440521982
"MEF2C"	1.37559748182039	0.33109598271642	0.426341168158122	0.321162071451673	0.224049900362131	0.559549481628392	0.139779796489334	0.245877125192191	0.506296060620652
"ITGA8"	0.0420893280531003	0.167291491848569	0.137484155628456	0.0178247433990707	0.0142951688290988	0.206332312019042	0.0648324096012491	0.0250233229991963	0.0582417499546803
"ALDH1A1"	5.05771302252479	8.3236927665059	6.62463211825836	5.59964969387454	8.00175168285637	9.48909340222772	4.37973033409021	4.6062281566815	4.60261149302443
"NFE2L2"	6.55218897965538	7.50380141097826	6.85674600013182	5.82123375830611	7.93578585619099	7.83391059848869	6.57272065490821	6.97526121714764	7.60333774552751
"ENPP6"	0.0350533633761693	0.0239368351199497	0.0106893416109501	0.0145730882149867	0.0160353032342902	0.00802488573670152	0.00535905418188033	0.170857219214537	0.00387104166124857
"CPM"	0.922384221985759	0.385615730242031	0.657407133074379	0.672467315728674	0.288192857005805	0.102381175525966	0.403149567713479	0.146523008245657	0.421635571235606
"METTL1"	0.844374870439898	1.11741922230002	1.73874851771684	2.06623669058589	1.19409432267903	1.13832391265549	1.48959670347645	2.00261476039996	1.14155581163249
"OS9"	3.39224080502298	4.17702831809608	4.05165523340201	4.53271027217148	3.70829253468841	3.62115894614017	3.52142738364754	4.39926215836249	3.71815366769211
"MCCC1"	0.649605105277986	0.431206547324381	0.692311496130905	0.470684118706427	0.87739116577895	0.622600075252314	1.17960706005814	1.12951989796321	0.612703679987485
"TSPAN31"	6.01533218043402	6.24113826286734	6.03072115708431	6.5806058162216	7.65955897107743	6.83806643047951	5.9824970610438	7.31218412603664	6.03778900169133
"ADM2"	0.36447926716489	0.148314672324257	0.0709950699591908	0.0970225983172078	0.0550958190804847	0.0295057096887084	0.0316281459935607	0.0249580862928216	0.0769641848598225
"SEC22B"	1.1930435081293	2.2038107193383	1.64008986522056	1.32594761079091	2.01179361010216	1.45635169620805	1.76749359862585	1.80846065175548	2.22531060971245
"TMCO3"	0.578279120743725	0.746864946559412	0.759762453538105	0.397758239548537	0.856132157793893	1.04739644579417	1.57111095459342	1.11473835822728	2.03478967194548
"ING1"	0.748252306965733	0.778430786824345	0.579311879202373	0.790460263091535	0.822981607472573	0.771004867552237	0.753575462963862	0.675568884293799	0.720995212503375
"BRMS1L"	2.52965287558468	3.77412976420543	3.63827617060405	2.79477884678783	4.50771353566212	3.90537510293904	4.29469017860569	3.79884860275457	5.35524584244721
"MARCH9"	0	0	0	0	0	0	0	0	0
"RAB3IP"	0.147472617964727	0.0267678366172356	0.0321751978192816	0.00808562857985958	0.174780442245685	0.0608170892347382	0.14727763511159	0.0386814817157928	0.421474046390333
"C19orf12"	5.09055437057906	6.31421661017296	5.62651711967565	5.61845880988016	5.83974135823832	5.15410439264749	4.40373881301418	5.8661280250173	5.46471443953009
"HDAC9"	0.896429171590919	0.319538578745545	0.315864964382126	0.0755276642271757	0.261851413974494	0.207357442767139	0.577114029355835	0.774684934756829	0.521171836812439
"HIST1H3A"	0	0	0	0	0	0	0	0	0
"KATNBL1"	1.24093158123744	1.31627254752868	1.20871181937895	0.609626854151055	1.71693253520005	1.73711990863639	1.6803690019109	1.67510672585406	2.89715607450692
"GUSB"	2.06848772842126	2.73159680937449	3.18952118370245	2.51648699184042	2.30669147717564	2.27176310216418	1.59050186211172	3.22124330624305	3.7657375314774
